-0.010641,-0.007118,-0.011926,0.016911,0.018304,0.058425,0.017085,0.010997,0.014533,0.045705,-0.000902,-0.066002,-0.041724,0.019131,0.012572,-0.007430
-0.007635,-0.114478,0.013971,0.050084,-0.107392,-0.029952,-0.011094,-0.045016,0.064649,-0.038765,0.020559,-0.047179,0.047164,-0.015559,0.033739,0.024235
-0.013142,-0.074419,-0.057310,0.038560,-0.015066,-0.000977,-0.047217,0.008069,0.082213,0.026880,-0.015278,-0.013266,-0.022790,0.030091,0.015593,0.033994
0.010197,0.203083,0.002782,0.057023,-0.062792,0.198203,-0.040346,0.002250,-0.212827,0.236035,0.084338,-0.228061,-0.026659,-0.071214,0.170907,-0.085425
0.001150,-0.007779,0.076724,-0.064984,0.002131,0.072348,0.022540,-0.008632,-0.014604,-0.028924,-0.009917,-0.019557,0.014767,0.003013,0.087954,-0.064356
-0.012592,-0.034837,-0.023323,0.006245,0.010827,0.025133,0.018888,0.007037,-0.027896,0.006081,0.032727,-0.051248,-0.046137,0.004254,-0.051045,-0.004906
-0.007187,-0.013667,0.020678,0.031067,-0.014630,0.097389,0.054765,-0.016453,-0.024256,0.022232,0.013762,-0.119447,-0.025961,-0.004936,0.018415,-0.020293
-0.017135,-0.041640,-0.039174,0.069243,-0.025453,-0.016720,0.011161,0.006702,0.040773,0.074416,0.041023,-0.080139,-0.051868,-0.001508,-0.046531,0.021183
-0.008845,-0.019276,0.002447,0.018732,-0.011434,0.050453,0.018451,0.000623,-0.003482,0.036521,0.015189,-0.073980,-0.035014,-0.007201,0.016521,-0.020191
-0.011891,-0.122134,-0.083978,0.018335,0.048336,0.032439,-0.043146,0.020375,0.082957,-0.057356,-0.026332,0.031153,-0.033064,0.089223,-0.079314,0.066064
-0.012004,0.039539,0.025246,-0.002165,0.010480,0.044120,0.044898,0.003996,-0.005532,0.079232,0.007660,-0.087632,-0.034067,-0.002322,0.053517,-0.038177
-0.014071,-0.131929,-0.020757,0.018810,-0.040349,-0.081231,-0.018531,0.012349,0.074715,-0.043801,0.019889,0.024365,-0.037285,-0.029435,-0.063060,0.006353
-0.000878,-0.029657,0.034748,-0.038156,-0.030786,0.045818,-0.013780,-0.012814,-0.032280,-0.020012,0.010773,-0.022734,0.011371,-0.015615,0.069451,-0.046721
-0.012023,-0.054272,0.027091,-0.009355,0.010124,0.038793,0.064442,-0.001177,0.000577,-0.024275,0.007447,-0.055652,-0.047207,-0.011227,-0.027876,-0.032070
-0.014229,-0.014077,-0.052228,-0.038099,0.112105,0.133183,0.079459,-0.017569,-0.135815,-0.104238,0.029923,-0.075152,-0.015122,0.114227,-0.146720,0.048783
-0.018500,-0.038491,-0.011022,0.023257,0.032915,0.042522,0.096036,-0.002481,-0.039308,-0.014277,0.041331,-0.101371,-0.064687,0.010779,-0.116942,0.005076
0.002263,0.108838,-0.067819,0.026849,0.053224,0.207127,-0.080011,0.019576,-0.029962,0.153529,-0.034038,-0.099179,-0.010045,0.098602,0.147822,0.013222
-0.013960,-0.069394,0.054042,-0.031285,-0.047837,0.048238,0.077008,-0.060780,-0.014756,-0.087922,-0.042357,-0.080018,0.028172,-0.033836,0.096129,-0.036879
-0.017879,0.099431,-0.148402,0.067189,-0.024067,-0.006141,-0.105598,-0.001471,-0.076809,0.158189,0.048549,-0.099176,0.017467,0.044823,0.053346,0.076067
-0.015628,0.052594,-0.046002,-0.024994,0.108300,0.069313,-0.001859,0.059524,0.030918,0.099392,-0.048051,-0.022797,-0.093950,0.048793,0.031737,-0.023105
-0.007137,0.018598,-0.011007,-0.002490,-0.006158,0.064814,-0.012204,0.001592,-0.037788,0.051000,0.005164,-0.066828,-0.021097,-0.004378,0.065723,-0.027032
-0.001179,-0.018381,0.017978,0.021371,-0.009485,0.080178,-0.014411,0.018115,0.049747,0.066970,-0.009979,-0.051727,-0.039841,0.000159,0.069047,-0.035693
-0.011109,-0.103566,0.023808,0.008401,-0.037509,-0.051565,-0.001207,0.010671,0.105860,0.004283,0.004718,0.010175,-0.035818,-0.023155,0.003019,-0.023047
-0.008802,-0.024092,0.053190,-0.013368,-0.010914,0.069755,0.075494,-0.020845,-0.028935,-0.014925,0.006112,-0.089987,-0.020760,-0.021433,0.029015,-0.047361
-0.002182,-0.212207,0.056546,0.070242,-0.125598,0.011537,0.030480,-0.052314,0.110155,-0.110583,0.014153,-0.049835,0.024633,-0.033178,-0.013018,0.012039
-0.020813,-0.000549,0.027128,-0.013583,0.015999,-0.017247,0.069689,0.002177,0.039172,0.053277,-0.004643,-0.060247,-0.043935,-0.005555,0.024641,-0.033011
-0.001084,0.011591,0.008282,-0.007380,0.015503,0.081282,-0.023014,0.021077,0.009641,0.059825,-0.001155,-0.036399,-0.028828,0.020654,0.061909,-0.032305
-0.004828,-0.029139,-0.003529,0.019070,0.029513,0.096947,0.019361,0.018686,0.010415,0.021864,0.005212,-0.061144,-0.054730,0.025759,-0.020370,-0.012248
-0.013870,-0.027647,0.012999,0.038416,-0.010121,0.046220,0.057264,-0.006163,0.033549,0.047788,0.004715,-0.100455,-0.043533,-0.003394,0.010248,-0.012972
-0.009046,-0.032100,-0.091342,0.054063,-0.048700,-0.015171,-0.103287,-0.007074,0.015657,0.060750,0.039927,-0.027564,0.025340,0.047348,0.018250,0.064416
0.013241,-0.015290,0.124323,-0.088063,-0.000550,0.104323,0.051380,-0.003514,-0.116083,-0.093423,0.057968,-0.024291,0.004062,-0.034009,-0.004382,-0.105161
-0.018390,-0.125518,0.025497,-0.007781,-0.011760,-0.044193,0.075857,-0.023017,0.046151,-0.091078,0.021322,-0.019038,-0.013379,0.007204,-0.086871,0.008572
-0.017783,-0.081334,0.049974,0.096354,0.050949,0.145270,0.209710,-0.005517,0.067807,0.007195,0.010349,-0.192395,-0.116529,0.028753,-0.147059,0.003151
-0.011613,-0.065564,-0.023773,0.007559,0.015874,0.030314,0.012454,0.012026,0.002953,-0.001319,0.024933,-0.032799,-0.056647,0.014052,-0.061418,-0.003453
-0.004786,-0.136327,-0.029164,0.000134,0.054500,0.087533,0.015831,0.033295,-0.001765,-0.075324,0.026576,0.001447,-0.100082,0.027635,-0.157130,-0.007275
-0.002555,-0.122313,0.028056,0.014721,0.015084,0.134870,0.073692,-0.017651,-0.004140,-0.093952,0.012847,-0.071760,-0.039201,0.031773,-0.085889,-0.005852
-0.008866,-0.061561,-0.024434,0.059215,-0.073139,-0.029171,-0.052723,0.008958,0.070173,0.070261,0.019605,-0.036716,-0.028904,-0.036250,0.041403,-0.002810
-0.000552,-0.050507,0.037670,-0.028551,0.051231,0.106210,0.026838,0.036183,0.025601,-0.001830,-0.010722,-0.014202,-0.080580,0.010003,-0.011585,-0.061021
-0.009430,-0.048552,0.011162,-0.009408,-0.010746,0.025462,0.019852,-0.004656,-0.003741,-0.017940,0.009265,-0.038788,-0.021771,-0.009316,0.005032,-0.022338
-0.013186,-0.033050,-0.037159,0.021878,0.032491,0.017247,-0.000874,0.031187,0.037127,0.051423,0.017898,-0.030621,-0.067839,0.027979,-0.050730,0.005751
-0.007781,0.016167,-0.010560,-0.007987,0.014845,0.023062,-0.031651,0.035349,0.020432,0.090623,0.004084,-0.020834,-0.054135,-0.002468,0.050378,-0.038026
-0.007814,-0.105581,0.089445,0.067369,-0.087747,0.009334,0.045886,-0.016354,0.208474,0.057612,-0.046005,-0.069989,-0.018144,-0.036363,0.123491,-0.036175
0.007991,0.078530,-0.015196,0.012407,-0.011121,0.190783,-0.093414,0.002598,0.003241,0.115535,-0.072924,-0.081649,0.022869,0.034791,0.254438,-0.028329
-0.010252,-0.060914,-0.063523,0.010455,-0.017159,-0.012291,-0.076939,0.013553,0.039309,0.009534,-0.009324,0.013445,-0.014198,0.013460,0.026432,0.019396
-0.017384,-0.048825,0.077581,0.024703,-0.088575,-0.083655,0.045547,0.003365,0.130046,0.090189,-0.019332,-0.054862,-0.053140,-0.113107,0.118949,-0.082793
-0.013304,-0.012049,-0.058874,-0.017850,0.001571,-0.075013,-0.091394,0.038645,0.043943,0.066635,0.009405,0.048088,-0.027855,0.008811,0.031448,0.000590
-0.013337,-0.006609,0.138751,-0.036845,-0.029849,0.011368,0.105277,-0.011066,0.123929,0.039395,-0.086263,-0.064608,-0.021656,-0.070552,0.197362,-0.108681
-0.011908,-0.003395,-0.006900,-0.105519,0.092213,-0.051149,-0.044452,0.063745,0.055721,0.017035,-0.023675,0.110422,-0.050984,0.043476,0.011859,-0.041465
-0.005957,-0.034072,0.073889,-0.015189,-0.033430,0.020737,0.029896,0.003511,0.066944,0.030555,-0.026627,-0.037725,-0.029074,-0.049352,0.104311,-0.075222
-0.015265,-0.011254,-0.037975,-0.103374,0.134897,-0.011157,-0.021216,0.058094,0.029058,-0.013883,-0.023998,0.094650,-0.057027,0.090709,-0.050479,-0.008841
-0.029971,-0.157647,-0.144141,0.111616,0.034974,-0.066294,-0.005408,0.037010,0.126661,0.027858,0.038630,-0.018592,-0.114149,0.067846,-0.232284,0.109324
-0.009166,0.074260,-0.076064,0.005076,0.045501,0.048198,-0.076458,0.044419,-0.016451,0.143393,0.009190,-0.033668,-0.048719,0.044964,0.052327,-0.000119
-0.005571,-0.014219,0.042402,-0.022938,-0.017684,0.060493,0.022512,-0.001811,-0.013353,0.022468,-0.005392,-0.056367,-0.031696,-0.036363,0.077655,-0.066304
0.006796,0.020485,0.001814,-0.001967,-0.024263,0.173419,-0.028706,-0.025636,-0.106308,0.006122,0.010164,-0.099565,0.023814,0.014103,0.098773,-0.025807
-0.008990,0.044337,0.010170,0.014764,0.004419,0.067864,0.027556,0.013901,-0.026846,0.095666,0.015481,-0.100612,-0.053434,-0.019571,0.048434,-0.044405
-0.005730,-0.037507,0.016371,0.032674,0.007175,0.116295,0.060245,-0.011121,-0.017155,0.011529,0.027239,-0.109693,-0.039126,0.024490,-0.033118,-0.009316
-0.000062,0.122783,-0.076838,0.011931,0.026011,0.200321,-0.031705,-0.005250,-0.245014,0.103119,0.075030,-0.163753,-0.028948,0.026142,0.019254,-0.014947
-0.005908,0.032848,-0.029421,0.001126,0.022380,0.041906,-0.029861,0.027950,-0.035622,0.069932,0.034496,-0.041544,-0.036662,0.018558,0.001781,-0.012154
-0.003263,0.055276,-0.024410,0.010643,-0.009166,0.096702,-0.037136,-0.002468,-0.057012,0.085682,0.013489,-0.086987,-0.000751,0.018845,0.094375,-0.012725
-0.008135,0.003791,0.052061,0.000904,0.027457,0.045709,0.034874,0.029522,0.110704,0.090919,-0.032836,-0.040785,-0.053351,0.015345,0.076908,-0.046590
-0.013930,0.031043,0.043153,0.029163,-0.079974,0.019006,0.051593,-0.030836,-0.036452,0.111409,0.035466,-0.146044,-0.021923,-0.075713,0.106982,-0.061883
-0.001647,-0.128831,-0.085250,0.110797,-0.080661,0.090630,-0.059844,-0.044581,-0.009897,-0.034502,0.055909,-0.092690,0.029667,0.054530,-0.058794,0.093184
-0.007679,-0.055793,0.020777,-0.033667,-0.000972,0.023537,-0.011856,-0.002530,0.076331,-0.032064,-0.058094,0.011902,0.010315,0.018549,0.095817,-0.017970
-0.008893,-0.181743,0.154366,-0.084870,0.041924,0.135274,0.196535,-0.057312,0.094285,-0.247437,-0.114127,-0.029960,0.006107,0.028195,0.023102,-0.056280
-0.004153,-0.005508,-0.038166,0.047810,-0.044386,0.038805,-0.055657,0.001459,-0.008461,0.071458,0.033730,-0.066517,-0.006450,0.002461,0.041169,0.009325
0.002216,-0.006369,-0.112034,0.101899,-0.007224,0.204052,-0.036199,-0.009822,-0.172542,0.038654,0.098536,-0.168080,-0.041700,0.045857,-0.109434,0.054453
-0.006010,-0.029596,0.020904,0.001406,-0.019679,0.046088,0.006858,-0.001145,0.015319,0.021850,0.000412,-0.049972,-0.021010,-0.011046,0.050797,-0.032260
-0.025056,-0.021577,-0.014783,0.055177,-0.004541,-0.052064,0.071465,0.014147,0.043022,0.073031,0.034316,-0.092869,-0.077269,-0.028189,-0.067230,0.000532
-0.010592,-0.004027,-0.018956,0.020178,-0.005594,0.035246,-0.003732,0.009033,0.000962,0.060613,0.013632,-0.063719,-0.037571,-0.000365,0.024186,-0.011679
0.007540,0.039854,0.037504,0.086362,-0.057006,0.201296,-0.003571,-0.001305,0.016515,0.152177,-0.017662,-0.174032,-0.039639,-0.033048,0.171672,-0.058902
-0.008348,0.062185,-0.025522,-0.019423,0.067329,0.057502,-0.021806,0.060019,-0.011677,0.116554,0.002942,-0.028336,-0.088624,0.011575,0.026211,-0.045972
0.005399,0.095853,-0.037517,0.019670,-0.067712,0.056277,-0.159296,0.022175,-0.017068,0.196090,0.006853,-0.044226,0.010388,-0.022587,0.230260,-0.042440
-0.003995,-0.053187,0.050677,-0.008832,-0.005863,0.024639,0.023570,0.014642,0.050218,0.010175,0.012885,-0.020022,-0.038419,-0.009770,0.006809,-0.045501
-0.008750,-0.032874,-0.088356,0.117781,-0.059450,0.097957,-0.003347,-0.028200,-0.106098,0.033254,0.081879,-0.172196,-0.025612,-0.004420,-0.079879,0.054328
-0.009504,-0.007027,0.006073,-0.046283,0.052951,0.048674,0.014191,0.018957,0.004050,0.004728,-0.014476,-0.008942,-0.035630,0.033122,0.017248,-0.028500
-0.015654,-0.050237,-0.030058,0.065356,-0.057619,-0.028195,-0.007570,0.004054,0.042103,0.077121,0.031661,-0.073173,-0.050618,-0.039899,0.000954,-0.001230
-0.008138,-0.186306,-0.001228,0.083276,-0.106685,-0.045379,-0.022093,-0.005674,0.129095,-0.023946,0.019450,-0.019348,-0.036888,-0.055059,-0.031128,0.006651
-0.003174,0.069054,-0.063743,0.013189,0.027457,0.100351,-0.068244,0.014774,-0.051869,0.106029,0.019904,-0.065109,-0.005779,0.066494,0.058919,0.016343
-0.013685,-0.054309,-0.058243,0.030785,0.034966,0.006404,-0.014090,0.027071,0.047827,0.027230,0.021693,-0.016999,-0.052172,0.054057,-0.081231,0.036763
-0.013502,-0.045615,-0.046918,0.005884,-0.003759,0.007585,-0.026316,-0.005368,0.014235,-0.000438,-0.000233,-0.022983,-0.003740,0.032606,0.009372,0.025734
-0.002439,-0.015306,-0.009868,0.032555,-0.036853,0.050462,-0.032697,0.017876,-0.018734,0.073714,0.037932,-0.063780,-0.051658,-0.037294,0.025932,-0.037257
-0.014234,-0.132052,0.081771,0.028495,-0.008655,0.006301,0.110272,0.011935,0.161845,-0.023535,-0.039792,-0.045000,-0.084148,-0.041328,-0.020481,-0.049626
-0.004320,-0.213183,0.030851,-0.056239,-0.041846,0.019826,0.032622,-0.073407,-0.021816,-0.269100,0.009107,0.028562,0.078238,0.037012,-0.077881,0.026572
-0.001127,0.076084,0.111224,0.050849,0.038766,0.286443,0.187428,-0.013435,-0.050824,0.112149,-0.005399,-0.263731,-0.090620,-0.007384,0.064116,-0.090839
-0.002059,-0.081773,-0.022808,0.053866,-0.033005,0.136537,0.038268,-0.043420,-0.098026,-0.086800,0.049855,-0.127792,0.004603,0.017224,-0.080263,0.031444
-0.007742,-0.116985,-0.065757,0.021815,0.045800,0.030001,-0.053545,0.034984,0.106468,-0.023770,-0.013451,0.042118,-0.045477,0.085655,-0.075851,0.050755
-0.011693,-0.149063,0.012152,-0.004757,-0.000762,-0.011542,0.057344,-0.006895,0.014619,-0.124229,0.038763,-0.004351,-0.034388,0.003328,-0.143136,0.006574
-0.036477,-0.219826,-0.201389,0.143356,0.058589,-0.034718,0.072006,-0.016446,0.004055,-0.143827,0.099068,-0.080832,-0.069010,0.134924,-0.451966,0.213607
0.007591,0.045560,0.082962,0.004014,-0.106123,0.069317,-0.058890,-0.004440,0.035751,0.143142,-0.021118,-0.072119,0.010588,-0.083106,0.277712,-0.107879
0.007872,0.009686,0.146815,-0.137379,0.040121,0.203911,0.111140,-0.057855,-0.113410,-0.161279,-0.048424,-0.060697,0.072799,0.033704,0.127680,-0.089131
0.001769,-0.025103,0.052958,0.041476,-0.052825,0.154884,0.070422,-0.040363,-0.083779,-0.008169,0.043901,-0.161938,-0.008087,-0.028347,0.018829,-0.037102
-0.010059,0.139291,-0.213713,-0.051888,0.084024,0.020523,-0.228819,0.057009,-0.135536,0.127246,0.010503,0.053007,0.003865,0.104636,0.072882,0.059055
-0.006873,0.121307,-0.029758,-0.037872,0.036336,0.089292,-0.042308,0.017964,-0.086540,0.123325,-0.002786,-0.066378,-0.017605,0.021279,0.130468,-0.039708
-0.018296,-0.078575,0.143000,0.036643,-0.005815,0.045874,0.239660,-0.011040,0.061044,-0.005549,0.022362,-0.160185,-0.110675,-0.077213,-0.083077,-0.085820
-0.006134,0.047545,-0.049857,0.032940,-0.050364,0.041590,-0.081620,0.003503,-0.035182,0.134382,0.020867,-0.077156,-0.010941,-0.017174,0.121159,-0.015230
-0.003679,-0.096882,-0.003216,-0.050857,-0.074309,-0.064455,-0.091016,-0.005357,-0.008142,-0.045476,0.027377,0.063840,0.015245,-0.046753,0.052173,-0.038718
-0.007123,-0.056942,-0.081038,0.092171,-0.152176,-0.098178,-0.133734,0.003618,-0.018052,0.096891,0.096596,-0.040872,-0.014264,-0.094630,0.015526,0.010041
-0.012232,0.012423,-0.068613,0.015218,0.039022,0.061431,-0.005604,0.014101,-0.074468,0.039332,0.042245,-0.070736,-0.047040,0.037615,-0.061998,0.018435
-0.012020,-0.009346,0.033488,0.093579,-0.049169,0.128673,0.104227,-0.029004,0.004767,0.083706,0.000420,-0.209587,-0.057375,-0.045405,0.053452,-0.030912
-0.020363,0.076094,-0.005512,-0.109212,0.049172,-0.103736,-0.041563,0.054970,-0.001573,0.112888,-0.005097,0.062084,-0.059278,-0.027747,0.094302,-0.082044
-0.009297,-0.078437,-0.015355,0.005139,-0.015532,-0.007140,-0.023668,0.011058,0.045509,-0.005362,0.007577,0.000421,-0.030227,0.000161,-0.007931,-0.004674
0.001558,-0.051249,0.022976,-0.050088,-0.033865,0.019610,-0.054116,-0.002180,-0.013828,-0.041085,0.006054,0.026301,0.018915,-0.013327,0.069819,-0.041066
-0.013034,-0.025325,-0.037833,0.012362,-0.002788,-0.015600,-0.027762,0.011960,0.025964,0.040486,0.017314,-0.020729,-0.022138,0.019632,-0.000516,0.012949
-0.018184,-0.007504,-0.012335,0.000301,0.020391,0.047367,0.033175,0.004882,0.038520,0.034678,-0.059242,-0.065984,-0.046509,-0.004929,0.077776,-0.021746
-0.015296,0.083268,0.019313,-0.030628,0.053181,0.130090,0.104755,-0.014693,-0.120483,0.039939,-0.003552,-0.149328,-0.042346,0.000708,0.043544,-0.050777
-0.007435,-0.106765,0.052720,-0.048059,-0.032140,-0.117656,-0.052072,0.044303,0.167081,0.010413,-0.023491,0.110722,-0.041119,-0.047041,0.063244,-0.067371
-0.004849,-0.030750,0.032521,-0.055910,0.036266,-0.004170,-0.024268,0.051609,0.076031,0.029390,-0.023717,0.053734,-0.060444,-0.006146,0.043492,-0.066524
0.006923,-0.029571,0.083848,-0.042121,0.070789,0.232029,0.124247,-0.029749,-0.100364,-0.123586,0.019822,-0.104665,0.003938,0.077782,-0.065140,-0.026737
-0.012234,-0.030010,0.007115,0.034475,-0.012427,0.042679,0.037454,-0.003743,0.038502,0.041508,-0.001173,-0.084570,-0.034978,-0.000364,0.021744,-0.009546
-0.007767,-0.023700,-0.003430,0.095448,-0.086956,0.033310,-0.025151,0.012978,0.074038,0.155706,0.007914,-0.110898,-0.069873,-0.073228,0.100803,-0.039831
-0.012355,-0.095250,-0.039265,0.060706,-0.057324,0.024034,0.000367,-0.026628,0.012254,-0.026477,0.015226,-0.077069,-0.007487,-0.007329,-0.018324,0.032670
0.002486,0.012478,-0.074326,-0.092684,0.086624,0.085418,-0.113343,0.033707,-0.100164,-0.031267,0.017063,0.070797,0.002301,0.098812,-0.008577,0.006170
-0.011775,-0.028155,-0.093026,0.030300,0.043489,0.050846,-0.048456,0.027274,0.010058,0.041982,0.009023,-0.026501,-0.048388,0.066387,-0.047362,0.044247
-0.003008,0.059277,-0.071579,-0.035706,0.055323,0.095263,-0.086918,0.011732,-0.065376,0.059610,0.008656,-0.013602,0.016640,0.101548,0.058398,0.023306
-0.005526,-0.023452,0.065801,-0.007480,-0.050265,0.063742,0.075996,-0.033432,-0.080448,-0.031080,0.036777,-0.110563,-0.008202,-0.061226,0.025238,-0.060548
-0.018177,-0.109522,-0.120070,0.012972,0.074968,-0.044224,-0.040289,0.049303,0.022599,-0.047920,0.046421,0.052305,-0.076831,0.075926,-0.217282,0.073191
-0.047645,-0.065163,-0.138919,0.020858,0.156758,-0.082636,0.107261,0.050405,0.035561,-0.013736,0.016286,-0.025089,-0.147078,0.085706,-0.291483,0.090108
-0.008814,-0.100222,-0.131088,0.145032,-0.067672,0.054822,-0.089402,-0.017733,0.062216,0.025370,0.008082,-0.088135,0.009477,0.053415,-0.019609,0.116290
-0.004183,0.029011,0.016805,0.000369,-0.023224,0.117574,0.036595,-0.031104,-0.112117,0.011187,0.026008,-0.128600,0.003795,-0.014358,0.056527,-0.032811
0.006063,0.077750,0.087748,0.013747,-0.006670,0.172559,0.037909,0.015406,-0.009530,0.154607,0.005668,-0.135670,-0.056467,-0.025865,0.145368,-0.102431
-0.009104,0.038194,-0.066105,0.027576,0.006230,0.029802,-0.064778,0.030658,-0.015948,0.119839,0.026818,-0.048981,-0.044001,0.015987,0.031651,0.001901
-0.009872,0.078615,0.014884,-0.043874,0.022323,-0.027880,-0.016430,0.048507,-0.030770,0.129909,0.041886,-0.016269,-0.064825,-0.034476,0.045544,-0.076485
-0.031890,-0.140129,-0.059639,0.061757,0.020951,-0.025449,0.126836,0.009684,-0.027359,-0.069198,0.052790,-0.097501,-0.141592,-0.050245,-0.250656,0.018083
-0.020453,-0.016130,-0.082949,0.002722,0.089959,-0.014063,-0.014585,0.066077,0.036187,0.075410,0.014595,0.007119,-0.114619,0.044353,-0.102250,0.011372
0.001025,-0.089969,0.062778,-0.144312,0.055504,0.139852,0.062583,-0.049087,-0.116994,-0.252041,-0.036480,0.018864,0.056276,0.054040,0.003083,-0.037876
0.006134,0.021396,-0.039649,-0.056077,0.010664,0.043236,-0.150969,0.045694,-0.021027,0.064137,0.002096,0.063923,-0.009943,0.020924,0.108022,-0.039432
0.000857,-0.014882,-0.038011,0.024178,-0.062771,0.069441,-0.079694,-0.012104,-0.056388,0.025633,0.020642,-0.057778,0.015098,-0.016589,0.082517,-0.005652
-0.003037,0.050501,-0.036450,0.051720,0.012774,0.123385,-0.002708,0.020984,-0.082165,0.109778,0.055119,-0.128553,-0.065079,0.005170,-0.017092,-0.016085
-0.010380,-0.073943,0.067725,0.003424,0.017018,0.112407,0.154675,-0.014843,-0.055725,-0.071168,0.028831,-0.124778,-0.079460,-0.036349,-0.095490,-0.055037
-0.016672,-0.147158,-0.018727,0.000896,-0.020837,-0.037169,0.022241,-0.018279,0.044361,-0.113486,0.000971,0.004691,-0.008342,0.005945,-0.072189,0.027708
0.011053,0.035574,0.037044,-0.012253,-0.020693,0.105493,-0.057822,0.031691,-0.035211,0.077229,0.019423,-0.037891,-0.029712,-0.033653,0.105673,-0.079710
-0.012251,-0.039133,-0.118683,0.103450,-0.123391,-0.031274,-0.131241,-0.028705,0.021719,0.072891,0.009183,-0.071228,0.043835,-0.014801,0.102470,0.072250
-0.012978,-0.102930,0.020853,-0.013066,0.031389,0.023952,0.032655,0.010856,0.134024,-0.033610,-0.060135,0.010501,-0.038391,0.037613,0.016446,-0.007817
0.004197,0.007605,0.089198,0.025411,-0.038490,0.139854,0.049453,-0.003693,0.007600,0.081191,0.004308,-0.125909,-0.040708,-0.043415,0.107978,-0.086628
-0.007576,0.030135,0.040804,-0.041913,0.031321,0.064419,0.073156,-0.006078,-0.106077,0.002308,0.060551,-0.081258,-0.025071,0.007293,-0.039654,-0.045707
-0.014445,-0.019626,-0.049860,0.033021,0.007028,0.003632,-0.014023,0.016937,0.017297,0.063512,0.027274,-0.048126,-0.045919,0.021440,-0.029924,0.016616
-0.007506,-0.041345,-0.047307,0.021705,-0.042060,-0.018323,-0.073794,0.016436,0.006283,0.044531,0.028797,-0.010539,-0.026757,-0.021646,0.019226,-0.004086
-0.008394,0.102681,0.050038,-0.028609,0.010364,0.075965,0.070757,-0.005429,-0.119452,0.088090,0.050101,-0.129663,-0.028921,-0.027517,0.052631,-0.073103
-0.003686,0.002054,-0.036897,0.136267,-0.073692,0.162906,0.009817,-0.040567,-0.021622,0.091268,0.018275,-0.211949,0.001541,0.009767,0.065676,0.038598
-0.006770,0.042960,0.088904,-0.015296,0.003068,0.013564,0.065235,0.040932,0.026016,0.091293,0.005402,-0.064910,-0.081206,-0.080315,0.059699,-0.108948
-0.019756,-0.006807,0.007265,0.082987,-0.030960,0.094107,0.147021,-0.044448,-0.094314,0.034260,0.063123,-0.230142,-0.055338,-0.035703,-0.073170,-0.004175
-0.005855,-0.057301,-0.027837,-0.024408,-0.024286,-0.000027,-0.075412,-0.001582,0.029800,-0.017131,-0.016696,0.028768,0.019632,0.019311,0.072437,0.002417
-0.017294,-0.077062,0.048082,0.003778,-0.035290,-0.069307,0.057587,0.001825,0.085032,-0.001363,0.004669,-0.025865,-0.039411,-0.048987,-0.001572,-0.036115
0.001904,0.169352,-0.074406,0.050468,0.114803,0.284446,0.007031,0.040421,-0.159317,0.164611,0.033038,-0.191387,-0.080469,0.090416,-0.004354,0.003582
-0.005276,-0.102684,0.032692,-0.040287,-0.034719,-0.017117,-0.001426,-0.029769,0.024928,-0.116159,0.000351,0.022838,0.051565,0.015615,0.012526,0.001275
-0.011637,0.178568,0.002040,-0.018559,0.066974,0.102137,0.035667,0.018593,-0.088531,0.195822,0.032194,-0.133168,-0.040395,0.044411,0.087995,-0.043027
0.008367,0.036381,0.080225,-0.126205,0.078861,0.185034,0.024824,-0.001661,-0.077010,-0.064467,-0.047035,-0.008206,0.018618,0.054945,0.115724,-0.082035
-0.025608,-0.122734,-0.087844,0.013444,-0.001439,-0.150493,-0.045205,0.031184,0.090212,-0.025022,0.017692,0.063795,-0.052013,0.003831,-0.110434,0.047009
-0.008709,0.031789,0.000006,-0.010924,0.007832,0.095444,0.046321,-0.028877,-0.116326,0.004477,0.041695,-0.113656,0.004811,0.023159,0.003893,-0.008928
-0.008271,0.091173,-0.031099,-0.134088,0.174294,0.096483,-0.020548,0.046175,-0.052551,0.007350,-0.041354,0.051923,-0.016897,0.138021,0.030233,-0.012818
-0.000920,-0.035749,-0.040658,0.031031,-0.105876,-0.062393,-0.157271,0.029528,0.048364,0.119815,0.032350,0.024012,-0.020946,-0.068881,0.117968,-0.034909
-0.016445,-0.007098,-0.019617,0.061073,0.078391,0.169426,0.126467,0.012914,-0.027221,0.050633,0.007702,-0.170589,-0.119453,0.035872,-0.098418,-0.001625
0.001940,0.100650,-0.000075,-0.025635,0.056825,0.160322,-0.006327,0.022763,-0.101668,0.089470,0.017710,-0.088508,-0.034100,0.036102,0.062932,-0.046152
-0.010704,-0.091208,0.027078,-0.015320,-0.018111,-0.006357,0.026512,0.002914,0.038307,-0.039902,-0.002763,-0.009961,-0.039437,-0.032835,-0.005304,-0.037807
0.000723,0.020567,-0.020183,-0.058038,0.007749,0.047937,-0.099489,0.033341,-0.028991,0.046229,-0.016100,0.031100,-0.019981,-0.006796,0.118906,-0.054661
-0.000360,-0.015721,0.005349,0.027287,-0.018007,0.093338,-0.016833,0.011486,0.001587,0.065170,0.016216,-0.070234,-0.041619,-0.005784,0.044767,-0.033309
-0.021407,0.087476,-0.010145,-0.005735,0.086136,0.047770,0.054132,0.041102,0.040731,0.149447,-0.033505,-0.080897,-0.087537,0.032737,0.055283,-0.031539
-0.007021,0.120621,0.040194,-0.021383,0.047997,0.150504,0.080783,-0.021957,-0.105554,0.103806,0.036969,-0.155516,-0.001990,0.060683,0.063151,-0.033950
-0.011327,0.041274,0.038834,0.009746,0.027992,-0.018866,0.006826,0.053445,0.149684,0.151381,-0.031999,-0.019889,-0.059914,0.007109,0.093477,-0.043625
-0.013430,0.098356,-0.041254,0.000678,0.015003,0.093092,0.014480,-0.007030,-0.143894,0.113429,0.047607,-0.137013,-0.036233,0.003372,0.043324,-0.023948
-0.008911,-0.000497,-0.033486,0.012245,0.016506,0.060842,-0.005232,0.009620,-0.033153,0.037894,0.021890,-0.062682,-0.035181,0.021679,-0.009209,-0.000546
-0.012450,0.020022,0.019529,-0.010061,-0.040657,0.052391,0.065505,-0.038625,-0.143214,0.000850,0.053135,-0.132717,-0.009420,-0.055460,0.019498,-0.045430
0.008952,-0.088895,-0.051340,0.016275,0.017552,0.091440,-0.137444,0.066023,0.091580,0.043178,-0.019714,0.061520,-0.070556,0.035277,0.024823,-0.013924
-0.002270,-0.103445,-0.068528,-0.006728,-0.030541,-0.028846,-0.155083,0.022872,0.098062,-0.002160,-0.023579,0.093128,0.010692,0.037914,0.064173,0.025311
-0.012957,-0.026685,0.011120,0.037257,-0.003057,0.032034,0.072387,0.000570,-0.025951,0.037229,0.064876,-0.105426,-0.061014,-0.010366,-0.083078,-0.014529
-0.008952,0.039444,0.044354,0.065469,-0.071677,-0.028318,0.005601,0.042074,0.055761,0.218406,0.051701,-0.102741,-0.103062,-0.112505,0.079167,-0.093225
0.011560,0.003396,0.050050,-0.061546,-0.045166,0.041188,-0.101792,0.015243,-0.004600,0.038051,0.007844,0.037998,0.023950,-0.021392,0.158734,-0.079124
-0.014116,-0.002594,-0.059919,0.050318,0.043904,0.075069,-0.011775,0.039843,0.058049,0.128764,-0.013463,-0.070125,-0.097434,0.035297,0.005935,0.001467
0.002956,0.146772,0.067439,-0.128617,0.021080,0.029764,-0.077480,0.050921,-0.036223,0.144671,-0.037335,0.032159,-0.019250,-0.051828,0.264666,-0.150430
-0.004662,0.005492,-0.044154,0.012126,-0.025442,0.017655,-0.083298,0.016548,-0.003124,0.077017,0.018046,-0.021062,-0.011491,0.004205,0.066383,-0.005466
0.002284,0.065381,0.073647,0.056178,-0.115989,0.100298,0.002723,0.000723,-0.034797,0.195191,0.023559,-0.170734,-0.063406,-0.145280,0.207131,-0.131483
-0.016279,0.038703,-0.067404,0.038887,-0.000090,0.015699,-0.013573,0.014443,-0.059119,0.106858,0.051789,-0.093302,-0.053484,-0.002618,-0.017460,0.006836
-0.006034,-0.076991,0.012637,-0.011927,-0.012246,0.062255,0.032590,-0.022730,-0.044451,-0.072640,0.026499,-0.049296,-0.006559,0.006082,-0.035226,-0.010609
-0.014486,0.000058,0.007136,0.004904,-0.010019,-0.007430,0.032178,-0.010429,0.002719,0.030515,0.023583,-0.064301,-0.002278,0.009778,0.012385,-0.001167
0.001925,0.159306,0.027944,-0.152664,0.000430,0.075141,-0.066431,0.000683,-0.231406,0.043046,0.001907,-0.019774,0.027071,-0.067417,0.228789,-0.131970
-0.010655,0.059521,0.004031,0.003929,0.020029,0.074268,0.038161,0.002055,-0.053425,0.090528,0.029285,-0.108378,-0.035364,0.012859,0.030766,-0.027884
-0.026010,-0.090788,-0.028400,0.040106,0.035401,-0.006018,0.114448,0.013032,-0.003439,-0.038153,0.036675,-0.085169,-0.109570,-0.018709,-0.182083,0.009464
-0.015993,-0.085123,-0.036016,0.028801,0.054390,0.082055,0.050075,0.028629,0.043129,-0.006641,-0.025850,-0.055536,-0.110376,0.013079,-0.074186,-0.004328
-0.003944,0.105719,-0.108697,0.092225,-0.031929,0.156898,-0.071986,0.011063,-0.148447,0.175549,0.043056,-0.183117,-0.055640,-0.027824,0.077272,-0.002112
-0.012869,0.121662,-0.126590,0.010958,0.121683,0.174974,-0.006590,0.024028,-0.165950,0.094448,0.031090,-0.127363,-0.057359,0.107489,-0.054502,0.043558
-0.026789,0.072267,-0.129378,0.043493,-0.027413,-0.057796,-0.049999,0.010449,-0.119403,0.145151,0.070601,-0.102453,-0.055667,-0.042494,-0.008127,0.016255
-0.021004,-0.028174,-0.059510,0.045720,0.048006,0.064314,0.060039,0.003795,-0.010296,0.028651,0.014543,-0.104764,-0.070091,0.045022,-0.089139,0.034243
0.001573,-0.062457,0.115045,0.045705,-0.023347,0.075843,0.026978,0.038319,0.261982,0.122225,-0.085518,-0.036373,-0.071113,-0.019550,0.167157,-0.082079
0.002208,-0.142490,0.098109,-0.007083,-0.056353,0.125654,0.114175,-0.067022,-0.069738,-0.163907,0.046253,-0.101174,0.016242,-0.021508,-0.058925,-0.038292
0.000143,0.027645,-0.027626,0.008891,-0.022467,0.076708,-0.068680,0.022716,-0.056767,0.095650,0.029632,-0.054154,-0.041972,-0.024824,0.073288,-0.043345
-0.014702,-0.048825,-0.017976,0.004078,0.033328,0.035819,0.045130,0.005492,-0.004289,-0.015700,0.016241,-0.051007,-0.048771,0.025847,-0.069952,0.004787
-0.007892,-0.035524,-0.054284,0.044005,0.004374,0.043666,-0.040685,0.021733,0.034857,0.049430,0.008640,-0.039370,-0.040617,0.030225,-0.010481,0.022007
-0.004316,0.061190,0.069042,-0.039555,0.002458,-0.052243,-0.017307,0.098602,0.021333,0.202685,0.054205,0.006584,-0.156830,-0.128363,0.051968,-0.166505
-0.009552,-0.123202,-0.116227,-0.033628,0.037306,-0.146868,-0.204998,0.103022,0.173283,0.027789,-0.019977,0.216826,-0.073156,0.038441,-0.035725,0.022672
-0.013058,-0.058597,-0.019466,0.037837,-0.012045,0.006973,0.001408,0.020068,0.059526,0.048626,0.003491,-0.044004,-0.066532,-0.016336,-0.007963,-0.011511
-0.013016,-0.026485,0.053632,0.033164,-0.052146,0.016943,0.069643,-0.023677,0.043281,0.040234,0.004858,-0.106593,-0.014369,-0.035633,0.060425,-0.030500
-0.010660,-0.059964,0.006733,0.025340,-0.015895,0.024686,0.020052,0.000283,0.055635,0.016205,-0.001485,-0.050424,-0.032132,0.000934,0.009588,-0.007745
-0.016995,0.078051,0.043928,-0.052187,-0.000759,-0.069414,0.048479,0.034609,-0.085588,0.109833,0.070423,-0.053483,-0.084590,-0.100459,0.009307,-0.109855
-0.013128,-0.093398,-0.038350,0.063783,-0.023363,0.009452,-0.015365,0.013852,0.102425,0.033410,-0.012025,-0.038436,-0.053591,0.003765,-0.007475,0.020279
-0.011659,0.011946,-0.015527,0.020025,0.037216,0.088634,0.041531,0.012959,-0.016977,0.048069,0.001657,-0.094252,-0.057793,0.018994,-0.007253,-0.010687
-0.005857,-0.060216,0.062943,-0.006589,0.015566,0.123998,0.100484,-0.026969,0.001412,-0.052324,-0.008852,-0.093722,-0.018884,0.024215,-0.003471,-0.029024
0.004159,0.141731,-0.014705,0.094663,-0.100599,0.145902,-0.023219,-0.032055,-0.181924,0.164319,0.090263,-0.237331,0.020839,-0.056128,0.121449,-0.023047
-0.021040,-0.278253,-0.033022,0.081003,-0.058419,-0.108080,0.016501,-0.009933,0.212542,-0.122024,-0.003865,0.034788,-0.034832,0.012850,-0.149824,0.076632
-0.009751,0.023222,-0.058684,-0.001670,0.033809,0.048134,-0.039645,0.024525,-0.039067,0.067598,0.021899,-0.037403,-0.041668,0.034170,0.001263,0.001480
-0.012696,-0.050621,-0.039833,-0.038374,0.093769,0.017307,0.001533,0.046187,0.015463,-0.013957,0.017375,0.034338,-0.075106,0.066805,-0.112949,0.004715
-0.003007,-0.318992,-0.018300,0.055902,-0.175889,-0.198012,-0.226963,0.071608,0.389411,0.030695,-0.093253,0.210560,-0.092987,-0.148005,0.152460,-0.060356
0.002600,-0.000073,0.092889,-0.043034,-0.056921,0.089511,0.050655,-0.015175,-0.123326,-0.011573,0.036080,-0.093841,-0.032942,-0.113478,0.076092,-0.127177
0.003647,0.227079,-0.045195,-0.041763,0.104978,0.165719,-0.063941,0.057288,-0.172302,0.216589,0.063443,-0.087728,-0.047278,0.075229,0.070483,-0.045937
-0.011836,0.049369,-0.123767,0.077530,0.006362,0.045817,-0.081032,0.031413,-0.041010,0.155005,0.052086,-0.088839,-0.055509,0.035574,-0.015185,0.044266
-0.009116,-0.048229,0.005890,0.041293,-0.035476,0.024308,0.008365,0.002898,0.053396,0.037837,0.001295,-0.063683,-0.034020,-0.020297,0.030858,-0.013484
-0.014468,0.082691,0.024299,0.121212,-0.109160,-0.019190,-0.008675,0.018323,0.116267,0.317166,0.013842,-0.166851,-0.072562,-0.097138,0.198043,-0.064176
-0.023953,-0.115817,-0.067491,-0.032492,0.113398,-0.052977,0.003996,0.046808,0.133576,-0.056608,-0.036559,0.087734,-0.067117,0.106852,-0.132556,0.054525
-0.010215,-0.097881,0.016296,0.012672,-0.032816,-0.019748,0.015063,0.011852,0.048302,-0.013906,0.017575,-0.017026,-0.055163,-0.044519,-0.029128,-0.032122
0.001882,-0.143207,0.052022,0.073401,-0.183282,-0.076753,-0.066183,-0.019257,0.115644,0.025522,0.049353,-0.016668,0.015590,-0.100699,0.079992,-0.031845
-0.012900,0.093690,0.003734,0.164002,0.003489,0.226472,0.096451,0.000713,0.094941,0.277454,-0.046026,-0.287675,-0.097679,0.024229,0.141290,-0.010428
-0.012770,-0.241337,0.040530,0.143545,-0.082413,0.098866,0.157113,-0.090423,0.133172,-0.168945,-0.015236,-0.167024,0.026082,0.036412,-0.110061,0.089819
-0.014198,-0.013358,-0.014019,0.041862,-0.048549,-0.054111,-0.028257,0.031734,0.052923,0.135888,0.035331,-0.044773,-0.076331,-0.062138,0.034391,-0.040219
-0.018144,-0.051140,-0.082123,0.011828,0.074578,0.067026,0.051053,-0.020944,-0.063293,-0.101061,0.023952,-0.065898,0.004146,0.114007,-0.156791,0.093323
-0.031778,-0.157723,-0.073262,0.068942,0.029990,-0.084352,0.060465,0.027947,0.123788,-0.023314,0.013726,-0.019095,-0.112536,0.015864,-0.199157,0.057517
-0.012357,-0.035700,-0.080796,0.048079,-0.057072,-0.029951,-0.098294,0.004484,0.051501,0.059193,-0.013201,-0.019790,0.002042,-0.005152,0.080465,0.032801
-0.036359,-0.086538,-0.201209,0.192461,0.019158,0.012089,0.064104,-0.015941,-0.033985,0.017950,0.092640,-0.191053,-0.078612,0.081617,-0.306179,0.181235
-0.012350,-0.057216,0.015060,0.010889,-0.045936,-0.032398,0.001167,-0.008789,0.058962,0.025668,0.011939,-0.028921,-0.007862,-0.013642,0.039003,-0.012559
-0.044794,-0.097283,-0.048043,0.019800,0.037262,-0.161378,0.115683,0.015815,0.081979,-0.010546,0.015051,-0.030460,-0.105229,-0.018166,-0.171178,0.028408
-0.023212,-0.164457,0.013376,0.004617,-0.090774,-0.167399,0.011682,-0.018589,0.114505,-0.068897,0.006011,0.032301,-0.007416,-0.067995,-0.015776,-0.003209
-0.016260,-0.163660,-0.042272,0.001073,0.020044,-0.021339,0.017776,-0.005056,0.058701,-0.138319,-0.003457,0.027233,-0.017054,0.049599,-0.128763,0.054731
-0.003091,0.000698,-0.034156,0.024434,0.071315,0.248020,0.115379,-0.044149,-0.229629,-0.101337,0.082553,-0.190930,-0.011182,0.092637,-0.177981,0.046850
0.004628,-0.010430,0.143630,0.040219,-0.127690,0.058234,0.040918,-0.027016,0.078648,0.102936,0.003753,-0.120849,0.004672,-0.095077,0.200866,-0.103870
-0.013552,-0.025527,-0.025412,0.014114,-0.017317,0.011821,0.014299,-0.008711,-0.046737,0.010377,0.042043,-0.068850,-0.024387,-0.007956,-0.028870,0.000549
-0.009060,-0.012753,-0.004856,0.008763,0.009810,0.053589,0.016954,0.012431,-0.013730,0.040298,0.020069,-0.063105,-0.051092,-0.000670,-0.005295,-0.023726
-0.019419,0.066531,-0.001841,0.097536,0.082774,0.243860,0.209551,-0.030323,-0.088518,0.088158,0.030163,-0.298585,-0.085207,0.073587,-0.095657,0.023263
