0.002204,-0.018028,-0.027301,0.010613,0.019128,-0.015523,-0.011773,0.007054,-0.006317,0.019412,-0.035810,0.015973,0.017435,0.020511,0.023194,0.008526
-0.001361,-0.048783,0.014729,0.027976,-0.021421,-0.105626,0.039965,0.013200,-0.018611,0.033903,0.037237,0.010518,-0.086949,-0.014042,-0.019799,0.011533
0.000235,0.014981,-0.020646,0.017185,-0.006567,-0.022261,0.003577,-0.012693,0.024824,0.014166,-0.000992,-0.010741,0.002831,-0.001306,0.007999,0.039735
0.010190,0.072387,0.003174,-0.007423,-0.033413,0.049854,-0.022506,0.110503,-0.039463,-0.019425,0.043137,-0.020470,-0.024287,-0.013929,-0.006423,0.020612
0.002021,0.018334,-0.012732,0.011779,-0.023031,-0.026164,-0.001227,0.003760,0.014142,0.020489,0.036865,-0.024087,-0.019919,0.002504,-0.000472,0.060054
0.007526,0.040160,-0.021175,-0.002128,-0.004387,0.036777,-0.030006,0.051641,-0.012548,0.000199,0.000314,-0.017090,0.017240,0.010350,0.017412,0.038423
-0.000072,-0.015903,-0.027254,0.026720,0.003074,-0.027783,0.010405,-0.013545,0.021702,0.024626,-0.032634,-0.012538,0.013722,0.019662,0.004859,0.038344
0.001981,-0.026047,-0.033572,0.021836,-0.025499,-0.070821,-0.032416,-0.009003,-0.003269,0.050860,0.045682,0.003311,-0.026479,0.022856,0.061750,0.091775
0.002312,0.002167,-0.014281,0.008070,0.000595,-0.018803,-0.001054,0.004206,0.004979,0.018878,0.004015,-0.010279,-0.005509,0.009590,-0.000068,0.033958
0.001478,-0.000449,-0.023009,0.011842,0.002497,-0.023552,-0.008158,-0.005028,0.008180,0.020569,-0.003757,0.001091,0.003158,0.010183,0.018453,0.034058
0.010923,-0.104949,-0.022286,-0.018066,0.102402,0.038822,-0.015710,0.055258,-0.064765,0.036412,-0.140338,-0.005032,0.064785,0.095810,-0.023430,-0.030764
0.001775,0.206543,0.027573,-0.002959,-0.110113,0.019597,0.008281,0.040330,0.051452,-0.056485,0.176173,-0.047222,-0.079714,-0.123248,-0.022358,0.065369
0.004555,0.016936,0.008327,-0.007132,-0.016593,-0.028120,-0.004464,0.026874,-0.016213,0.018883,0.068679,-0.014444,-0.052617,-0.004653,-0.014122,0.041883
0.002584,0.018554,-0.024321,0.015527,-0.012032,-0.001391,-0.004884,0.006517,0.017777,0.016892,0.001282,-0.025992,0.010038,0.017107,0.003240,0.055750
-0.001205,0.016479,-0.020145,0.010716,-0.042218,-0.081793,-0.031230,-0.019418,0.002052,0.033640,0.100213,0.036037,-0.056512,-0.013520,0.060167,0.058354
0.025072,0.203842,0.047411,-0.042663,-0.096497,0.198970,-0.029953,0.276873,-0.082886,-0.073927,0.130491,-0.121244,-0.052651,-0.021665,-0.101454,0.050920
-0.006234,0.061792,-0.060490,0.037889,-0.046460,-0.065121,-0.042020,-0.070590,0.061836,0.012313,0.044733,0.050132,0.010828,-0.040443,0.123096,0.070799
0.007838,-0.047427,-0.002100,-0.018914,0.040050,-0.007302,-0.010173,0.020159,-0.031481,0.041404,-0.004677,-0.029078,-0.007139,0.052144,-0.028976,0.038126
-0.008900,-0.103256,-0.161545,0.120611,-0.018449,-0.115732,-0.089743,-0.045046,0.013033,0.060637,-0.164466,0.152802,0.112642,0.055958,0.287206,0.042090
0.002491,0.006036,-0.009402,0.002600,0.005638,-0.015404,0.000906,0.003602,0.004064,0.015462,0.005883,-0.009739,-0.007429,0.005023,-0.006809,0.026352
0.002548,0.007651,-0.010553,0.003369,0.005621,-0.011268,0.000759,0.006814,0.003551,0.013598,0.001574,-0.008731,-0.004212,0.005907,-0.006786,0.023073
0.006445,0.100195,-0.017233,0.057889,-0.116350,0.037390,0.010884,0.126047,0.009344,-0.022566,0.039981,-0.074916,-0.024581,-0.022282,-0.003936,0.094407
0.003348,0.027126,-0.030323,0.027858,-0.030089,-0.008423,-0.019522,0.050285,-0.007605,-0.000155,-0.008375,0.010184,0.002843,-0.011735,0.049762,0.028531
0.001563,0.054398,-0.019406,0.002694,-0.032407,-0.017987,-0.017918,-0.034163,0.043171,0.024667,0.080262,-0.041162,-0.014242,0.000606,0.010497,0.107501
0.001693,-0.013077,0.001012,-0.010932,0.073757,0.034939,0.044395,-0.020856,0.025365,0.000408,-0.096183,-0.033210,0.048682,0.023954,-0.084563,-0.035282
-0.005115,-0.031728,-0.023647,0.031165,-0.024025,-0.120131,-0.006298,-0.034787,0.002494,0.037535,0.041689,0.062718,-0.052105,-0.019218,0.066223,0.018752
0.002168,0.000452,-0.013855,0.006938,0.004909,-0.017770,0.000416,0.001750,0.005547,0.018335,-0.000792,-0.009088,-0.003096,0.009948,-0.002356,0.029393
0.006637,0.015323,-0.008828,-0.007173,-0.009364,0.002790,-0.021510,0.039457,-0.018639,0.019724,0.038267,-0.021120,-0.016776,0.020152,-0.002489,0.049154
-0.001493,0.104325,-0.002759,0.031049,-0.066665,0.002315,0.034384,0.008210,0.060799,-0.021928,0.051231,-0.049029,-0.023140,-0.051616,-0.030253,0.056211
-0.003525,-0.186155,-0.009140,0.062464,0.049854,-0.109560,0.108930,-0.065015,0.040610,0.090484,-0.135336,-0.097213,0.004165,0.091590,-0.107011,0.070105
0.002921,0.009683,-0.010326,0.002840,0.003567,-0.010656,-0.001841,0.011200,0.000726,0.012792,0.004855,-0.007808,-0.006099,0.004280,-0.003700,0.023945
0.008103,0.089602,-0.000754,-0.010402,-0.040197,0.030982,-0.028652,0.062797,-0.008246,-0.012343,0.076817,-0.031245,-0.026727,-0.027942,0.007705,0.059710
0.000709,-0.133299,-0.007757,-0.035782,0.083249,-0.123338,-0.054897,-0.015355,-0.107699,0.067143,0.021085,0.163033,-0.062663,0.043234,0.075227,-0.093986
0.000087,-0.005428,-0.015465,0.006084,0.043183,0.013066,0.031423,-0.032426,0.040018,0.009339,-0.072807,-0.033292,0.045627,0.021020,-0.048171,0.004890
0.002563,-0.030040,-0.017451,-0.026522,0.091028,0.015159,-0.007056,-0.036759,0.001561,0.015175,-0.079893,0.019312,0.054493,0.031121,-0.013113,-0.036795
0.009179,0.025923,0.048517,-0.051198,0.061565,0.073257,0.053782,0.025632,0.005254,-0.006641,-0.011322,-0.103422,-0.001584,0.017192,-0.166832,-0.002858
0.002524,0.003083,-0.013070,0.007646,-0.002951,-0.021810,-0.002452,0.005628,0.003588,0.020149,0.012126,-0.011624,-0.010679,0.008324,0.001167,0.038922
0.005940,-0.014318,0.023378,-0.019809,-0.001398,-0.052893,0.002448,0.010261,-0.020878,0.037838,0.086116,-0.037264,-0.073793,0.001002,-0.034810,0.064974
0.011061,0.001224,0.002026,-0.008579,-0.025541,0.003629,-0.018204,0.067019,-0.029501,0.035660,0.064367,-0.074725,-0.037313,0.038068,-0.028928,0.103811
0.002305,0.004575,-0.013389,0.006462,0.001805,-0.017629,-0.001355,0.003637,0.005026,0.017339,0.004842,-0.008856,-0.005556,0.007392,-0.000322,0.031305
0.002197,0.005672,-0.012051,0.006265,0.002849,-0.016361,0.001273,0.003604,0.006052,0.015656,0.002662,-0.009636,-0.005231,0.005694,-0.003819,0.028193
0.005153,0.100622,0.030894,0.018122,-0.039437,0.077630,0.086310,0.059491,0.058116,-0.036456,-0.005154,-0.146499,-0.005248,-0.026829,-0.151513,0.055343
-0.008828,0.010546,-0.035233,0.038921,-0.039789,-0.092282,0.018876,-0.113103,0.091046,0.047323,0.057101,-0.021406,-0.014545,0.004177,0.013370,0.104576
0.002342,0.005184,-0.013936,0.006231,0.003243,-0.015289,-0.001825,0.004916,0.004323,0.015969,0.001451,-0.007018,-0.003284,0.007284,0.000363,0.027868
-0.002452,0.081028,-0.033395,0.048266,-0.081927,-0.051192,-0.010372,-0.004037,0.050187,-0.005103,0.058442,-0.003270,-0.023433,-0.064512,0.074942,0.085849
0.002693,0.045630,-0.003077,-0.020074,0.025712,0.018655,-0.002296,-0.015356,0.020954,-0.004152,0.006726,-0.012147,0.012255,-0.012955,-0.020911,0.008064
0.002555,0.007344,-0.011943,0.004367,0.001857,-0.015243,-0.002542,0.007246,0.002297,0.015495,0.007369,-0.006846,-0.007066,0.005893,-0.000932,0.027578
-0.001311,-0.018751,-0.010182,0.024051,-0.007556,-0.060460,0.021481,-0.021100,0.017893,0.029637,0.009316,-0.008585,-0.027153,0.002638,-0.005859,0.039996
0.006984,0.048877,0.001170,-0.013998,-0.011402,0.021904,-0.013369,0.039723,-0.006008,0.002605,0.046350,-0.035450,-0.016593,-0.002461,-0.019102,0.046566
0.006566,0.021241,-0.000966,-0.004633,-0.001020,0.017329,-0.003804,0.054442,-0.019761,0.002924,0.007781,-0.020990,-0.010631,0.006268,-0.020782,0.017426
0.001304,-0.155579,-0.038053,0.029207,0.060179,-0.079786,0.004743,-0.014755,-0.031502,0.076216,-0.105093,0.018536,0.019958,0.089492,0.018469,0.014707
-0.004730,-0.112970,-0.055449,-0.005684,0.096808,-0.088065,-0.039708,-0.114257,-0.001092,0.070037,-0.068633,0.100052,0.045001,0.065978,0.079100,-0.023309
0.002406,-0.013756,-0.010566,0.004334,0.011204,-0.023982,0.004777,-0.004347,0.005017,0.026161,-0.000989,-0.017731,-0.006224,0.018099,-0.013103,0.035547
-0.004810,-0.089950,-0.030565,0.022245,0.053077,-0.074391,0.028747,-0.088809,0.037229,0.057700,-0.070357,0.001728,0.025845,0.051790,-0.012639,0.021354
0.014790,0.073906,0.061004,-0.044167,-0.015426,0.067152,0.029085,0.104590,-0.026539,-0.013407,0.089552,-0.126712,-0.065837,-0.014277,-0.138222,0.060324
0.006496,-0.025606,0.023865,-0.020294,-0.006909,-0.055786,0.000146,0.016921,-0.030256,0.049015,0.101248,-0.039863,-0.083591,0.021013,-0.042680,0.073818
-0.001636,-0.028066,-0.025365,0.037941,0.030894,-0.022931,0.035052,-0.005464,0.022150,0.000221,-0.114873,0.007248,0.038460,-0.008847,0.004007,-0.023825
-0.003538,0.018284,-0.042077,0.031735,-0.004445,-0.028036,-0.010193,-0.019131,0.020984,0.004564,-0.029618,0.053456,0.021086,-0.006365,0.057635,-0.006704
0.001944,-0.074267,-0.005540,-0.027296,0.083859,-0.039632,-0.000638,-0.048664,-0.011493,0.044499,-0.038645,0.015811,0.010050,0.041834,-0.021867,-0.014211
-0.002881,0.007590,-0.034153,0.044557,-0.010328,-0.016436,0.030537,-0.029353,0.056505,0.013787,-0.051955,-0.031162,0.032189,0.011421,-0.007414,0.047113
0.000828,0.002227,-0.025843,-0.014350,0.068576,0.009273,-0.013997,-0.039668,0.015628,0.001162,-0.069645,0.032562,0.054605,0.000014,0.021038,-0.031038
0.023806,0.147788,0.028186,-0.023383,-0.087764,0.138340,-0.044486,0.240872,-0.082645,-0.043713,0.112282,-0.106986,-0.053739,-0.017676,-0.038874,0.092348
0.003261,0.009090,0.014334,0.025600,-0.038736,-0.012260,0.073633,-0.029408,0.078272,0.046281,0.047087,-0.183168,-0.029525,0.038891,-0.133730,0.178096
-0.000349,-0.014164,-0.092293,0.131328,-0.106745,-0.019064,0.000720,0.092045,0.016194,0.022409,-0.097561,-0.018560,0.045939,0.051019,0.093637,0.100440
0.007825,-0.039360,-0.019911,-0.034874,0.055991,-0.002477,-0.056429,0.017574,-0.054078,0.037019,-0.000560,0.037595,0.009011,0.051305,0.033084,0.000880
0.013831,0.013940,0.015663,-0.016889,-0.018156,0.034992,-0.016536,0.114210,-0.062038,0.017510,0.056792,-0.058409,-0.046442,0.035228,-0.044247,0.060580
0.000437,-0.001763,-0.015956,0.007656,0.010710,-0.026381,0.004693,-0.021676,0.018927,0.020644,-0.004606,-0.007380,0.001773,0.007309,-0.002073,0.030006
-0.001852,-0.029658,-0.031967,-0.005726,0.046611,-0.052335,-0.020675,-0.082426,0.026133,0.040193,-0.011300,0.028517,0.020920,0.019331,0.038302,0.028084
0.002476,0.002844,-0.011429,0.004795,0.004125,-0.016541,0.000221,0.004797,0.003409,0.017381,0.004096,-0.009821,-0.006453,0.008474,-0.004868,0.028649
0.005402,0.012904,0.018250,-0.037915,-0.027011,-0.077064,-0.043262,-0.007406,-0.031814,0.051542,0.186618,0.001178,-0.108831,-0.000928,0.012462,0.089936
0.009232,-0.068746,0.048974,0.004265,-0.044317,-0.089044,0.025319,0.121220,-0.100380,0.049162,0.109468,-0.023728,-0.154286,0.018263,-0.060765,0.036187
0.011241,0.032425,0.029662,-0.007582,-0.061007,-0.011933,-0.000871,0.091226,-0.037717,0.025470,0.130852,-0.083225,-0.096641,0.004649,-0.051755,0.110476
-0.001415,-0.030787,-0.053683,0.037780,0.014102,-0.036340,-0.013617,-0.023948,0.018522,0.026276,-0.071708,0.027798,0.043671,0.022175,0.064578,0.025238
0.006685,-0.033843,-0.005574,0.011409,-0.004010,-0.015176,0.002302,0.061866,-0.036014,0.029432,-0.004233,-0.025012,-0.023432,0.036573,-0.019093,0.035037
-0.000898,-0.058959,-0.023030,0.017211,0.033323,-0.047189,0.016959,-0.038947,0.015793,0.042853,-0.046680,-0.005644,0.012957,0.040904,-0.010774,0.025107
0.002563,0.003210,-0.014952,0.008635,-0.000993,-0.017056,-0.002426,0.007687,0.003566,0.018455,0.004108,-0.010582,-0.005169,0.010111,0.001497,0.035051
0.004802,-0.000555,-0.003464,0.020372,-0.007842,0.008298,0.029175,0.041126,0.004872,0.013326,-0.023286,-0.059910,-0.003631,0.021653,-0.049815,0.046379
-0.003580,-0.042727,-0.026086,0.007884,-0.004430,-0.109046,-0.018352,-0.086266,0.023834,0.069761,0.075217,0.017949,-0.040051,0.029164,0.038177,0.083161
0.001944,-0.003370,-0.013586,0.006396,0.006485,-0.021833,0.000940,-0.002946,0.006397,0.020989,0.000706,-0.009067,-0.004437,0.011431,-0.003019,0.030971
-0.004476,-0.001646,-0.011062,0.016351,-0.004878,-0.084585,0.009411,-0.050277,0.024256,0.021405,0.031689,0.034421,-0.036210,-0.030319,0.027260,0.014482
0.002249,0.012592,-0.012884,0.006274,0.000062,-0.012747,-0.000942,0.006272,0.006395,0.012542,0.004771,-0.007765,-0.004264,0.002631,-0.000642,0.027155
-0.000211,-0.042194,-0.027179,0.003764,0.041765,-0.036381,-0.001659,-0.050586,0.019136,0.038956,-0.037001,0.001722,0.024145,0.034766,0.005906,0.027227
-0.001158,0.183426,0.019300,0.027283,-0.152922,-0.044363,0.004561,0.048704,0.038329,-0.039725,0.211099,-0.016420,-0.122794,-0.131417,0.023309,0.083177
0.011063,-0.030119,-0.020071,-0.006413,-0.021550,-0.029632,-0.071972,0.097774,-0.091255,0.042036,0.064793,0.032396,-0.048681,0.041065,0.070387,0.049190
0.002649,0.034330,-0.009482,0.001433,0.009038,0.012986,0.002304,0.017058,0.006510,-0.006767,-0.014063,-0.001332,0.008546,-0.011140,-0.006946,-0.001052
-0.000966,-0.025509,0.003750,0.002245,0.023460,-0.039464,0.036045,-0.031387,0.019262,0.027103,-0.005230,-0.018732,-0.016969,0.015158,-0.054909,0.009204
0.006376,0.059738,0.015084,-0.004059,-0.009678,0.045425,0.025764,0.058340,0.003897,-0.017712,0.008676,-0.057646,-0.011292,-0.013401,-0.068340,0.018016
0.000898,-0.007612,-0.004036,0.007039,0.008251,-0.029409,0.015315,0.003254,0.001519,0.014919,-0.003926,-0.000194,-0.015748,0.001205,-0.017840,0.004081
-0.003119,-0.038107,-0.032212,0.016626,0.030175,-0.060658,0.000642,-0.063904,0.027880,0.036001,-0.033530,0.022707,0.016441,0.015333,0.029684,0.021811
0.000531,-0.026569,-0.076221,-0.004960,0.101315,0.036529,-0.061436,-0.040568,-0.001708,0.007090,-0.153278,0.097322,0.128944,0.047237,0.098694,-0.066299
0.000569,-0.015119,-0.011666,0.000910,-0.016797,-0.091165,-0.030632,-0.020775,-0.015488,0.044004,0.089122,0.036416,-0.063314,-0.004849,0.054099,0.053681
0.016414,0.103168,0.013753,-0.045129,0.003536,0.113572,-0.041100,0.131151,-0.049749,-0.041619,0.024795,-0.042952,0.007284,-0.023327,-0.022104,0.008169
0.005964,-0.050509,0.000748,-0.033926,0.049717,-0.032800,-0.029438,0.011632,-0.053597,0.039996,0.022100,0.032801,-0.027407,0.037012,0.001335,-0.008897
0.006285,0.009641,0.013845,-0.048228,0.010054,-0.037318,-0.037410,-0.013465,-0.022561,0.040698,0.124809,-0.008975,-0.061706,0.010870,-0.009051,0.061826
0.002873,0.004306,-0.010598,0.003891,0.002278,-0.015666,-0.001492,0.008777,0.000879,0.017197,0.008062,-0.010550,-0.008784,0.008069,-0.004264,0.030309
-0.010614,-0.016316,-0.026513,0.025172,0.029470,-0.076352,0.048849,-0.153711,0.106862,0.036742,-0.028808,-0.017976,0.025745,0.001411,-0.024730,0.045067
0.000817,-0.032577,-0.009486,-0.007961,0.027301,-0.052097,-0.005255,-0.039600,0.002688,0.041788,0.021508,0.005437,-0.018362,0.023090,-0.001205,0.032934
0.004294,0.030097,0.005512,0.007894,-0.041068,-0.034439,-0.010386,0.070769,-0.038698,0.000948,0.066377,0.021757,-0.066373,-0.030455,0.018509,0.009062
0.010245,0.056370,-0.006984,0.013695,-0.019662,0.084669,0.014695,0.096423,0.002023,-0.016957,-0.038331,-0.092251,0.029371,0.016150,-0.056172,0.054069
-0.001244,-0.006534,-0.052005,0.034617,0.031820,0.014131,0.000604,-0.009084,0.024170,0.000910,-0.118549,0.027336,0.075929,0.022057,0.035573,-0.019212
-0.002015,-0.100062,-0.040347,0.013310,0.036182,-0.111307,-0.032789,-0.052174,-0.022121,0.067848,-0.013209,0.073539,-0.011582,0.041118,0.080347,0.016063
0.005464,0.043111,0.028472,-0.002209,-0.023357,0.013795,0.043325,0.044644,0.010301,-0.000403,0.045561,-0.082175,-0.044479,-0.009301,-0.096010,0.047018
0.002140,-0.006263,0.007716,-0.016416,0.020013,-0.031130,0.009417,-0.022973,0.005815,0.028243,0.038018,-0.019188,-0.029362,0.010519,-0.038466,0.030090
0.002736,0.007130,-0.010934,0.004142,0.002348,-0.013579,-0.001151,0.009199,0.001789,0.014976,0.005943,-0.009005,-0.007015,0.006191,-0.003885,0.027088
0.003851,0.019939,0.002539,-0.023343,0.012736,-0.010192,-0.009485,-0.015148,0.005593,0.022694,0.055106,-0.021730,-0.021899,0.009456,-0.024286,0.044399
0.000719,0.027548,0.041083,-0.041461,0.070526,0.031082,0.069319,-0.049407,0.043776,-0.007208,-0.015103,-0.059781,0.000699,-0.005811,-0.150787,-0.033338
0.002528,0.008226,-0.013517,0.006232,0.001536,-0.012042,-0.001329,0.007484,0.004798,0.014751,0.002267,-0.009798,-0.002914,0.007249,-0.001926,0.028991
0.001587,0.050746,-0.033066,0.021316,-0.017037,0.028147,-0.007236,0.023700,0.021540,-0.007750,-0.023891,-0.004788,0.033084,0.003730,0.014028,0.019525
0.001687,0.003645,-0.017735,0.007057,0.009039,-0.011989,0.000269,-0.006138,0.012884,0.016704,-0.009931,-0.009666,0.007811,0.011439,-0.001802,0.028186
-0.003078,-0.014548,-0.001360,-0.016486,0.022822,-0.082838,-0.002386,-0.081909,0.021731,0.040430,0.065320,0.024927,-0.041007,-0.005449,0.002958,0.026186
-0.001450,0.024749,-0.013391,0.000951,-0.000834,-0.044366,-0.000263,-0.062336,0.045887,0.023339,0.043582,-0.015661,-0.011643,-0.014161,0.006639,0.063021
0.003711,0.003670,-0.033394,0.022200,-0.031928,-0.041862,-0.045982,0.051966,-0.037183,0.017395,0.026681,0.048779,-0.023807,-0.004219,0.088476,0.028523
0.003880,0.025818,-0.022242,-0.002411,0.016412,0.017161,-0.020939,0.021830,-0.004937,-0.002447,-0.023760,0.014470,0.023953,-0.000657,0.022532,-0.001586
0.017826,-0.150040,-0.035336,-0.017261,-0.036750,-0.127914,-0.145748,0.097554,-0.160654,0.142473,0.172392,0.028988,-0.115580,0.128034,0.144195,0.181915
-0.001513,0.091669,-0.032528,0.046120,-0.067997,0.004564,0.006758,0.022096,0.050184,-0.021482,0.011047,-0.016213,0.009536,-0.040888,0.028252,0.047632
0.004931,0.020370,-0.010969,0.007378,-0.004597,0.011238,0.005526,0.014059,0.017442,0.014927,0.001664,-0.056363,0.005515,0.014963,-0.024532,0.068113
-0.002002,-0.051724,0.031341,-0.002529,0.023292,-0.107107,0.049417,-0.047673,0.003907,0.039213,0.043694,-0.005564,-0.082464,-0.020248,-0.052538,0.012384
0.000169,-0.006973,-0.022067,0.002775,0.022360,-0.009659,0.003419,-0.029032,0.022813,0.024233,-0.019569,-0.008314,0.021456,0.030231,-0.014949,0.021512
0.003552,0.046671,-0.031778,0.018476,-0.041383,-0.001515,-0.032057,0.037804,0.000471,0.006652,0.033632,0.001427,-0.002562,-0.001003,0.047048,0.054714
-0.004929,-0.004150,-0.009993,0.001210,0.067664,-0.006436,0.043746,-0.065279,0.046212,-0.005493,-0.091100,0.020766,0.044764,-0.008416,-0.042578,-0.064974
-0.000428,0.012965,-0.016910,0.010007,0.017262,-0.014407,0.008371,-0.015249,0.020079,0.002184,-0.030279,0.010793,0.014087,-0.011759,0.005086,-0.003452
0.003294,0.040685,0.008130,-0.015352,0.023079,0.024416,0.010987,0.030533,-0.007333,-0.019134,-0.011390,0.008614,-0.001870,-0.021650,-0.034292,-0.042570
0.004755,0.134709,-0.019946,0.011905,-0.013714,0.115942,0.011928,0.052114,0.049765,-0.059899,-0.057651,-0.053871,0.071233,-0.035843,-0.029383,0.007020
-0.000287,-0.091179,-0.026292,0.003043,0.050016,-0.077058,-0.016367,-0.031569,-0.028124,0.055025,-0.030686,0.057951,-0.005687,0.046147,0.036382,-0.009929
-0.002099,0.078109,0.006925,-0.007918,-0.017672,-0.029469,0.006552,-0.031239,0.034170,-0.011130,0.076225,0.013753,-0.039765,-0.059532,-0.003386,0.009394
0.005123,0.171162,0.019507,-0.003943,-0.115421,0.003230,-0.028477,0.090963,-0.008725,-0.041808,0.189491,-0.000439,-0.100726,-0.100910,0.025886,0.050565
0.000809,0.029710,-0.094243,0.084149,-0.046412,0.031609,-0.027175,0.040434,0.040326,-0.000980,-0.118415,-0.008088,0.101418,0.027982,0.103028,0.071958
0.002574,-0.002661,-0.022387,-0.001065,0.022679,-0.004435,-0.013330,-0.003395,0.001647,0.017421,-0.019417,0.005835,0.018275,0.019348,0.010168,0.014524
0.000555,-0.091620,-0.035845,0.037751,0.032721,-0.044350,0.017895,-0.006203,-0.002183,0.048232,-0.095636,-0.005252,0.028241,0.062321,0.002641,0.023292
0.005238,0.010605,-0.014812,0.006998,-0.010306,-0.001098,-0.011188,0.034739,-0.008260,0.016744,0.011416,-0.022250,-0.006203,0.015880,0.002119,0.047438
0.000103,0.015449,-0.024676,0.028982,-0.026899,-0.016442,0.014875,-0.014273,0.041892,0.025101,0.007991,-0.048503,0.004836,0.021723,-0.015902,0.079777
0.005859,-0.009258,-0.019685,0.013957,0.027875,0.059561,0.019262,0.057321,-0.008048,0.003132,-0.094254,-0.036532,0.050697,0.055116,-0.052129,-0.006762
0.000880,0.013693,-0.006655,0.021472,-0.011847,-0.006618,0.035318,0.001363,0.033497,0.011970,-0.010577,-0.053276,-0.001059,0.008308,-0.048818,0.045646
-0.001580,0.094108,0.012796,0.051652,-0.077309,-0.013956,0.063273,0.057637,0.038015,-0.042976,0.017877,-0.035196,-0.047553,-0.088911,-0.034621,0.011102
0.008477,-0.019554,-0.029984,0.012631,-0.022775,-0.015424,-0.053349,0.094332,-0.069092,0.026442,0.015991,0.031696,-0.020185,0.033033,0.066620,0.029877
-0.000563,-0.028120,-0.047643,0.038829,-0.005229,-0.040084,-0.010183,-0.014186,0.017210,0.034097,-0.039848,0.007003,0.024489,0.030569,0.048301,0.050980
0.011816,0.140239,-0.021479,0.006747,-0.071300,0.100019,-0.047484,0.131309,-0.016158,-0.040081,0.048349,-0.040574,0.010444,-0.021904,0.029234,0.063905
0.010205,0.076127,0.017736,-0.030309,-0.017448,0.062170,-0.006053,0.073787,-0.012451,-0.010552,0.063154,-0.066914,-0.020237,0.000454,-0.066326,0.041785
-0.000435,-0.037640,-0.024158,0.007679,0.017429,-0.061606,-0.010719,-0.040557,0.007281,0.043474,0.006040,0.015837,-0.007918,0.023331,0.026154,0.038670
0.001432,0.007115,0.001252,0.005692,-0.001426,-0.026834,0.016967,0.005611,0.005678,0.012153,0.014932,-0.012343,-0.025083,-0.006876,-0.023552,0.018065
0.002848,0.013465,-0.009241,0.001527,0.003194,-0.008995,-0.001167,0.009756,0.002602,0.011582,0.007713,-0.009059,-0.006497,0.002744,-0.006222,0.023864
0.001822,-0.005827,-0.016742,0.010490,0.014112,-0.015367,0.004131,0.001314,0.006417,0.014402,-0.026249,-0.004103,0.008280,0.007607,0.000853,0.016622
0.003401,0.138963,0.007521,0.006402,-0.083474,0.030355,0.012682,0.019071,0.058469,-0.014555,0.123975,-0.093210,-0.039869,-0.038805,-0.048700,0.116263
0.005490,-0.008499,-0.030278,0.034820,0.007965,0.052316,0.021185,0.067000,-0.000191,0.001857,-0.108028,-0.045569,0.056168,0.048359,-0.032521,0.014045
0.002389,0.026365,-0.064755,0.011997,0.046722,0.084199,-0.031369,0.024193,0.009806,-0.018612,-0.140429,0.038737,0.122572,0.040919,0.040132,-0.051643
0.005269,-0.055884,-0.017774,0.001121,0.039283,-0.012947,-0.005575,0.018603,-0.024438,0.035295,-0.048401,-0.007926,0.014114,0.048562,-0.006443,0.016718
-0.006816,-0.090208,-0.040813,0.021313,0.075943,-0.069320,0.024329,-0.108952,0.044260,0.048900,-0.107217,0.031160,0.052616,0.045077,0.006788,-0.012231
0.006502,-0.030517,-0.019167,0.025797,-0.046044,-0.054413,-0.026230,0.067823,-0.043274,0.043436,0.049241,-0.010505,-0.050897,0.027412,0.039992,0.081584
0.000779,-0.025785,-0.027083,-0.000253,0.044932,-0.011244,-0.005866,-0.028839,0.009499,0.024297,-0.049355,0.013236,0.033981,0.031201,0.005538,0.000906
-0.005182,-0.034930,-0.023760,0.000599,0.053536,-0.063207,0.007403,-0.099004,0.038945,0.034324,-0.028638,0.034710,0.016964,0.009702,0.012657,-0.001769
0.002852,-0.002967,-0.011836,-0.005109,0.021850,-0.009216,-0.003666,-0.006719,0.003925,0.019820,-0.004781,-0.008837,0.004575,0.016404,-0.009195,0.022883
0.000068,-0.024452,-0.000695,-0.019543,0.048624,-0.042518,-0.001629,-0.029271,-0.010666,0.019741,-0.002032,0.042209,-0.014125,-0.000887,-0.002863,-0.034256
-0.003344,0.038755,-0.074432,0.045891,-0.022730,-0.014456,-0.040243,-0.023056,0.039964,0.002881,-0.044276,0.050788,0.060390,-0.004482,0.112488,0.031005
0.002111,0.002989,-0.012341,0.005565,0.005995,-0.015862,0.001658,0.002039,0.005708,0.016262,-0.000808,-0.008251,-0.003301,0.007889,-0.005038,0.025224
0.000566,-0.053796,-0.011706,-0.008395,0.076857,-0.008250,0.031351,-0.057038,0.032796,0.030320,-0.087493,-0.035761,0.048360,0.040158,-0.058365,0.003082
-0.004514,-0.038061,-0.053765,0.028943,0.030686,-0.051406,-0.004439,-0.086671,0.052009,0.041086,-0.061269,0.013867,0.051133,0.031512,0.045331,0.043961
0.002820,-0.022162,-0.019307,0.040548,-0.023437,-0.014742,0.026786,0.040869,0.005504,0.024705,-0.033984,-0.047577,-0.000867,0.034039,-0.026577,0.053649
-0.003580,-0.044638,-0.037869,0.051079,0.005395,-0.057159,0.022660,-0.020113,0.021569,0.025747,-0.074915,0.018575,0.018250,0.014442,0.028186,0.011320
-0.003355,-0.122223,-0.055748,0.073631,0.006684,-0.075030,0.033310,-0.015728,0.015292,0.065520,-0.118032,-0.009846,0.034763,0.084444,0.010628,0.043616
0.002783,-0.007179,-0.024901,0.015639,0.006708,-0.015969,-0.007906,0.008906,0.001790,0.018351,-0.024686,-0.003641,0.011133,0.012190,0.021359,0.033317
0.003697,0.028276,-0.000447,0.005773,-0.018213,-0.012100,0.003684,0.030352,-0.002031,0.006074,0.032124,-0.019103,-0.028365,-0.011802,-0.010940,0.034504
0.002824,0.004542,-0.022210,-0.002275,0.022071,-0.001302,-0.016924,-0.001123,-0.000080,0.014047,-0.016023,0.010086,0.017399,0.014489,0.015910,0.013028
0.000393,-0.003341,-0.031236,0.023507,-0.000415,-0.021810,-0.002874,-0.005614,0.016021,0.018632,-0.026514,0.001096,0.016451,0.012913,0.022660,0.031797
0.000595,0.022182,-0.077532,0.049596,-0.007677,0.024462,-0.031925,0.007326,0.033970,0.001972,-0.099454,0.011461,0.092110,0.022244,0.086925,0.040727
-0.001924,0.052784,-0.014183,0.016836,-0.001729,-0.002329,0.020154,-0.018974,0.043404,-0.014673,-0.019324,-0.001603,0.014150,-0.035067,-0.003988,0.001903
-0.007368,-0.176873,-0.062961,-0.003971,0.139725,-0.129040,-0.036663,-0.145193,-0.009918,0.083183,-0.127403,0.139648,0.059847,0.069045,0.102352,-0.065365
0.004776,-0.001915,0.001262,0.004248,-0.009781,-0.018614,0.007847,0.027023,-0.007543,0.024210,0.029222,-0.036919,-0.030985,0.014891,-0.028102,0.052344
0.009173,-0.038206,0.052878,-0.059490,0.065169,0.009143,0.037236,0.019267,-0.031695,0.030974,0.030600,-0.072794,-0.045706,0.039999,-0.147014,0.001836
0.007798,0.072894,0.021694,-0.016006,-0.011355,0.067362,0.019293,0.081532,-0.014486,-0.022453,0.028371,-0.047504,-0.019564,-0.001627,-0.083521,-0.001988
0.005927,0.031523,0.000878,-0.000716,-0.016945,0.005552,0.002545,0.031122,0.004483,0.011302,0.036506,-0.053187,-0.020036,0.002009,-0.028887,0.064556
0.003087,0.003854,-0.015309,0.011621,-0.006376,-0.014177,-0.004169,0.023701,-0.005468,0.015641,0.002596,-0.005047,-0.008043,0.010246,0.005188,0.028449
0.001464,-0.027070,-0.019091,0.019754,-0.005620,-0.046407,0.000359,0.001200,-0.000813,0.034870,0.004179,-0.005927,-0.016250,0.021735,0.010412,0.046340
0.002463,0.000265,-0.014705,0.008005,0.002492,-0.017513,-0.001702,0.006584,0.002539,0.018526,0.000209,-0.008088,-0.004120,0.010724,0.000900,0.030649
0.002300,-0.053666,-0.007459,0.016071,0.018631,-0.038538,0.022062,0.011626,-0.010750,0.034008,-0.033278,-0.015434,-0.011809,0.031950,-0.026316,0.018223
0.010617,0.042382,0.013723,-0.043439,-0.014381,0.002053,-0.049768,0.061450,-0.049769,0.014943,0.117681,-0.009930,-0.058922,-0.003721,0.003227,0.048257
0.003421,-0.000732,-0.009203,0.007189,-0.003234,-0.017849,0.001815,0.015141,-0.000671,0.020840,0.010546,-0.020997,-0.013470,0.012381,-0.009824,0.040901
0.002853,0.028552,-0.007182,-0.001130,-0.004833,-0.004332,0.000110,0.001693,0.014856,0.011414,0.025699,-0.025623,-0.008373,0.000397,-0.015291,0.042469
0.002724,-0.026503,0.039774,-0.017280,0.042851,-0.035792,0.057306,-0.006527,-0.000516,0.013693,-0.001331,-0.041456,-0.046833,-0.016058,-0.095655,-0.008606
0.002021,0.000693,-0.035437,0.028357,0.012387,0.022620,0.010888,0.012829,0.023604,0.006535,-0.082334,-0.026012,0.053892,0.027745,-0.004981,0.022579
-0.025902,-0.083034,-0.148260,0.108619,0.063183,-0.137567,0.004694,-0.282243,0.171323,0.056733,-0.215619,0.120923,0.167715,0.028155,0.179941,0.015783
0.006417,-0.004994,-0.019990,-0.008334,0.049668,0.052226,0.000790,0.018839,0.005288,0.007029,-0.081059,-0.040150,0.061008,0.040440,-0.035038,0.010007
-0.006684,-0.138927,-0.053133,0.044447,0.036227,-0.131623,0.010307,-0.106908,0.031218,0.092367,-0.059727,0.020437,0.014550,0.074812,0.040488,0.061738
0.003518,0.126532,-0.005878,0.004774,-0.052959,0.036097,-0.008990,0.039661,0.029397,-0.033840,0.061572,-0.027009,-0.011379,-0.057112,0.005254,0.043341
-0.002758,-0.230447,-0.088561,0.081758,0.015453,-0.176291,-0.016130,-0.086896,0.008648,0.150041,-0.083949,-0.013892,0.021081,0.141387,0.096967,0.165968
0.000832,0.009041,-0.026119,0.014933,-0.001162,-0.016217,-0.004669,-0.010358,0.019654,0.017388,-0.008020,-0.006204,0.011813,0.009985,0.014115,0.038257
0.002329,0.002495,-0.013542,0.006631,0.003039,-0.017198,-0.000598,0.003560,0.004890,0.017992,0.002398,-0.009657,-0.004477,0.009245,-0.001779,0.030959
0.005201,0.047215,-0.011966,0.019739,-0.045970,0.013884,-0.002976,0.066374,-0.004603,-0.000031,0.029230,-0.031842,-0.017186,0.000321,-0.005400,0.050137
-0.011623,-0.077857,-0.034776,-0.002396,0.021318,-0.215334,-0.036957,-0.216297,0.057861,0.103836,0.123727,0.074015,-0.063638,-0.000372,0.105288,0.102251
0.002974,0.011326,-0.009968,0.001721,0.001400,-0.011570,-0.003006,0.009048,0.002073,0.014530,0.011971,-0.010585,-0.008299,0.005318,-0.004542,0.029643
0.004170,0.032722,-0.003715,0.012969,-0.022112,0.008143,0.012583,0.043664,0.003726,0.000851,0.010213,-0.036061,-0.013038,-0.002791,-0.026449,0.035281
0.003659,0.020249,-0.014214,0.018828,-0.075640,-0.067754,-0.030997,0.029002,-0.011068,0.041362,0.127285,-0.016485,-0.075396,0.002097,0.042396,0.115670
0.003943,0.056985,0.005392,0.001200,-0.017680,0.013477,0.014402,0.026878,0.016170,-0.007754,0.029034,-0.041967,-0.017470,-0.022539,-0.034592,0.036973
0.004240,-0.011908,-0.024375,0.017824,0.001717,-0.010459,-0.013126,0.047285,-0.023263,0.010872,-0.035180,0.013310,0.007170,0.010512,0.029530,0.007204
-0.000513,-0.061330,-0.008235,0.020082,-0.008218,-0.103642,0.010902,-0.031129,0.002432,0.058968,0.039388,-0.010063,-0.053679,0.018090,0.006095,0.070265
-0.001042,-0.018329,-0.011380,0.013619,-0.021859,-0.088549,0.003500,-0.057583,0.033513,0.054251,0.073579,-0.032754,-0.046211,0.008077,0.005603,0.106723
0.011838,0.059448,0.048281,-0.050035,-0.010988,0.028974,-0.011391,0.109651,-0.071091,-0.012508,0.110909,-0.014175,-0.086087,-0.022732,-0.062450,-0.012307
0.003059,0.041169,-0.035648,0.056842,-0.096945,-0.036030,-0.013677,0.043453,0.020632,0.025690,0.064895,-0.051061,-0.032576,0.001352,0.048347,0.142355
0.017528,0.014495,0.069576,-0.056960,-0.016723,-0.004008,-0.015389,0.149329,-0.114607,0.011146,0.146775,-0.041252,-0.137035,-0.016504,-0.068150,0.027384
0.002051,-0.043852,-0.018034,0.004534,0.031738,-0.027956,0.002593,-0.012593,-0.001659,0.035737,-0.031238,-0.005363,0.008846,0.038064,-0.008669,0.021679
0.005576,-0.042328,0.003939,-0.010126,0.000677,-0.043591,-0.002186,0.006721,-0.019080,0.057269,0.061658,-0.043555,-0.047970,0.051531,-0.038670,0.078255
0.006991,0.011190,-0.015050,-0.033672,0.051608,0.033763,-0.036999,0.003487,-0.016567,0.014109,-0.007877,0.004351,0.027900,0.030132,0.004184,0.010166
0.009658,-0.004895,0.035900,-0.033308,0.013033,-0.004376,0.006956,0.063881,-0.050245,0.017805,0.059754,-0.036907,-0.065024,0.008214,-0.068043,0.017204
-0.001382,-0.062758,-0.051914,-0.012593,0.097886,-0.033193,-0.041103,-0.078281,0.004059,0.033078,-0.098242,0.079475,0.073894,0.033169,0.074264,-0.038133
0.002112,0.036146,-0.047276,0.029390,-0.020476,0.007859,-0.029492,0.025320,0.011018,0.000004,-0.027993,0.014490,0.035106,0.000326,0.064311,0.034123
0.002945,0.003529,-0.013298,0.012679,-0.004988,-0.014836,0.002810,0.015890,0.003347,0.016490,-0.000500,-0.018314,-0.006361,0.008512,-0.003559,0.037873
0.000494,0.004425,-0.062135,0.034137,-0.001906,0.009708,-0.026896,0.008653,0.017226,0.011700,-0.070608,0.019825,0.065651,0.032616,0.059555,0.021118
0.006278,0.121206,-0.003594,0.008503,-0.091043,0.011197,-0.034662,0.083011,-0.010763,-0.018806,0.128071,-0.011714,-0.060484,-0.049840,0.036426,0.071427
0.003308,-0.078197,-0.004116,0.008029,0.018956,-0.067400,0.005491,0.018198,-0.037043,0.048509,-0.005289,0.005916,-0.037290,0.035720,-0.006210,0.018196
0.005109,0.029918,-0.015226,0.016838,-0.034954,-0.001309,-0.010539,0.049240,-0.006065,0.010782,0.029195,-0.025907,-0.017183,0.005077,0.008602,0.059208
-0.004362,-0.062119,-0.002827,0.018946,-0.017714,-0.148428,0.023217,-0.097606,0.042470,0.078149,0.087943,-0.033715,-0.075128,0.007215,-0.004301,0.118506
-0.011078,-0.064579,-0.047543,0.049063,0.055285,-0.074114,0.053376,-0.137000,0.092059,0.036717,-0.127299,0.007964,0.065897,0.020510,0.001035,0.007209
0.007723,0.079098,0.000357,-0.009349,-0.020375,0.034310,-0.019776,0.061794,-0.009807,-0.020035,0.038829,-0.022170,-0.013772,-0.035214,0.005974,0.032416
-0.015002,-0.012413,-0.021356,0.052988,0.024152,-0.077740,0.108114,-0.187345,0.163147,0.028435,-0.075430,-0.071773,0.042328,-0.011397,-0.079762,0.059976
0.005770,0.016740,0.010704,-0.008501,0.003021,0.008596,0.015165,0.033209,-0.004278,0.008720,0.018060,-0.046271,-0.020404,0.005462,-0.052900,0.031255
0.002287,0.018085,-0.027142,0.016384,-0.002526,0.001499,-0.005164,0.003806,0.019016,0.011073,-0.018862,-0.017523,0.020867,0.009960,0.011741,0.042826
-0.000917,0.054662,-0.042820,0.043851,-0.006742,0.055212,0.032636,-0.006804,0.075314,-0.016281,-0.098377,-0.057662,0.083973,0.009872,-0.025193,0.036457
0.009265,0.040454,-0.008489,0.004818,-0.025518,0.039722,-0.008246,0.069742,-0.006141,0.005155,0.016278,-0.068962,-0.000038,0.016209,-0.023309,0.076083
-0.008163,-0.206247,-0.033599,0.017401,0.115952,-0.138704,0.045312,-0.170242,0.039163,0.115541,-0.109511,0.007100,0.029398,0.113014,-0.032944,0.027158
0.003274,0.067108,0.000029,0.002041,-0.038800,-0.003340,-0.002531,0.020423,0.015646,0.000510,0.072723,-0.030816,-0.034418,-0.023210,-0.010547,0.059094
0.001159,-0.025379,-0.007890,-0.002670,0.021491,-0.041026,0.001342,-0.018599,-0.001572,0.031392,0.008265,0.005227,-0.015899,0.017388,-0.007295,0.018247
-0.000377,0.071522,0.032451,-0.012730,-0.035536,-0.049626,0.023890,-0.015716,0.023636,-0.001473,0.126083,-0.017887,-0.088077,-0.063988,-0.040851,0.035354
0.002318,0.003233,-0.012197,0.006765,0.001205,-0.018386,0.000744,0.004016,0.005181,0.018144,0.005693,-0.011477,-0.007251,0.008337,-0.003930,0.032513
0.004798,0.072200,-0.001407,0.015810,-0.053232,0.018104,0.009754,0.050675,0.017023,-0.005727,0.051506,-0.058817,-0.025279,-0.015804,-0.027821,0.070435
0.004075,0.001481,-0.012428,0.006076,-0.008071,-0.019834,-0.010963,0.024253,-0.011186,0.021378,0.020881,-0.008242,-0.017904,0.011744,0.008065,0.040790
0.008876,0.130635,0.004331,-0.069948,0.022038,0.081191,-0.075215,0.054767,-0.042203,-0.043436,0.081513,0.064425,-0.002939,-0.042674,0.032005,-0.055131
