1.664734,-0.011123,-0.003093,0.062603,0.092713,0.058665,0.041294,0.039590,0.048612,0.040815,0.187712,0.107189,0.066240,-0.018700,-0.060957,0.037897
1.768729,0.259870,0.047384,0.015514,0.068005,0.049579,0.016167,0.102871,-0.012334,-0.104407,0.176353,0.232660,-0.038160,0.105047,-0.097556,-0.124664
1.080790,0.113286,0.109579,0.124457,0.207936,0.332852,-0.156906,-0.086253,0.040622,-0.050900,0.223135,0.030595,0.171262,-0.098629,-0.091570,-0.133714
2.212547,-0.197707,-0.095974,0.092408,-0.003826,0.022950,0.117112,0.014686,0.111428,0.091987,0.178891,0.258129,0.002765,-0.177509,-0.045666,0.146334
1.868119,0.078426,0.030448,0.041926,0.101249,0.077601,0.005933,0.038912,0.026980,-0.024821,0.172573,0.099134,0.061173,0.047600,-0.080870,-0.041898
-0.162987,0.171165,0.084948,0.118278,0.144410,0.192365,0.083873,0.055968,0.070643,-0.020738,0.243167,0.168858,-0.063382,0.132159,-0.034094,-0.007379
2.447403,0.221832,0.079187,-0.068137,0.153390,-0.057376,-0.021845,0.140914,-0.062234,-0.070438,0.121629,-0.047192,0.083778,0.286367,-0.089221,-0.157105
2.101501,0.006367,-0.003275,-0.006657,0.113301,-0.060731,0.070297,0.151813,0.016232,0.042645,0.147778,0.133847,-0.039080,0.089989,-0.014300,-0.040237
2.169412,0.086773,0.101424,0.007677,0.238412,0.121308,-0.154847,-0.006036,-0.031815,-0.008047,0.157028,-0.214751,0.288976,0.087070,-0.100472,-0.126213
3.520633,0.042934,-0.049316,-0.014011,0.000716,-0.045190,-0.019843,0.053571,-0.009252,-0.042314,0.128363,0.201289,0.086326,-0.089863,-0.126334,-0.055616
-1.171468,0.114706,0.112892,0.143582,0.219518,0.212031,0.123993,0.065089,0.093789,0.055332,0.268364,0.037754,-0.043065,0.217040,0.011998,0.062298
-0.061108,0.326473,0.220925,0.028793,0.335894,0.188007,-0.088434,0.054426,-0.044595,-0.045410,0.212634,-0.317996,0.220267,0.405638,-0.074996,-0.140696
1.615549,0.073961,-0.024715,0.056359,-0.002311,0.011692,0.145661,0.086747,0.064889,-0.026505,0.181344,0.299789,-0.097944,0.059997,-0.067374,0.044237
3.471483,-0.246855,-0.144453,0.129876,-0.149489,0.109415,0.086824,-0.154870,0.158703,-0.011445,0.153361,0.336658,0.091500,-0.314591,-0.156174,0.193480
2.210266,0.072164,0.019031,0.020202,0.092483,0.036335,0.003793,0.056342,0.014067,-0.023411,0.158476,0.098443,0.063721,0.049120,-0.082974,-0.051237
-0.971565,0.294489,0.145617,0.102720,0.209074,0.194969,0.097585,0.120211,0.046090,-0.040909,0.255059,0.130577,-0.122553,0.291859,-0.005853,-0.067831
0.707280,0.175730,0.094897,0.106428,0.148352,0.257496,0.005455,0.059171,0.076061,-0.102261,0.205963,0.350841,-0.196271,0.037050,-0.006960,-0.199211
1.449173,0.039971,0.023577,0.028416,0.115406,0.003654,0.092879,0.105539,0.038742,0.026168,0.170289,0.080955,-0.008741,0.153975,-0.033693,0.009484
3.880734,-0.040341,-0.042960,-0.117313,0.085771,-0.259182,0.032352,0.167617,-0.058012,0.061392,0.074796,-0.094257,0.160275,0.165082,-0.078224,-0.011024
3.396649,-0.324523,-0.091528,0.085934,0.003098,0.077274,0.030588,-0.115016,0.129808,0.069141,0.129430,0.066418,0.181387,-0.192576,-0.096552,0.146143
1.750096,0.038855,0.003242,0.080257,0.055781,0.119845,0.040522,0.023419,0.068837,-0.032017,0.184559,0.253950,-0.032083,-0.042589,-0.066132,-0.026627
1.639514,-0.091607,0.018621,-0.025711,0.184713,-0.126951,0.131979,0.162400,0.026041,0.132016,0.136674,-0.149788,0.062053,0.294354,0.012455,0.074880
1.592131,0.147653,0.061291,-0.006968,0.149520,-0.006718,0.034761,0.122948,-0.011549,-0.012799,0.162074,0.008291,0.042670,0.218146,-0.057423,-0.065080
1.845731,0.085029,0.042100,0.036093,0.122866,0.079964,-0.010679,0.040684,0.018267,-0.021410,0.171401,0.059636,0.082136,0.063065,-0.079162,-0.055227
1.900358,0.088108,0.041991,0.034271,0.122062,0.079827,-0.016691,0.038884,0.015457,-0.024179,0.170262,0.058401,0.087964,0.058227,-0.082404,-0.059531
4.039182,-0.245692,-0.042303,-0.026454,0.072583,-0.068654,0.009162,-0.036869,0.050029,0.054466,0.069427,-0.194617,0.271241,0.086712,-0.106600,0.079495
0.350697,0.244723,0.127620,0.100403,0.189841,0.254273,-0.052558,0.003526,0.024217,-0.073166,0.232754,0.063760,0.067996,0.097057,-0.081561,-0.110566
2.560705,0.008174,0.003951,0.017842,0.090783,0.029291,-0.011435,0.033583,0.019355,-0.004001,0.147518,0.060320,0.108456,0.011410,-0.087215,-0.033214
1.750583,0.193152,0.113571,0.000914,0.221668,0.104844,-0.107056,0.060828,-0.038487,-0.048923,0.165567,-0.080368,0.150032,0.150856,-0.080408,-0.174195
3.963511,-0.035394,-0.016931,-0.025695,0.082072,-0.005789,-0.124949,-0.023395,-0.025736,-0.011671,0.109155,-0.066306,0.294485,-0.083474,-0.149578,-0.060991
1.216317,0.013936,0.053321,0.087319,0.162523,0.162995,-0.020681,-0.013351,0.052226,0.025967,0.201183,-0.005015,0.134502,0.012171,-0.064932,0.000612
5.945630,-0.332346,-0.093050,-0.032681,0.045469,-0.015713,-0.213806,-0.165848,0.004579,0.045911,0.049179,-0.223482,0.520378,-0.288055,-0.195209,0.013662
2.331312,0.067897,0.035033,0.009998,0.122263,0.042118,-0.030586,0.041518,0.001564,-0.019762,0.151357,0.009678,0.126069,0.070365,-0.090900,-0.063672
0.948779,0.265358,0.136549,0.030685,0.218838,0.150291,-0.069226,0.060722,-0.024407,-0.069565,0.194648,-0.043721,0.104592,0.203308,-0.080416,-0.154789
1.441005,0.087915,0.036712,0.071736,0.111190,0.131648,0.003512,0.039449,0.042623,-0.024746,0.194313,0.180192,0.004243,-0.007742,-0.059866,-0.061672
1.846117,0.085635,0.041404,0.036526,0.121254,0.080093,-0.009811,0.040780,0.018668,-0.022135,0.171626,0.063609,0.080058,0.061514,-0.079346,-0.055060
2.232317,0.251662,0.050062,0.000658,0.087184,0.052285,-0.055411,0.074337,-0.039137,-0.101013,0.167722,0.150388,0.066134,0.053603,-0.123380,-0.146961
2.000537,0.065738,0.033114,0.035835,0.115873,0.076085,-0.017726,0.030750,0.018481,-0.015879,0.168851,0.053968,0.101770,0.037872,-0.085187,-0.046133
2.383847,0.078458,0.044545,0.014839,0.150066,0.078166,-0.090657,0.032120,-0.012923,-0.019059,0.159050,0.014233,0.151935,-0.005425,-0.089996,-0.111367
2.683146,-0.003280,0.012365,-0.045390,0.120463,-0.097236,0.061116,0.134853,0.004766,0.017758,0.108142,-0.000937,0.027737,0.211509,-0.037873,-0.048929
3.536837,-0.207717,-0.104495,0.011719,-0.016666,-0.089710,0.082344,0.019721,0.064641,0.068516,0.116043,0.109487,0.111430,-0.083105,-0.088767,0.121063
2.751317,-0.050805,-0.026199,0.004632,0.066096,-0.035215,0.040767,0.061327,0.030172,0.025391,0.134395,0.077312,0.075110,0.028682,-0.071042,0.010543
2.525882,-0.094846,-0.056546,0.006396,0.037635,-0.097065,0.116036,0.087040,0.044096,0.070825,0.141162,0.080137,0.057191,0.055004,-0.060040,0.101860
0.858634,0.040102,0.063281,0.058097,0.173479,0.083946,0.062783,0.065954,0.049777,0.037822,0.190825,-0.015644,0.045944,0.175671,-0.028521,0.013234
1.473684,0.043665,-0.001082,0.069492,0.058762,0.069702,0.088629,0.069715,0.066013,-0.007205,0.187770,0.254528,-0.070822,0.014896,-0.045346,0.000528
1.845491,0.085222,0.041775,0.036305,0.122142,0.079964,-0.010291,0.040561,0.018417,-0.021603,0.171543,0.060825,0.081758,0.062458,-0.079395,-0.054778
1.056198,0.241381,0.097801,0.035568,0.158687,0.112438,-0.010513,0.077509,-0.005872,-0.067365,0.193796,0.065372,0.035768,0.173702,-0.077400,-0.113198
1.057919,0.154367,0.086292,0.082995,0.156358,0.202262,-0.038439,0.011076,0.035166,-0.056370,0.204953,0.108074,0.043803,0.046253,-0.071514,-0.102301
-0.351361,0.291771,0.137076,0.096458,0.210082,0.215658,0.002623,0.075493,0.016973,-0.047479,0.251798,0.095623,-0.010485,0.166209,-0.044932,-0.100117
1.629504,0.051925,0.033204,-0.009124,0.149932,-0.057140,0.069258,0.129540,0.000085,0.051833,0.159459,-0.048894,0.074913,0.210472,-0.041815,0.011738
0.091587,0.075967,0.028995,0.152506,0.056029,0.192691,0.136276,-0.013243,0.115128,-0.005999,0.246886,0.201659,-0.023037,0.054544,-0.070655,0.120750
2.771374,-0.080660,-0.063362,0.031760,0.005167,-0.023580,0.081752,0.054778,0.061746,0.018810,0.143179,0.230376,-0.006201,-0.058248,-0.066750,0.037963
1.733054,0.091973,0.043386,0.035064,0.121787,0.070401,0.004822,0.048132,0.018733,-0.018526,0.173298,0.052468,0.076936,0.088514,-0.077783,-0.042618
1.507003,0.125655,0.024081,0.070580,0.059988,0.113158,0.040646,0.039530,0.046793,-0.056410,0.192446,0.235556,-0.024706,0.018270,-0.081929,-0.039620
2.352110,0.117909,-0.053404,0.045562,-0.066579,0.004687,0.105790,0.071348,0.045300,-0.078384,0.171548,0.414005,-0.097697,-0.049399,-0.109635,0.001741
6.066424,-0.423846,-0.169870,0.011281,-0.071659,-0.020781,-0.116714,-0.181123,0.068802,0.051016,0.057429,0.011815,0.392700,-0.416262,-0.188360,0.101938
1.099081,0.208738,0.098812,0.051297,0.169587,0.152158,-0.039549,0.045768,0.003428,-0.061090,0.197537,0.053363,0.064686,0.120234,-0.078843,-0.116370
-2.692713,0.661960,0.277995,0.139497,0.262519,0.370075,0.066644,0.138528,0.019340,-0.201815,0.312179,0.233345,-0.249736,0.465920,-0.022801,-0.234365
0.932096,0.427346,0.182727,-0.022486,0.265722,0.106477,-0.123038,0.122629,-0.098623,-0.107634,0.190614,-0.109192,0.134278,0.301210,-0.096230,-0.251037
1.718720,0.096659,0.043853,0.036318,0.121802,0.074574,0.003351,0.051447,0.019062,-0.021677,0.174286,0.069852,0.064199,0.081213,-0.074731,-0.051667
1.274975,0.131392,0.079224,0.066887,0.154610,0.166533,-0.030974,0.016376,0.029979,-0.044893,0.192612,0.063780,0.068133,0.073496,-0.074424,-0.085738
3.087628,0.153006,-0.010029,-0.064763,0.053699,-0.127670,0.008783,0.156828,-0.056030,-0.041112,0.123792,0.141168,0.038874,0.089485,-0.098013,-0.102149
0.757668,0.250499,0.117378,0.057421,0.174745,0.169896,-0.017797,0.057063,0.010030,-0.081453,0.203183,0.074785,0.018159,0.177474,-0.070759,-0.129371
1.822661,0.089615,0.043130,0.032586,0.125389,0.072139,-0.007477,0.047996,0.015312,-0.019293,0.171131,0.055486,0.079822,0.073264,-0.077148,-0.055459
2.156780,0.051022,0.027655,0.029630,0.111560,0.063857,-0.016490,0.031436,0.018597,-0.014331,0.161541,0.049576,0.104041,0.038961,-0.085375,-0.045279
0.886121,0.254938,0.090302,0.005455,0.156301,0.019542,0.055726,0.146010,-0.018588,-0.040950,0.187429,0.046728,-0.005441,0.278155,-0.057398,-0.079129
1.666431,-0.050122,-0.017963,0.093075,0.056503,0.104858,0.066900,0.009825,0.088951,0.021864,0.188930,0.206385,0.001731,-0.064399,-0.055175,0.047225
2.005780,-0.028692,-0.026224,0.029998,0.047807,-0.030506,0.122072,0.087465,0.058047,0.030112,0.156680,0.151010,-0.018963,0.083430,-0.048400,0.057232
1.810673,0.073083,0.037450,0.040950,0.118533,0.081483,-0.002272,0.040117,0.024754,-0.016647,0.173083,0.072845,0.071915,0.054759,-0.075124,-0.046699
0.398936,0.226594,0.104195,0.054620,0.182647,0.119115,0.029647,0.100422,0.010266,-0.030588,0.214326,0.066740,-0.003817,0.199728,-0.044591,-0.078965
1.575057,0.138813,0.055470,0.035393,0.131637,0.083943,-0.008165,0.063317,0.008327,-0.032918,0.181078,0.086102,0.051792,0.083855,-0.073840,-0.077793
2.996466,0.225629,0.078280,-0.091555,0.171816,-0.065980,-0.092647,0.144744,-0.093104,-0.075227,0.108235,-0.055587,0.122887,0.217569,-0.095688,-0.222951
2.839994,-0.134436,-0.026061,0.031648,0.084856,0.026486,0.005187,-0.001581,0.054991,0.045115,0.135693,0.021414,0.138122,-0.036279,-0.072981,0.029245
0.922730,0.398477,0.183512,-0.010997,0.258290,0.129973,-0.103010,0.109905,-0.073066,-0.118983,0.184003,-0.080714,0.092408,0.316927,-0.085177,-0.252261
1.945772,0.071468,0.036517,0.032059,0.120338,0.068987,-0.009682,0.042091,0.017754,-0.015823,0.167495,0.054831,0.086895,0.058818,-0.078722,-0.050690
3.154719,-0.028700,-0.050184,0.010533,0.000414,-0.024750,0.046801,0.046944,0.040264,-0.025040,0.127282,0.213614,0.018433,-0.033322,-0.092547,-0.010826
1.710055,-0.169473,0.122762,0.213470,0.249353,0.576031,-0.255717,-0.307008,0.156678,-0.054082,0.195874,-0.069647,0.270772,-0.253182,-0.085218,-0.139667
2.917481,0.103865,0.125127,-0.027419,0.321145,0.137788,-0.340331,-0.038912,-0.109205,0.009789,0.150299,-0.387998,0.502655,-0.042400,-0.136879,-0.220492
1.137681,0.139973,0.106004,0.025181,0.209365,0.092717,-0.015081,0.055415,0.000919,-0.010100,0.178351,-0.124499,0.136234,0.236558,-0.066533,-0.061585
1.768774,-0.129537,-0.050323,0.152174,-0.005409,0.196820,0.080449,-0.064995,0.151727,0.000453,0.197931,0.354303,-0.053230,-0.203228,-0.060541,0.075048
1.854594,0.084080,0.041207,0.036056,0.121717,0.079139,-0.010251,0.040461,0.018400,-0.021187,0.171264,0.060534,0.082391,0.061748,-0.079540,-0.054201
2.359454,0.058633,0.040953,-0.038976,0.124730,-0.058358,0.087389,0.160038,0.020982,-0.034894,0.105920,0.095728,-0.099273,0.283456,-0.012698,-0.116575
0.054951,0.575291,0.303699,0.013996,0.388224,0.311832,-0.249891,0.061033,-0.109485,-0.189869,0.217034,-0.203528,0.172699,0.364341,-0.099948,-0.406587
1.483614,0.147980,0.166602,-0.008249,0.313987,0.118294,-0.146937,-0.008931,-0.052143,0.001374,0.161214,-0.468247,0.397064,0.310249,-0.111698,-0.091198
4.931154,-0.372707,-0.104386,-0.157689,0.110107,-0.403042,0.070160,0.121708,-0.032185,0.221748,0.017344,-0.450619,0.386794,0.217120,-0.069062,0.185878
2.571767,-0.202691,-0.075144,0.128454,0.046821,0.169021,-0.070915,-0.098194,0.087755,0.082055,0.201058,0.194714,0.184317,-0.417870,-0.091992,0.071660
3.381864,0.102007,0.031909,-0.009840,0.139091,0.083813,-0.204327,0.005810,-0.056040,-0.053072,0.141946,0.037957,0.229324,-0.150546,-0.130470,-0.198628
2.503070,0.046011,-0.051983,-0.022440,0.032186,-0.133989,0.095503,0.177738,-0.004846,0.031170,0.149595,0.246619,-0.055693,0.019575,-0.046487,-0.010053
0.453168,0.150512,-0.030954,0.134216,-0.085817,0.097269,0.254932,0.060742,0.125814,-0.073289,0.233390,0.501165,-0.234112,0.062246,-0.077358,0.124572
2.229255,0.328795,0.152647,-0.057510,0.243318,0.063805,-0.176881,0.071665,-0.108986,-0.106655,0.143532,-0.208426,0.254437,0.254673,-0.133798,-0.247393
1.949595,0.015601,0.016060,0.051646,0.096368,0.079075,0.013128,0.016806,0.042883,-0.000121,0.171082,0.072911,0.088407,0.021472,-0.079794,-0.002291
2.148914,0.044853,0.029658,0.033018,0.161776,0.091651,-0.090065,0.060040,-0.002595,0.013946,0.175663,0.114197,0.082155,-0.102361,-0.050285,-0.128037
2.254943,0.105838,0.060929,0.023810,0.168266,0.110185,-0.134665,-0.009075,-0.028964,-0.017143,0.173576,-0.082666,0.260891,-0.018478,-0.123324,-0.091754
1.060427,0.145202,0.096089,0.096848,0.165105,0.245710,-0.064687,-0.026136,0.042417,-0.064707,0.207630,0.078424,0.080873,0.026852,-0.082738,-0.105222
-1.800142,0.402756,0.222029,0.199668,0.254160,0.472721,-0.043812,-0.038976,0.065539,-0.124223,0.313861,0.113778,-0.011544,0.161828,-0.064067,-0.134070
2.995214,-0.058354,0.042349,-0.013046,0.200210,0.043528,-0.117737,0.017461,-0.008884,0.032408,0.121158,-0.147794,0.232317,0.024384,-0.069112,-0.104748
1.481719,-0.061892,0.008807,0.132754,0.074290,0.211775,0.016647,-0.088195,0.108521,0.004683,0.202928,0.108003,0.111201,-0.087853,-0.091203,0.069611
3.146982,-0.149490,-0.128958,0.038488,-0.074821,-0.081592,0.127291,0.044716,0.075417,0.049892,0.144943,0.299430,0.005699,-0.155389,-0.087317,0.133299
1.909466,0.074826,0.022172,0.045349,0.084610,0.074611,0.014048,0.030582,0.030573,-0.026634,0.173623,0.107790,0.067181,0.038481,-0.089720,-0.023920
-0.049357,0.376253,0.176079,0.070652,0.228819,0.229975,-0.059550,0.039326,-0.019534,-0.100051,0.237245,-0.039306,0.103340,0.247263,-0.097764,-0.139604
4.983257,-0.087254,-0.101304,-0.107131,-0.032960,-0.247786,0.029026,0.096737,-0.030836,0.000064,0.049337,0.050179,0.152540,0.032875,-0.132998,0.001799
1.355060,0.220147,0.084893,0.054179,0.141699,0.165232,-0.046824,0.056699,0.008811,-0.090885,0.192850,0.187658,-0.015023,0.051227,-0.071059,-0.168811
4.290126,-0.174157,-0.074712,-0.069604,0.052381,-0.184172,-0.008475,0.033652,-0.018591,0.086016,0.080007,-0.177357,0.318615,0.022521,-0.127974,0.088200
1.422428,0.008448,-0.012248,0.097212,0.029325,0.104642,0.103756,0.017248,0.093046,-0.009231,0.194992,0.247052,-0.038162,-0.009006,-0.066437,0.057779
2.421237,0.097563,-0.010024,-0.000861,0.048969,-0.034457,0.038633,0.102022,-0.000720,-0.025114,0.153902,0.178227,0.016291,0.041040,-0.085621,-0.041887
2.905232,0.231918,0.007796,0.075162,-0.045430,0.194241,-0.113928,-0.125488,0.003781,-0.182602,0.184225,0.215609,0.217544,-0.165425,-0.249886,-0.063592
-0.682325,0.485665,0.270404,0.058768,0.378259,0.315828,-0.166481,0.091072,-0.060299,-0.120009,0.247885,-0.086085,0.060811,0.298190,-0.040505,-0.330767
1.927704,0.444056,0.213379,-0.021660,0.273853,0.222519,-0.264939,0.014510,-0.106630,-0.200596,0.160443,-0.147083,0.233222,0.220466,-0.152322,-0.372626
-0.692071,0.328700,0.113783,0.164657,0.174771,0.342775,-0.038135,0.078990,0.044911,-0.083131,0.297396,0.466532,-0.199168,-0.122720,-0.009876,-0.204883
