-0.015590,0.004694,0.005789,0.033696,-0.047521,0.038728,0.027499,-0.033635,-0.004780,0.000049,0.052337,-0.030566,0.002941,-0.032818,-0.008317,-0.057748
-0.003998,0.004612,0.019102,-0.065555,0.003185,-0.015303,-0.012406,0.077906,0.000394,0.038053,-0.034268,-0.064933,0.011725,0.008800,0.007138,0.021997
-0.002177,0.016436,-0.046138,-0.089491,0.022899,-0.020718,-0.110585,0.091814,-0.024155,-0.117562,0.004986,0.131450,-0.122182,0.223655,0.042933,-0.022464
-0.013153,0.021307,0.012959,0.030822,-0.072022,0.029219,0.021306,0.024913,-0.015904,-0.023715,-0.018910,-0.008207,0.019218,0.041106,0.014146,-0.066389
-0.010008,0.002838,0.024492,0.005122,-0.035527,-0.018186,0.019686,0.022607,-0.000866,-0.025612,0.003454,-0.003445,0.015154,0.021209,0.026375,0.015930
-0.017518,-0.007296,0.026887,0.068909,-0.041439,-0.048311,0.059708,-0.037194,0.004251,-0.053974,0.016771,0.022623,0.039720,0.002003,0.049521,0.055101
-0.011258,-0.016199,-0.020360,-0.015542,-0.016016,0.030241,-0.019849,-0.011197,-0.004820,-0.009749,0.023149,-0.028643,-0.021032,-0.029298,0.011567,-0.066674
-0.017548,0.009961,-0.035258,0.005922,0.015375,-0.034903,-0.005896,0.012043,-0.003495,0.045839,-0.046351,-0.051953,0.013200,0.026728,0.007061,0.014469
-0.015445,-0.001823,-0.005996,0.018428,-0.019487,0.023171,0.015163,-0.025098,-0.001725,-0.003146,0.028376,-0.024260,-0.004317,-0.017747,0.004202,-0.038925
-0.015100,0.022492,-0.080996,-0.050400,0.088346,-0.002639,-0.069598,0.034667,-0.000197,0.058411,-0.028071,-0.025632,-0.071164,0.101729,-0.036310,-0.015588
-0.022962,0.001307,-0.005005,0.068423,-0.045423,0.078010,0.058757,-0.099625,0.002621,0.086018,0.087935,-0.121106,0.028256,-0.149648,-0.057305,-0.094012
-0.025376,0.062290,0.009830,0.064852,0.018658,0.021083,0.079973,-0.016373,0.008260,0.104231,0.011467,-0.072887,0.025476,0.037654,-0.071353,0.027310
-0.012711,0.030733,0.032578,0.023041,-0.062902,0.036729,0.035698,-0.001871,-0.010874,-0.001129,0.074484,-0.014208,-0.002893,0.014278,-0.022406,-0.035879
-0.011191,-0.006795,0.007005,0.003198,-0.043388,0.019149,0.007183,0.003151,-0.007430,-0.035515,0.009271,-0.006976,0.000384,-0.003133,0.030069,-0.046794
-0.024526,0.066305,0.108484,0.054973,0.008662,0.053569,0.165590,-0.066549,0.001227,-0.009604,0.163906,0.028748,-0.012610,0.035475,-0.024194,0.093193
-0.015548,-0.067448,-0.049407,-0.002697,0.051647,0.013131,-0.010730,-0.065993,0.029526,0.042874,-0.019481,-0.100268,0.011381,-0.152661,0.013139,-0.039055
-0.014560,0.046227,-0.043386,-0.040442,0.055808,0.024594,-0.040654,0.043698,-0.011267,0.005632,0.008065,0.031030,-0.085860,0.157733,-0.027915,-0.024033
-0.006010,0.051734,0.066926,0.027308,-0.075806,-0.158819,0.033852,0.134683,-0.013675,-0.072245,-0.089092,0.078469,0.068920,0.214452,0.073203,0.174414
-0.009365,0.002967,0.045334,0.021825,-0.108735,0.203001,0.041370,-0.024665,-0.011536,-0.090168,0.084356,0.017525,-0.040821,-0.035966,-0.009329,-0.243330
-0.005679,-0.015002,-0.022013,-0.072741,0.029671,0.007550,-0.048854,0.048328,-0.001026,-0.011237,-0.023942,-0.017175,-0.038908,0.026817,0.024381,-0.027161
-0.017104,-0.021520,0.040944,-0.008767,0.039294,0.117727,0.070859,-0.138763,0.016458,-0.012454,0.234752,-0.018413,-0.076081,-0.144615,-0.033566,-0.035670
-0.020021,-0.086883,-0.218933,-0.085912,0.193668,0.004184,-0.166718,-0.038228,0.023619,0.094841,-0.150355,-0.116054,-0.082485,-0.066197,0.011111,-0.115466
-0.009303,0.006993,-0.031525,-0.050866,0.018778,-0.015953,-0.049177,0.038209,-0.010479,-0.005814,0.004665,0.001560,-0.046966,0.068184,0.011596,-0.005937
-0.019276,0.076122,-0.123433,-0.010396,0.039805,-0.053026,-0.102224,0.104388,-0.026907,0.091253,-0.133420,-0.022486,-0.040915,0.241589,-0.048743,-0.030580
-0.009547,0.053921,0.116418,0.096514,-0.208455,-0.080724,0.109570,0.081116,-0.026525,-0.006614,-0.044923,-0.042181,0.159563,0.032194,0.041234,0.064511
-0.014762,0.033524,0.035386,0.012521,-0.040423,-0.012832,0.039205,-0.027353,-0.016045,-0.005186,0.134719,0.007336,-0.020608,0.020971,-0.010673,0.044253
-0.013411,-0.014191,-0.031918,-0.068930,0.100789,0.039162,-0.024927,-0.045877,0.012392,0.027080,0.106403,-0.025021,-0.093225,-0.029956,-0.026450,0.001026
-0.013846,0.011038,0.055311,0.025922,-0.031469,0.056460,0.063971,-0.049967,-0.001149,-0.080388,0.134236,0.058302,-0.039214,0.011986,0.008574,-0.012927
-0.015992,0.008474,-0.011615,0.009715,-0.004274,-0.001268,0.008158,-0.015017,-0.004421,0.008781,0.028906,-0.020264,-0.010622,0.011069,0.000935,-0.005531
-0.011759,0.029365,0.020422,0.058762,-0.057400,-0.129458,0.007964,0.025109,-0.011441,-0.119031,0.039800,0.137368,-0.004712,0.183000,0.053430,0.127971
-0.007579,-0.007323,0.092751,-0.068521,0.036452,0.103604,0.077557,-0.033781,0.013817,-0.045340,0.161336,0.005882,-0.063786,-0.065109,0.006849,0.007981
-0.018691,-0.005228,0.002145,0.057865,-0.034548,-0.043264,0.041315,-0.033342,0.002220,0.004486,-0.001569,-0.033305,0.046401,-0.027909,0.026513,0.031497
-0.024554,0.002839,0.065280,0.096461,-0.016604,-0.015635,0.137277,-0.119627,0.024325,0.037445,0.137155,-0.054337,0.052241,-0.120723,-0.018812,0.101037
-0.008040,-0.019477,-0.015209,-0.019494,-0.048485,0.018170,-0.033620,0.005922,-0.013995,-0.051491,0.019869,0.002821,-0.022491,-0.005276,0.036785,-0.075479
-0.007706,-0.116043,-0.106597,-0.116826,0.167113,0.058441,-0.113181,-0.086325,0.040991,-0.047794,0.061164,-0.002560,-0.143912,-0.120475,0.031633,-0.079754
-0.023277,-0.000769,-0.077279,0.045199,0.032681,-0.109051,-0.012096,-0.003889,0.009649,0.144367,-0.114245,-0.142298,0.078105,-0.033666,-0.013820,0.066244
-0.012336,-0.003047,0.020512,0.036531,-0.079314,0.004280,0.028887,-0.010204,-0.006680,-0.009128,0.021180,-0.037511,0.037733,-0.041968,0.015630,-0.035694
-0.017714,-0.031027,-0.063145,-0.019122,0.057098,0.088910,-0.028542,-0.070489,0.009480,0.009578,0.048079,-0.037622,-0.071001,-0.063229,-0.015470,-0.115845
-0.017914,0.008143,-0.005678,0.025872,-0.013809,0.026242,0.026399,-0.037151,-0.002667,0.025206,0.044420,-0.043271,-0.001056,-0.028252,-0.014153,-0.031123
-0.012291,-0.033759,0.016954,0.068692,-0.136465,-0.020930,0.031076,-0.017817,-0.012200,-0.035858,-0.038769,-0.054619,0.094427,-0.098532,0.066616,-0.062032
-0.011806,0.024114,-0.146826,-0.082890,0.076800,-0.041182,-0.162017,0.103156,-0.024232,0.017387,-0.125549,0.020448,-0.098386,0.218323,0.004955,-0.061913
-0.019459,-0.049288,0.011940,0.038966,0.017881,0.045059,0.062659,-0.115583,0.022389,-0.038442,0.083002,-0.017896,-0.005281,-0.129945,0.030923,-0.019178
-0.005632,0.038953,-0.063427,-0.107471,0.069517,-0.076512,-0.114396,0.134217,-0.027731,-0.059224,-0.071351,0.100224,-0.102793,0.278906,0.046316,0.050214
-0.010530,0.063543,-0.078756,-0.003763,-0.084284,-0.075974,-0.096703,0.146758,-0.043894,0.069854,-0.158864,-0.054471,0.031733,0.182377,-0.009622,-0.058086
-0.011368,-0.046360,0.019383,-0.046914,0.015107,0.076962,0.028465,-0.096928,0.011596,0.070819,0.156898,-0.134234,-0.016122,-0.239906,-0.027932,-0.046136
-0.012848,0.039969,0.029661,0.063797,-0.095414,-0.078752,0.036413,0.068879,-0.014224,-0.004528,-0.075745,-0.008851,0.081767,0.095819,0.026592,0.049158
-0.031632,-0.104768,-0.104590,0.070145,0.118439,-0.052512,0.020861,-0.187864,0.053551,0.128399,-0.025862,-0.181030,0.060317,-0.286753,0.007854,0.036481
-0.019360,-0.052684,-0.091172,-0.033656,0.055174,0.140837,-0.050597,-0.128722,0.001451,0.029232,0.112808,-0.075760,-0.099082,-0.158552,-0.031041,-0.194438
-0.017223,0.061677,0.063526,0.060971,-0.089067,0.042148,0.088432,0.025703,-0.019970,-0.015646,0.011582,0.002232,0.036137,0.076665,-0.002148,-0.027500
-0.014135,0.025247,-0.069806,-0.050403,0.059010,0.017126,-0.065841,0.033574,-0.008686,0.036482,-0.007379,-0.013041,-0.076604,0.100784,-0.029164,-0.044042
-0.023742,0.015050,-0.146364,-0.000449,0.165281,-0.194236,-0.092069,0.037476,0.019633,0.104407,-0.145055,-0.024185,-0.018267,0.172766,-0.009693,0.175771
-0.015958,-0.045100,0.037452,-0.016942,0.058757,-0.012685,0.080275,-0.058761,0.032559,0.103046,0.017431,-0.160504,0.066547,-0.210238,0.010922,0.085754
-0.015737,-0.044089,-0.092666,0.002383,0.000932,0.033538,-0.066840,-0.029934,-0.001983,-0.015265,-0.054091,-0.033903,-0.026748,-0.034562,0.029530,-0.137489
-0.013719,0.034405,-0.025690,0.022491,-0.051713,-0.016407,-0.020409,0.055778,-0.019461,-0.007937,-0.057396,0.004025,0.005550,0.114007,0.008510,-0.041849
-0.012572,-0.043241,-0.024255,0.002064,-0.001864,0.015812,-0.010782,-0.053082,0.011708,-0.007168,0.042250,-0.041136,-0.010603,-0.092903,0.013647,-0.045236
-0.015185,-0.015629,-0.003187,-0.001319,-0.034043,0.143254,0.020236,-0.081922,-0.003303,0.032507,0.120609,-0.087075,-0.034703,-0.147499,-0.042640,-0.166296
0.000079,0.052192,-0.027136,0.009336,-0.215088,-0.048197,-0.101887,0.181448,-0.067018,-0.110051,-0.138066,0.076372,0.022132,0.246045,0.067765,-0.139137
-0.010795,0.016635,0.073371,-0.012866,-0.050817,0.102994,0.064256,-0.045676,-0.016964,-0.051220,0.174188,0.013426,-0.044675,-0.041623,-0.005326,-0.057207
-0.007778,-0.013544,-0.053072,-0.096810,0.053921,0.048405,-0.077358,0.010992,-0.009035,0.006476,0.046898,-0.022608,-0.094258,0.007163,-0.004979,-0.074470
-0.010571,0.046338,0.075773,-0.020934,-0.020381,0.072474,0.061996,-0.004488,-0.010379,-0.037880,0.159082,0.039094,-0.059608,0.051311,-0.025161,0.002183
-0.015197,-0.019853,-0.054649,0.009897,0.009369,-0.091594,-0.036915,-0.000247,-0.003356,0.008974,-0.052056,-0.027424,0.019558,0.013471,0.041462,0.043887
-0.015083,0.048245,0.047881,0.020291,-0.042574,0.153584,0.059873,-0.047148,-0.008411,-0.020571,0.178585,0.018633,-0.072820,0.015621,-0.071414,-0.116922
-0.012230,-0.015604,-0.042086,0.041210,-0.066612,-0.051050,-0.036076,0.045450,-0.012726,-0.079075,-0.127322,0.033801,0.033380,0.085591,0.079864,-0.050405
0.005070,-0.082989,-0.023671,-0.100114,-0.023290,-0.052085,-0.099567,0.085195,-0.010143,-0.157679,-0.109907,0.059042,-0.018643,0.025549,0.157316,-0.038062
-0.006995,0.017457,-0.012007,-0.062336,0.000203,0.100471,-0.045023,0.020593,-0.017739,-0.073957,0.088080,0.064886,-0.116774,0.093383,-0.007891,-0.118160
-0.006596,-0.040844,-0.025187,-0.024904,-0.033394,-0.026286,-0.048990,0.024511,-0.010551,-0.103942,-0.041858,0.044389,-0.016336,0.030593,0.091223,-0.042012
-0.013652,-0.002595,-0.016814,0.001851,-0.011824,0.013659,-0.006089,-0.006300,-0.004142,-0.010340,0.011328,-0.014131,-0.014584,0.007533,0.010948,-0.038790
-0.006459,0.024013,-0.017422,-0.053269,-0.033047,0.056746,-0.051307,0.074222,-0.027334,-0.057496,-0.016847,0.037913,-0.062311,0.121441,0.020240,-0.109570
-0.017975,-0.006830,-0.071077,-0.018544,0.034899,0.028418,-0.041900,-0.030724,-0.005272,0.048721,0.012338,-0.060009,-0.042391,-0.021013,-0.016418,-0.071263
-0.020215,-0.023600,0.024744,0.063599,-0.011731,0.046702,0.080383,-0.090043,0.018609,-0.007697,0.055647,-0.039940,0.025756,-0.107266,0.007617,-0.024402
-0.014246,-0.070573,-0.011756,0.040394,-0.012315,-0.048618,0.019416,-0.046317,0.022180,-0.046407,-0.056642,-0.029966,0.056360,-0.101196,0.082955,0.013930
-0.018580,-0.099727,-0.087012,0.007931,-0.006681,0.186458,-0.040864,-0.201448,0.011184,-0.012263,0.169392,-0.083850,-0.086357,-0.287064,-0.021580,-0.280697
-0.009362,0.041160,-0.011440,-0.034077,-0.007836,0.015028,-0.035212,0.051436,-0.019416,-0.035117,0.040085,0.051117,-0.069921,0.142980,-0.009552,-0.027558
-0.022659,0.061290,-0.037983,0.087678,-0.065167,-0.030363,0.015198,0.031647,-0.015018,0.101998,-0.078521,-0.084743,0.065175,0.072709,-0.050532,-0.030309
-0.013119,0.003665,-0.077545,-0.056377,0.065456,0.006053,-0.077995,0.026149,-0.007705,-0.006640,-0.019102,0.016111,-0.084374,0.099688,0.005430,-0.043306
-0.020721,-0.010181,-0.003930,0.064402,-0.026914,0.027113,0.047370,-0.074972,0.006013,0.006398,0.045975,-0.039812,0.018553,-0.069667,-0.002143,-0.038222
0.002319,-0.014405,-0.010006,-0.133455,0.035771,0.011171,-0.093903,0.060465,-0.018015,-0.147436,0.080988,0.131480,-0.144459,0.137523,0.064554,-0.017032
-0.015443,-0.066792,-0.147997,-0.056731,0.088062,-0.012861,-0.125941,-0.031638,0.002154,0.030629,-0.073262,-0.065907,-0.056134,-0.051701,0.032166,-0.091116
-0.013985,-0.032178,-0.024988,-0.005023,0.029199,-0.052677,-0.012581,-0.031570,0.007345,-0.041148,0.019723,0.016130,-0.019542,-0.003632,0.050531,0.047023
-0.014938,-0.014828,-0.011803,0.012549,-0.024325,0.042838,0.009860,-0.027577,-0.002227,-0.007324,0.009959,-0.037362,-0.000637,-0.045482,0.014929,-0.074440
-0.011284,-0.009443,-0.040661,-0.043013,0.023920,0.057056,-0.046512,0.006398,-0.009182,-0.066823,0.010435,0.043891,-0.081774,0.064959,0.028914,-0.092549
-0.005721,0.064730,0.040357,0.018118,-0.116571,-0.017787,-0.002009,0.110534,-0.033089,-0.108078,-0.013265,0.109200,-0.012505,0.226261,0.031948,-0.019780
0.000073,-0.147845,-0.105126,-0.067057,0.044062,-0.174421,-0.144648,0.047089,0.018092,-0.141201,-0.222763,0.034075,0.025278,-0.026169,0.203718,0.042215
-0.019877,-0.051212,-0.037609,0.056869,0.003427,-0.033329,0.023146,-0.052111,0.024887,0.043482,-0.080396,-0.101035,0.072686,-0.121735,0.032688,-0.007266
-0.012096,-0.035449,-0.065641,-0.030691,-0.013327,0.120172,-0.065644,-0.047815,-0.015684,-0.071577,0.053287,0.017527,-0.093908,-0.027693,0.018871,-0.207091
-0.011064,0.006097,-0.006341,0.023337,-0.080738,0.016166,-0.011529,0.025435,-0.021141,-0.070854,-0.020825,0.031440,-0.000859,0.062231,0.040803,-0.082969
-0.016358,0.061269,0.104575,0.090194,-0.108351,0.065140,0.128834,-0.022949,-0.005439,-0.020105,0.120587,0.009247,0.032381,0.021383,-0.040172,-0.011269
-0.029526,0.059303,-0.041942,0.111088,0.044183,-0.026988,0.060134,0.000676,0.028938,0.174894,-0.106535,-0.126578,0.075619,0.047593,-0.099979,0.040306
-0.000639,0.089432,0.047694,-0.058244,-0.031854,-0.068899,-0.009517,0.226454,-0.018515,0.035302,-0.152274,-0.008965,0.038431,0.249004,-0.001316,0.081251
-0.007304,0.059671,-0.101951,-0.154953,0.130980,-0.035716,-0.142120,0.154994,-0.021163,0.084927,-0.090582,-0.016468,-0.116446,0.241948,-0.035381,0.015913
-0.019663,0.008860,0.032012,0.051362,-0.059330,0.078480,0.078885,-0.075309,-0.000420,0.068885,0.096336,-0.110103,0.034233,-0.138110,-0.043380,-0.070403
-0.017037,0.068670,-0.010988,-0.001059,-0.012976,0.072597,0.016217,0.050275,-0.009935,0.137294,-0.020541,-0.120629,0.006165,0.037804,-0.091477,-0.080846
-0.010492,-0.006024,-0.073300,-0.084530,0.071019,-0.050840,-0.087926,0.050136,-0.012302,0.003158,-0.046910,-0.001646,-0.062365,0.089374,0.037102,0.017081
-0.014310,-0.042676,-0.030766,0.078852,-0.117926,-0.030424,-0.002316,-0.019337,-0.006509,0.009726,-0.090533,-0.095330,0.105014,-0.113932,0.046058,-0.089211
-0.015711,-0.012244,-0.043425,0.019418,-0.031147,0.029931,-0.019610,-0.032762,-0.003818,0.032335,0.014815,-0.065998,-0.001488,-0.056303,-0.013669,-0.091049
-0.013153,-0.007897,-0.021491,-0.013447,0.004778,0.027399,-0.013170,-0.015713,-0.001351,-0.004146,0.031774,-0.019681,-0.031462,-0.008950,0.002903,-0.046376
-0.024527,-0.027747,0.103693,0.205971,-0.205328,0.089266,0.194280,-0.160972,0.010633,0.003742,0.093529,-0.120581,0.166080,-0.287977,0.000040,-0.107666
-0.014645,0.001422,0.002612,0.013526,-0.037339,0.069890,0.020472,-0.025948,-0.006162,-0.005015,0.041638,-0.032685,-0.011417,-0.034156,-0.004977,-0.091778
-0.019110,-0.010972,0.045659,0.033336,0.018291,0.105433,0.083950,-0.124893,0.014489,-0.082321,0.192924,0.056987,-0.071786,-0.054733,-0.003645,-0.033847
-0.010447,0.125658,0.040408,-0.098549,0.075159,0.078462,0.013596,0.096896,-0.016340,0.081324,0.123368,0.008832,-0.122588,0.216102,-0.116833,0.035068
-0.012859,0.009510,0.005175,-0.003052,-0.028962,0.038211,0.012144,0.006058,-0.008755,-0.000481,0.016484,-0.028433,-0.006744,0.002164,0.003687,-0.053608
-0.002051,-0.096421,-0.048265,-0.156301,0.170293,0.051620,-0.093937,-0.058349,0.028393,-0.138946,0.129304,0.099886,-0.188373,-0.028943,0.066729,-0.013823
-0.019256,-0.032518,-0.065734,0.018384,0.033215,-0.001521,-0.022243,-0.057460,0.009904,0.021840,-0.007059,-0.048320,-0.011961,-0.053507,0.008259,-0.039850
-0.015214,-0.084425,-0.113985,-0.009801,0.061094,-0.110792,-0.089124,-0.017983,0.010049,-0.055275,-0.136768,0.003918,0.000981,-0.007023,0.114678,0.017373
-0.016983,-0.047914,-0.086759,-0.016135,0.048816,-0.046205,-0.053392,-0.002545,0.003451,0.009071,-0.122358,-0.052244,0.008758,-0.019862,0.067107,-0.022955
-0.001150,0.053791,0.035652,0.011914,-0.157764,-0.034572,-0.022430,0.153719,-0.039835,-0.078152,-0.093342,0.051262,0.041334,0.189543,0.043423,-0.049059
-0.026205,0.035401,-0.040359,-0.010882,0.081361,0.100077,0.027218,-0.053220,-0.001071,0.093621,0.053402,-0.074757,-0.062676,-0.003396,-0.061724,-0.067485
-0.017295,-0.040936,0.029324,0.106335,-0.011457,-0.149026,0.056329,-0.046295,0.014391,-0.270444,-0.016492,0.242199,0.006402,0.160808,0.173485,0.169426
-0.015007,0.020961,0.057381,0.017115,-0.022182,0.077712,0.075674,-0.053244,0.003546,0.007099,0.144331,-0.024379,-0.021395,-0.049916,-0.038377,-0.020908
-0.011567,-0.026415,-0.038670,0.047955,-0.060754,-0.148745,-0.035376,0.050734,-0.005816,-0.065217,-0.142818,0.025034,0.070259,0.076951,0.102289,0.059029
-0.012787,-0.112342,-0.091917,-0.022072,0.027050,-0.068422,-0.080872,-0.068953,0.000995,-0.106418,-0.048437,0.018198,-0.018486,-0.091625,0.139351,-0.028570
-0.016603,0.051428,-0.040118,-0.052356,0.036423,0.179012,-0.024215,-0.018178,-0.016430,0.084370,0.114101,-0.065719,-0.114352,0.015971,-0.111729,-0.182526
-0.007649,0.017437,0.024793,0.001190,-0.069209,0.017936,0.002870,0.036067,-0.013539,-0.053680,0.029323,0.027045,-0.011915,0.060013,0.015579,-0.042312
-0.034357,-0.029730,-0.107337,0.113546,-0.026750,0.128198,0.009274,-0.167830,-0.003462,0.024153,0.031270,-0.070601,-0.019786,-0.128494,-0.022123,-0.235562
-0.017198,-0.070471,-0.021533,0.040980,-0.050186,0.103229,0.009749,-0.157105,-0.002432,-0.105701,0.151691,0.020104,-0.051674,-0.161550,0.041915,-0.158193
-0.011640,0.011338,-0.098078,-0.127528,0.145944,0.136569,-0.105410,-0.014128,0.007633,0.081562,0.114329,-0.044756,-0.184341,0.027515,-0.107102,-0.133542
-0.025869,-0.065685,-0.186141,0.035306,0.063967,-0.039436,-0.104660,-0.045280,0.009935,0.060475,-0.192393,-0.097667,0.012909,-0.046323,0.038429,-0.114030
-0.012687,-0.043503,0.009209,0.041154,-0.034730,-0.025507,0.031337,-0.051692,0.018698,0.024985,0.018805,-0.084382,0.061656,-0.141118,0.012453,0.009279
-0.020574,0.004516,-0.047129,0.049476,-0.011422,-0.057618,-0.007595,-0.025299,-0.008547,-0.002966,-0.016341,-0.001245,0.008338,0.043781,0.022925,0.015890
-0.012694,-0.022071,-0.094484,-0.044933,0.095764,-0.080878,-0.090274,0.019197,0.010347,0.018092,-0.053037,-0.005590,-0.049196,0.068709,0.015503,0.046798
-0.014560,0.005813,-0.040160,0.015592,-0.022905,-0.017777,-0.028400,0.021703,-0.011379,-0.028717,-0.045420,0.013174,-0.009227,0.075830,0.028250,-0.039050
-0.013584,-0.078754,-0.001357,0.005609,0.007054,0.031989,0.017684,-0.122168,0.017058,-0.079032,0.118057,0.003958,-0.031462,-0.157098,0.055532,-0.033666
-0.009576,-0.107445,-0.195523,-0.078028,0.043414,-0.064867,-0.206524,0.029499,-0.020092,-0.102597,-0.211916,0.023063,-0.057602,0.035467,0.155219,-0.144882
-0.012453,0.002236,0.083036,0.091140,-0.127059,-0.124081,0.084856,-0.009970,-0.011843,-0.112259,0.040422,0.069068,0.084180,0.032207,0.094521,0.133163
-0.011449,0.022774,0.034962,0.012417,-0.036484,0.059371,0.034087,0.003593,-0.002893,-0.048187,0.063073,0.031446,-0.029702,0.049099,-0.006615,-0.046805
-0.024311,0.055655,0.001598,0.030711,0.026111,0.086443,0.071945,-0.025628,0.007617,0.184158,0.024143,-0.169665,0.027503,-0.063984,-0.113085,-0.045914
-0.015737,0.014089,-0.012284,0.017441,-0.027812,-0.016238,0.000177,-0.012211,-0.014254,-0.026560,0.041863,0.018055,-0.019927,0.048414,0.016510,-0.003851
-0.007206,-0.006006,-0.038806,-0.071617,0.028518,0.043408,-0.062615,0.036289,-0.007594,-0.017920,0.001664,-0.001808,-0.070302,0.046006,0.006994,-0.076679
-0.017794,0.020281,0.053338,0.048560,-0.047971,0.026172,0.089251,-0.031128,0.000992,0.028326,0.052497,-0.056964,0.043440,-0.051040,-0.009595,0.006977
-0.012068,-0.015250,-0.017045,-0.032784,0.015360,-0.012694,-0.008221,0.025881,-0.000427,0.033812,-0.060452,-0.072822,0.019415,-0.027895,0.031410,-0.005734
-0.000818,-0.042259,0.077674,0.065420,-0.190307,0.028164,0.031485,-0.006762,-0.012901,-0.236475,0.056413,0.130573,0.022616,0.001011,0.109006,-0.099309
-0.027473,-0.042800,-0.007365,0.122474,-0.042266,0.095475,0.084921,-0.154604,0.014680,-0.056041,0.054332,-0.013330,0.019910,-0.135170,0.025398,-0.123758
-0.025150,0.006489,-0.023479,0.039071,0.026264,0.109181,0.051864,-0.091973,0.011523,0.100374,0.063391,-0.117382,-0.008281,-0.114803,-0.069049,-0.099444
-0.010276,0.001013,0.041789,0.045831,-0.086693,-0.042865,0.040593,0.019332,-0.003537,-0.042364,-0.009281,-0.000493,0.057227,0.008994,0.042100,0.025036
-0.019889,0.083903,0.107358,-0.054531,0.064775,0.232583,0.142593,-0.113414,0.007032,0.182591,0.368029,-0.146735,-0.100170,-0.155486,-0.197173,-0.037677
-0.012765,0.005134,-0.000519,-0.038033,0.024508,0.078271,0.002263,-0.034387,-0.002074,0.003817,0.112199,-0.016803,-0.070911,-0.021187,-0.027635,-0.057475
-0.023431,0.065021,-0.015422,0.020945,0.052933,0.077726,0.044248,-0.008278,0.007981,0.132079,0.026120,-0.092471,-0.021396,0.036035,-0.106367,-0.035862
-0.013407,-0.017640,-0.028420,0.073410,-0.111300,-0.113388,-0.018930,0.030325,-0.019506,-0.073540,-0.112661,0.021549,0.077983,0.055153,0.096936,0.004834
-0.011467,0.020477,0.004855,0.050411,-0.129420,0.025239,0.000068,0.031031,-0.029639,-0.076795,-0.018075,0.034705,0.015666,0.073825,0.034783,-0.109656
-0.005081,0.096843,0.060333,-0.038012,-0.081079,0.140180,0.011879,0.088754,-0.040179,-0.043951,0.103356,0.059167,-0.084224,0.178591,-0.060360,-0.130141
-0.017092,-0.024215,-0.000268,-0.015016,0.031668,0.060317,0.025783,-0.095712,0.003898,-0.015710,0.139478,-0.015906,-0.058719,-0.090504,0.003454,-0.030718
0.000610,0.005633,-0.078201,-0.134020,0.028311,-0.040205,-0.161410,0.126492,-0.037847,-0.128183,-0.044052,0.132589,-0.136706,0.247903,0.077583,-0.041315
-0.006845,-0.089198,-0.067355,-0.030532,0.007645,-0.040845,-0.084516,-0.023721,0.005750,-0.119391,-0.034415,0.045825,-0.036135,-0.031820,0.106646,-0.047168
-0.012894,-0.023326,-0.080811,-0.096024,0.113161,0.144809,-0.079337,-0.027174,-0.000127,-0.064968,0.048808,0.051704,-0.169563,0.053831,0.003158,-0.165659
-0.007817,-0.074109,-0.048658,0.094523,-0.131715,-0.246379,-0.057045,0.073527,-0.009783,-0.165362,-0.263109,0.075228,0.142876,0.086163,0.207156,0.079877
-0.015061,-0.067588,-0.090779,-0.070181,0.151964,-0.079975,-0.067167,-0.018325,0.023924,0.003333,-0.077785,-0.024801,-0.041423,-0.016364,0.071217,0.075175
-0.007948,0.069374,0.141751,0.102537,-0.276501,0.140747,0.124443,0.016933,-0.040180,-0.049536,0.122893,-0.019451,0.074081,-0.026255,-0.034435,-0.174340
-0.005344,-0.016991,-0.072108,-0.051828,-0.013501,-0.018882,-0.114846,0.042239,-0.023532,-0.105757,-0.007654,0.085930,-0.086428,0.122703,0.054839,-0.075405
-0.025254,0.021529,0.033823,0.094137,-0.041244,0.053432,0.110313,-0.072882,0.006270,0.057220,0.040227,-0.083425,0.057742,-0.081425,-0.030671,-0.028475
-0.010034,0.013311,0.006704,0.016034,0.020980,-0.194251,-0.004003,0.078240,0.008563,-0.059450,-0.079716,0.080576,0.031503,0.180887,0.072857,0.217138
-0.006606,-0.024735,-0.060322,-0.034172,-0.018922,0.041049,-0.090740,-0.004511,-0.010975,-0.088821,0.054197,0.060788,-0.094358,0.049177,0.017486,-0.122947
-0.015841,0.012235,0.005065,-0.053450,0.098298,0.132304,0.024822,-0.058061,0.017166,0.005566,0.152518,0.004862,-0.122590,-0.003296,-0.056541,-0.053143
-0.017039,-0.039338,-0.059675,0.012825,-0.010393,0.068267,-0.026071,-0.062811,-0.000598,-0.001536,0.007804,-0.053490,-0.021277,-0.089134,0.010085,-0.140687
-0.004804,-0.009432,0.019591,0.027847,-0.134633,-0.021026,-0.006095,0.050463,-0.013529,-0.027040,-0.043697,-0.039629,0.066916,-0.020628,0.035957,-0.062119
-0.016032,-0.047782,0.003374,0.074820,-0.087992,0.088531,0.039055,-0.087874,0.004832,-0.077202,0.037657,-0.010338,0.018563,-0.118724,0.036868,-0.151723
-0.006223,-0.136540,-0.109839,-0.000081,-0.002221,-0.162841,-0.124314,-0.006878,0.013581,-0.176174,-0.161609,0.078733,0.015622,-0.011453,0.193204,0.012940
-0.024663,0.006773,-0.027175,0.069862,-0.054883,-0.024817,0.044945,-0.034270,-0.009576,0.135765,-0.062642,-0.174400,0.106153,-0.117558,-0.011509,-0.025343
-0.011976,0.053942,0.186711,0.083417,-0.177243,0.166686,0.200064,-0.044879,-0.005115,0.003881,0.192175,-0.067961,0.070373,-0.132227,-0.059073,-0.083865
-0.005895,-0.057749,0.007269,-0.027600,-0.041127,0.027306,-0.010027,-0.014003,0.000303,-0.059931,0.006487,-0.027437,0.006313,-0.099816,0.065866,-0.070364
-0.020504,-0.059701,-0.064990,0.043494,0.019005,-0.045633,-0.015733,-0.099963,0.012775,-0.021903,0.020710,-0.019566,-0.001142,-0.088500,0.045847,-0.001131
-0.014383,0.008523,0.033953,0.029066,-0.055747,0.057672,0.049769,-0.039762,-0.004586,-0.007854,0.089775,-0.026771,0.000022,-0.048200,-0.012013,-0.053103
-0.014899,-0.052129,-0.073358,-0.023426,0.066434,-0.100887,-0.057936,-0.018356,0.007582,-0.050822,-0.048718,0.026795,-0.027388,0.025764,0.087020,0.065243
-0.011174,0.046155,0.040146,0.002679,-0.041932,0.044670,0.039057,0.038696,-0.005163,0.036914,0.035468,-0.041565,0.004021,0.037108,-0.041699,-0.026459
-0.011376,0.086471,0.008430,-0.037431,-0.050187,0.118056,-0.022192,0.067920,-0.055819,-0.134596,0.075350,0.156663,-0.136870,0.271219,0.008589,-0.138446
-0.013746,-0.022039,-0.051422,-0.059911,0.047480,0.079031,-0.039845,-0.043681,-0.000195,0.052215,0.066962,-0.080563,-0.066744,-0.086028,-0.027245,-0.100297
-0.025538,0.104768,0.016056,0.076065,-0.047175,0.061907,0.085560,0.020274,-0.008403,0.194554,0.000425,-0.157112,0.059412,0.024866,-0.132459,-0.043818
-0.002579,0.074908,0.109434,-0.040577,-0.103233,0.072277,0.049346,0.061305,-0.034900,-0.050150,0.168006,0.045601,-0.047704,0.095546,-0.026986,-0.022281
-0.023731,-0.076019,-0.031250,0.171341,-0.138002,-0.032040,0.050871,-0.117484,0.009671,-0.040895,-0.070816,-0.068191,0.134922,-0.184359,0.076737,-0.093044
-0.028027,-0.141668,-0.152675,0.059524,0.127255,-0.125990,-0.048144,-0.182824,0.053230,0.058193,-0.058658,-0.117151,0.039485,-0.247012,0.061704,0.059523
-0.011815,-0.023053,-0.049859,-0.025975,0.035084,-0.046464,-0.047700,0.014761,0.003004,-0.017912,-0.041727,-0.001039,-0.022200,0.035819,0.039858,0.012269
-0.013166,0.043352,-0.027930,0.057718,-0.111424,-0.105096,-0.022941,0.099946,-0.024940,0.040539,-0.139378,-0.047707,0.088666,0.115416,0.017043,0.007369
-0.015360,0.021800,0.027384,0.006539,0.021456,-0.062044,0.042276,-0.006289,0.004795,0.013064,0.059033,-0.001852,0.000457,0.038385,0.003552,0.119807
-0.019741,0.015177,-0.033858,-0.005222,0.035607,0.078846,0.006261,-0.049111,0.002239,0.076881,0.070566,-0.076929,-0.045237,-0.042097,-0.060871,-0.075386
-0.008452,0.011663,-0.089898,-0.001661,-0.052302,-0.150361,-0.113931,0.131835,-0.031388,-0.029434,-0.201206,0.022810,0.033654,0.194264,0.075399,0.012510
-0.012369,-0.054392,-0.068821,0.016554,-0.024350,-0.085054,-0.065552,-0.002503,-0.010487,-0.113188,-0.084730,0.059362,0.000746,0.044755,0.115037,-0.015417
-0.006396,-0.054554,-0.099674,-0.075341,0.023100,0.043660,-0.129856,-0.007913,-0.012297,-0.083724,0.012366,0.038642,-0.110058,0.015648,0.045033,-0.148543
-0.018938,-0.016089,0.051395,0.085013,-0.078063,0.081913,0.097542,-0.110714,0.007119,-0.031099,0.124239,-0.029564,0.025940,-0.134244,-0.002943,-0.071555
-0.034070,0.080251,0.018287,0.156142,-0.031759,0.042844,0.133297,-0.060255,0.007277,0.106385,0.013358,-0.073662,0.064694,0.029559,-0.088925,-0.005915
-0.027572,0.013314,0.027744,0.086745,-0.051583,0.128085,0.118101,-0.142390,0.004703,0.152040,0.140819,-0.192554,0.054054,-0.242517,-0.097625,-0.105614
-0.010489,0.002112,0.023042,0.022433,-0.077088,0.040890,0.018385,-0.000511,-0.012916,-0.063630,0.034143,0.018626,-0.001795,0.011183,0.025358,-0.073438
-0.014017,0.023336,-0.096297,-0.040159,0.026505,0.158817,-0.096107,-0.027707,-0.017102,0.001597,0.104800,0.014918,-0.156121,0.068135,-0.086830,-0.230844
-0.015560,-0.050442,-0.062273,0.028345,-0.017418,-0.001041,-0.035259,-0.068589,0.006716,-0.000649,0.017792,-0.048950,-0.001468,-0.097793,0.015322,-0.073584
-0.020581,-0.008288,-0.090732,-0.067300,0.131597,0.103790,-0.047181,-0.069555,0.010179,0.107945,0.075011,-0.098324,-0.107342,-0.067074,-0.073300,-0.098232
-0.003038,-0.004784,0.051732,-0.049218,-0.116107,0.094715,0.003739,0.006028,-0.034205,-0.069326,0.116306,-0.006860,-0.031926,-0.057306,0.033030,-0.130924
-0.015292,0.026894,-0.031876,-0.026345,-0.003134,0.107284,-0.019772,-0.033114,-0.011863,0.070998,0.115840,-0.071182,-0.070781,-0.031954,-0.079795,-0.126721
-0.011661,0.002703,0.006234,-0.002012,-0.018552,0.025393,0.004815,-0.008289,-0.004949,-0.043338,0.053479,0.021515,-0.032458,0.025840,0.011821,-0.030904
-0.018533,-0.052587,-0.053153,-0.040362,0.171821,-0.041351,-0.003797,-0.059698,0.046316,0.073219,-0.011588,-0.079207,-0.024176,-0.086127,0.002632,0.100400
-0.019471,0.095407,-0.001054,0.019885,-0.022333,0.206890,0.037474,-0.009625,-0.005738,0.166421,0.117853,-0.130140,-0.052221,-0.000551,-0.192508,-0.196161
-0.006899,-0.004733,0.043052,0.003940,-0.081845,0.037625,0.020285,0.001375,-0.010373,-0.084081,0.069410,0.033257,-0.012360,0.000783,0.033503,-0.055018
-0.011681,0.032886,-0.016554,-0.040731,-0.000796,0.131803,-0.021971,0.005978,-0.015348,0.010594,0.079780,-0.014369,-0.087642,0.040210,-0.056265,-0.147428
-0.028403,0.033846,0.041526,0.079134,0.015902,0.074297,0.131829,-0.078617,0.011739,0.056962,0.049273,-0.064155,0.029885,-0.047762,-0.035517,-0.001314
-0.015238,0.027463,-0.016865,-0.003556,-0.001676,0.024441,-0.004967,0.007770,-0.010813,0.005106,0.028543,-0.002636,-0.036569,0.062979,-0.014058,-0.034691
-0.005839,-0.068259,-0.151772,-0.022971,-0.015321,-0.266567,-0.183265,0.128837,-0.020628,-0.097190,-0.308573,0.052293,0.050048,0.168199,0.185172,0.070757
-0.015058,0.068039,0.056554,0.066276,-0.109298,0.116832,0.076174,0.029770,-0.015302,0.003040,0.021959,-0.018871,0.021320,0.061407,-0.051672,-0.126217
-0.011239,-0.012419,-0.022995,-0.012816,-0.011117,0.014452,-0.026566,0.005410,-0.007335,-0.066565,0.001595,0.035613,-0.039063,0.046288,0.041280,-0.052684
-0.023705,0.004622,-0.076970,-0.019307,0.101594,0.058825,-0.018503,-0.066824,0.009614,0.099049,0.051429,-0.082530,-0.068619,-0.035806,-0.061080,-0.052062
-0.008531,-0.041644,-0.046606,-0.044389,-0.063203,0.143172,-0.069799,-0.077347,-0.030563,-0.080917,0.152505,0.008890,-0.107306,-0.093904,0.011515,-0.239526
-0.018627,0.047609,0.030116,0.064081,-0.049253,0.063703,0.067231,-0.020062,0.000652,0.037955,0.062559,-0.036656,0.010269,0.014816,-0.060935,-0.048200
-0.008825,0.003235,-0.020305,-0.036346,-0.008267,-0.035540,-0.041218,0.041392,-0.016468,-0.039659,-0.007241,0.024266,-0.030054,0.078200,0.039991,0.004689
-0.004567,-0.052006,-0.085571,-0.101004,0.065898,-0.070481,-0.123427,0.028576,-0.003418,-0.018727,-0.024795,-0.007886,-0.063139,0.012656,0.053681,0.011311
0.000376,-0.096592,0.105511,0.013041,-0.190976,0.232067,0.065599,-0.143291,0.002250,-0.167886,0.264021,-0.003699,-0.027425,-0.316710,0.040163,-0.277050
-0.027586,0.099409,0.047713,0.092588,-0.038700,-0.035837,0.126555,0.011044,-0.005440,0.194064,-0.003893,-0.155528,0.108975,0.011820,-0.090853,0.097950
-0.018482,0.134848,0.013712,-0.048628,0.081761,0.061383,0.024006,0.061452,-0.017938,0.096871,0.113444,0.010311,-0.111484,0.229571,-0.126463,0.042346
-0.011696,0.026872,-0.038336,-0.022213,-0.020728,0.023157,-0.045599,0.022646,-0.017261,0.035204,0.036427,-0.032623,-0.042416,0.046984,-0.036718,-0.067932
-0.016285,-0.013225,-0.001855,0.031321,-0.027484,0.058352,0.030999,-0.046528,0.006827,0.020490,0.030227,-0.064227,0.012181,-0.083315,-0.011491,-0.077631
-0.014431,-0.039991,-0.036735,0.083855,-0.098010,-0.172206,-0.009521,0.021600,-0.002013,0.032472,-0.161426,-0.096756,0.154089,-0.061954,0.079717,0.064439
-0.017401,-0.049960,-0.179081,0.011721,0.055181,-0.209925,-0.142830,0.089873,0.003067,0.033886,-0.342606,-0.051977,0.069103,0.111857,0.105075,0.045451
-0.008355,-0.018477,0.039201,0.014623,-0.045122,0.009683,0.030423,0.004048,0.004454,-0.092789,0.013398,0.041308,0.005654,0.010469,0.054296,-0.012606
-0.011999,0.034046,0.051099,0.011153,-0.049177,0.114535,0.053059,-0.014815,-0.005863,-0.019777,0.114046,0.001233,-0.037102,0.007482,-0.041644,-0.089793
-0.014034,0.026514,-0.046669,-0.033713,0.036192,0.086243,-0.039082,0.045555,-0.009408,-0.037711,-0.043211,0.040275,-0.083709,0.141265,-0.001617,-0.118144
-0.016872,-0.052255,-0.013013,0.043597,0.024475,0.001469,0.022531,-0.061972,0.021521,-0.134005,-0.008691,0.086015,-0.023489,0.011637,0.084841,-0.008779
-0.021932,0.075173,0.032453,0.009301,-0.024528,0.164644,0.079238,-0.045252,-0.015319,0.145871,0.146959,-0.136638,-0.025506,-0.067945,-0.128556,-0.119863
-0.013662,0.037914,-0.057493,-0.020079,-0.024138,-0.021818,-0.066071,0.044703,-0.038313,-0.015990,-0.005640,0.028398,-0.050901,0.141078,0.010240,-0.044239
-0.018033,-0.014971,-0.022111,-0.005837,0.059028,0.052104,0.012996,-0.074805,0.016166,0.019304,0.092692,-0.030213,-0.054722,-0.056706,-0.025486,-0.025939
-0.015194,-0.014094,-0.044821,0.014811,0.024219,-0.066615,-0.022246,0.013103,0.008429,0.001536,-0.073426,-0.014841,0.014849,0.039989,0.032737,0.034858
-0.032544,0.038932,-0.079567,0.114787,0.023209,0.010212,0.031429,-0.071706,0.016714,0.182201,-0.022598,-0.148102,0.043910,-0.038665,-0.114084,-0.039301
-0.021834,-0.006543,-0.023885,0.057593,0.024219,-0.051523,0.028197,-0.062061,0.013457,0.001988,0.029340,-0.002671,0.005065,0.000532,0.009475,0.060788
-0.023853,-0.001953,-0.063079,0.051920,0.049842,-0.074924,-0.004604,-0.029574,0.008196,-0.015525,-0.051920,0.027257,-0.006521,0.083539,0.034535,0.057045
-0.014884,-0.052426,-0.027778,0.006656,0.001780,0.073539,0.000595,-0.067495,0.011823,-0.030913,0.020109,-0.035733,-0.019124,-0.106872,0.027077,-0.111880
-0.010168,-0.067722,-0.084232,-0.062461,0.070665,-0.022594,-0.087109,-0.024438,0.007666,-0.027323,-0.021776,-0.016317,-0.054042,-0.043635,0.054315,-0.032040
-0.019950,0.068847,0.083388,0.040678,-0.056746,0.201051,0.113784,-0.091584,-0.020091,-0.025726,0.256313,0.025776,-0.079862,-0.006057,-0.083716,-0.126569
-0.027808,-0.019764,0.066777,0.127118,-0.020890,0.022530,0.165516,-0.149217,0.031471,0.032979,0.093259,-0.081263,0.085692,-0.186051,-0.003426,0.052095
-0.023628,-0.060137,-0.125539,-0.005455,0.052058,0.097558,-0.056669,-0.128576,0.006924,0.117361,0.032952,-0.168192,-0.035654,-0.216742,-0.044448,-0.185303
-0.013687,-0.010831,-0.037047,-0.011953,-0.002549,0.046562,-0.023723,-0.016453,-0.002723,0.021139,0.013393,-0.051847,-0.024258,-0.034594,-0.009263,-0.088081
-0.037411,0.029520,0.032646,0.201123,-0.010913,-0.127252,0.183059,-0.061210,0.038101,0.152424,-0.129610,-0.151428,0.206911,-0.068868,-0.010800,0.185402
