0.000732,0.014184,0.001251,-0.026953,0.014856,-0.029018,-0.032131,0.042857,-0.005355,-0.034753,-0.021311,0.031852,-0.002485,0.033967,-0.026435,-0.052241
0.013628,0.003780,-0.057205,-0.009998,-0.121003,0.183643,-0.149643,0.117320,-0.036604,-0.150522,-0.010301,-0.035990,0.006582,0.014164,0.193364,-0.039664
0.005903,0.042540,0.013613,-0.033410,0.034548,-0.079171,-0.019161,0.051630,0.020724,-0.055806,-0.068109,0.073434,0.094995,0.116365,-0.107854,-0.046873
0.002533,0.033945,0.006026,0.011352,-0.058610,0.000447,-0.049799,0.094321,-0.020015,0.026703,-0.000842,-0.047610,-0.034079,-0.021826,0.037510,-0.007590
0.014352,0.054568,0.075666,-0.014887,0.005231,-0.040965,-0.023066,0.064559,0.004956,0.007269,-0.049010,0.029936,0.066428,0.109964,-0.041824,-0.034835
0.000912,0.018105,0.087533,0.020736,-0.054651,0.012669,0.041425,0.000701,0.054058,-0.057176,0.010938,0.009760,-0.002869,0.027252,0.105152,0.005137
-0.006041,0.009245,0.021156,0.004787,-0.036019,-0.004079,0.005799,0.018981,0.014760,-0.026965,0.018630,-0.001108,-0.040752,0.014338,0.052393,-0.015882
0.002118,0.018118,-0.001736,0.000783,-0.061131,0.039176,-0.047026,0.058269,0.012674,-0.078731,-0.006624,-0.000217,-0.010548,0.005816,0.085094,-0.019846
0.000848,0.021984,0.015459,-0.011030,-0.010417,-0.021098,-0.028072,0.051535,-0.008152,-0.003007,-0.008158,0.004010,-0.018249,0.025564,-0.000858,-0.034776
0.002025,0.020910,0.033107,-0.006319,-0.017337,-0.007316,-0.023402,0.049202,-0.017163,0.020215,0.003519,-0.011143,-0.028769,0.032877,0.017493,-0.032380
0.008276,0.042322,0.072419,-0.020875,0.025883,-0.063802,0.011981,0.024281,0.034710,-0.038797,-0.049903,0.068104,0.077571,0.121168,-0.057463,-0.037699
-0.002360,-0.012551,-0.069384,-0.060577,0.059420,-0.023153,-0.094026,0.073697,-0.088199,0.025576,-0.008214,0.004652,-0.066038,-0.004717,-0.083671,-0.101979
0.004688,0.022790,0.011113,-0.036855,0.033698,-0.042061,-0.035790,0.046214,-0.008842,-0.029930,-0.038198,0.048350,0.029586,0.077139,-0.062414,-0.062511
-0.001397,0.015514,-0.001964,-0.019869,0.010354,-0.039310,-0.033562,0.054881,-0.021562,0.012333,-0.008504,0.004167,-0.033303,0.004777,-0.032210,-0.045799
0.001215,-0.002573,0.053741,0.048731,-0.145335,0.136473,-0.027002,0.058718,-0.018748,0.008460,0.075396,-0.115276,-0.121632,-0.086424,0.258331,0.021257
0.000567,0.022370,0.003212,-0.029109,0.030161,-0.053783,-0.044042,0.060318,-0.040020,0.048893,-0.011963,0.006182,-0.034586,0.034744,-0.067545,-0.059632
-0.005709,-0.015573,0.003113,-0.018779,-0.005099,0.021212,-0.024333,0.009351,-0.009504,-0.040926,0.026869,0.010248,-0.089147,-0.025375,0.067537,-0.054512
-0.003741,0.002967,0.028831,-0.034164,0.046524,-0.041065,-0.014238,0.006992,-0.033426,0.044096,0.016050,0.023965,-0.071186,0.056332,-0.037075,-0.073555
0.024823,0.141344,0.014570,0.019633,-0.070417,-0.087379,-0.127324,0.259176,-0.099667,0.233802,-0.080876,-0.117720,0.116292,0.143214,-0.172925,0.019091
-0.022731,0.056284,-0.245795,0.012275,-0.096905,-0.085391,-0.145377,0.232312,-0.134033,0.159143,0.002123,-0.152285,-0.035992,0.005222,-0.183488,0.016839
0.000866,0.018577,0.014886,-0.029273,0.028487,-0.045326,-0.025020,0.038922,-0.015506,0.002091,-0.017814,0.029891,-0.005963,0.058553,-0.051742,-0.056645
-0.009024,-0.017647,-0.067772,-0.000354,-0.073758,0.075915,-0.087661,0.062777,-0.025986,-0.059974,0.043217,-0.044807,-0.148004,-0.128974,0.147401,-0.035442
-0.006558,0.010082,-0.045080,-0.005794,-0.026329,-0.021630,-0.055359,0.079542,-0.028036,0.009267,0.006778,-0.031656,-0.076270,-0.072215,0.006005,-0.029159
-0.016009,-0.047965,-0.166113,-0.026650,-0.050840,0.093524,-0.158604,0.106583,-0.121777,0.011002,0.069383,-0.097569,-0.227631,-0.181209,0.100676,-0.075648
0.000503,-0.008449,0.074892,0.006968,-0.055515,0.073198,0.017968,-0.029817,0.063466,-0.136629,0.024437,0.036978,-0.046223,-0.004012,0.187716,-0.021906
-0.004010,0.037730,0.070725,-0.031434,0.111241,-0.203347,0.068994,0.000768,0.029918,0.059021,-0.047861,0.080850,0.034695,0.063219,-0.206984,-0.045756
-0.005889,-0.015772,0.018033,-0.034455,0.045685,-0.031663,0.000659,-0.012044,0.004892,-0.044647,0.006972,0.050850,-0.065829,-0.012592,0.001019,-0.069642
-0.002556,0.000087,-0.079289,-0.018809,-0.044953,0.047548,-0.111456,0.094803,-0.047604,-0.041248,0.006501,-0.030501,-0.082306,-0.062076,0.059250,-0.051106
0.003881,0.021014,0.073609,-0.008182,0.000917,-0.025193,0.018017,0.008287,0.036615,-0.046852,-0.015548,0.042657,0.010729,0.045535,0.024764,-0.030129
-0.000707,0.012730,-0.012974,0.007662,-0.062894,0.040611,-0.080803,0.098575,-0.068794,0.079468,0.039897,-0.089937,-0.125306,-0.069068,0.080083,-0.026495
0.014554,0.062835,-0.077408,0.045939,-0.232274,0.191880,-0.194245,0.232037,-0.111437,0.049869,0.020625,-0.187584,-0.005907,0.062144,0.183540,0.030323
0.006094,0.019256,0.151371,-0.016122,0.052631,-0.068636,0.083551,-0.055364,0.082715,-0.066157,-0.026210,0.102932,0.033779,0.075373,0.004684,-0.039835
-0.003356,0.010122,-0.173957,-0.021233,-0.097864,0.095420,-0.190021,0.140916,-0.042151,-0.137917,-0.014915,-0.023477,-0.060995,-0.061749,0.093268,-0.049144
0.011602,0.087520,0.106330,0.017243,-0.019425,-0.089839,-0.005775,0.100245,-0.037574,0.189636,-0.016990,-0.053477,0.024775,0.128448,-0.088217,0.001581
-0.008943,0.039554,-0.125204,-0.015071,-0.004540,-0.112167,-0.092637,0.156642,-0.059580,0.065060,-0.038401,-0.045753,-0.022427,-0.069732,-0.156261,-0.023460
0.002850,0.011944,0.119962,-0.000919,0.005908,-0.024800,0.064061,-0.033062,0.062492,-0.057321,-0.002147,0.055385,0.004663,0.045603,0.056666,-0.023114
0.000439,0.028368,0.038534,0.009949,-0.040728,-0.010895,-0.018648,0.053891,-0.001764,0.024786,0.010493,-0.024929,-0.051186,-0.008159,0.046440,-0.013161
0.004338,0.029948,0.073850,-0.025399,0.054054,-0.097419,0.042645,0.006509,0.043075,-0.039936,-0.051461,0.079912,0.078519,0.093345,-0.091398,-0.039199
-0.010069,-0.027033,0.021095,-0.024808,0.028485,-0.014661,0.016689,-0.036336,0.028874,-0.080244,0.023551,0.054602,-0.095432,-0.050552,0.056245,-0.060276
-0.004687,0.020025,0.013103,-0.029758,0.057138,-0.105640,0.001411,0.031445,-0.013548,0.041949,-0.017729,0.032929,-0.018005,0.037972,-0.113974,-0.053662
0.016381,0.031985,0.183473,0.006418,-0.016022,0.021688,0.045208,-0.016059,0.048663,-0.021106,-0.003471,0.035572,0.018809,0.094325,0.107824,-0.022746
0.006304,0.040362,-0.055454,-0.056798,0.052417,-0.072839,-0.090897,0.109852,-0.066805,0.025901,-0.065984,0.030999,0.074919,0.139440,-0.181161,-0.079178
0.001596,0.005958,-0.001148,-0.027577,-0.000151,0.011263,-0.045677,0.037854,-0.010926,-0.053516,-0.009790,0.027270,-0.017201,0.038405,0.019485,-0.057914
-0.001342,0.013344,0.020103,-0.022095,0.021339,-0.043761,-0.011905,0.030971,-0.008904,0.002522,-0.007742,0.022326,-0.021943,0.033377,-0.032852,-0.048497
0.005351,0.003462,0.062926,-0.027275,0.013826,0.020053,-0.014554,-0.001479,0.005403,-0.049698,-0.000081,0.045821,-0.024457,0.064340,0.052283,-0.064328
-0.002984,0.026232,-0.060162,0.021992,-0.098929,0.035271,-0.105896,0.152613,-0.094164,0.117944,0.038101,-0.138927,-0.114489,-0.082159,0.054510,-0.001933
0.006366,0.041196,0.095909,-0.031887,0.061985,-0.100037,0.048302,-0.024046,0.078102,-0.089064,-0.064129,0.130671,0.100100,0.152264,-0.082204,-0.048324
-0.003657,0.015153,0.077215,-0.024274,0.066223,-0.104819,0.054024,-0.022300,0.026680,0.014027,-0.010480,0.064408,-0.010477,0.060748,-0.076181,-0.049142
-0.012551,-0.028996,-0.150603,-0.051564,0.025610,-0.010159,-0.128182,0.090979,-0.072140,-0.038487,0.002601,-0.007821,-0.136490,-0.149882,-0.029492,-0.091062
0.004799,0.033447,-0.025224,-0.052317,0.061041,-0.078520,-0.070310,0.082817,-0.050727,0.030643,-0.051129,0.037216,0.030816,0.094973,-0.149407,-0.080097
-0.012038,-0.005221,-0.154876,-0.058795,0.042760,-0.050071,-0.128708,0.110451,-0.110245,0.046609,-0.005585,-0.018329,-0.085405,-0.018023,-0.135027,-0.094286
-0.019530,-0.021914,-0.195012,0.014879,-0.164331,0.140804,-0.135876,0.108176,-0.038982,-0.135556,0.052305,-0.083708,-0.112409,-0.091875,0.182623,-0.003919
0.013267,0.045742,0.106060,0.000642,-0.016126,-0.007255,-0.015882,0.062783,-0.034640,0.098777,-0.001134,-0.031396,-0.001477,0.097314,0.008405,-0.027926
0.007776,-0.008672,0.018713,-0.012780,-0.057131,0.114118,-0.069603,0.037923,-0.001513,-0.113801,0.010447,0.004206,-0.050525,-0.017923,0.171908,-0.050224
-0.004024,-0.004957,0.086084,0.018819,-0.042300,0.022204,0.040182,-0.014273,0.030891,-0.017624,0.045770,-0.013366,-0.091214,-0.046638,0.135512,-0.008697
0.003800,0.003481,0.122185,-0.017918,0.039001,-0.028367,0.056247,-0.035313,0.024971,-0.009229,0.004939,0.050826,-0.007605,0.076638,0.018484,-0.048747
-0.007685,-0.047511,0.015840,-0.041644,0.043091,0.018488,0.021369,-0.050487,0.020032,-0.126564,0.016441,0.072456,-0.048251,-0.000758,0.054747,-0.077496
-0.010123,-0.022798,-0.061911,0.001998,-0.069921,0.070129,-0.070880,0.061639,-0.036133,-0.035931,0.049413,-0.058724,-0.141535,-0.123228,0.132785,-0.030560
-0.003961,-0.013048,0.029014,0.026579,-0.096067,0.088711,-0.013817,0.026371,0.014270,-0.059059,0.052659,-0.049558,-0.110141,-0.100664,0.205928,-0.000516
-0.007612,0.055176,0.047588,-0.025801,0.091147,-0.209035,0.065422,0.023809,-0.019047,0.148834,-0.031856,0.039072,0.067811,0.199723,-0.271317,-0.034427
-0.011437,-0.054231,-0.000373,-0.032257,0.005147,0.068177,-0.004543,-0.059296,0.021471,-0.145108,0.047485,0.058380,-0.118084,-0.033025,0.142810,-0.077015
0.005537,-0.010379,0.048289,-0.032368,0.004469,0.047681,-0.003546,-0.027663,0.060597,-0.192641,-0.024202,0.100012,0.029135,0.057278,0.097003,-0.062168
0.000744,0.032564,-0.055420,-0.030002,0.023953,-0.078998,-0.083663,0.118321,-0.050986,0.044595,-0.040199,-0.010102,-0.018540,-0.030306,-0.113839,-0.052073
0.005867,-0.077134,0.039495,-0.065427,0.046686,0.139517,-0.054868,-0.045600,-0.028766,-0.142391,0.037175,0.058428,-0.128832,-0.056917,0.182913,-0.132685
-0.007006,0.008540,-0.146252,-0.022391,-0.051146,0.025263,-0.142322,0.138051,-0.080353,-0.010588,-0.001850,-0.054208,-0.065106,-0.042820,-0.009975,-0.047791
-0.008928,-0.017793,0.020612,-0.006134,0.010295,-0.030052,0.005383,0.016078,-0.008820,0.018766,0.034227,-0.016989,-0.129827,-0.127422,0.042980,-0.038258
0.003575,0.016005,0.080884,-0.004897,-0.006735,-0.006974,0.016235,0.005835,0.022750,-0.023596,0.001429,0.024680,-0.014459,0.043139,0.048111,-0.031084
0.003992,0.024063,-0.027596,-0.015562,-0.036385,0.022235,-0.089962,0.084879,-0.016633,-0.046277,-0.016962,-0.000569,-0.034122,-0.010371,0.042252,-0.044042
-0.013027,-0.017638,0.129171,-0.010908,0.059903,-0.080146,0.146854,-0.115799,0.066396,-0.024778,0.035194,0.082458,-0.021602,0.102706,-0.006414,-0.034321
0.008518,0.118651,-0.030187,-0.031668,0.065622,-0.230334,-0.078500,0.186429,-0.082240,0.218746,-0.101521,-0.012165,0.113434,0.170801,-0.364891,-0.035537
0.009290,0.036660,0.114583,-0.009563,0.026874,-0.053584,0.005612,0.030430,-0.007665,0.079997,-0.005770,0.007673,-0.034948,0.038183,-0.013649,-0.042211
0.011336,-0.002691,0.158988,-0.034968,0.032215,0.059912,0.031893,-0.080692,0.030327,-0.072652,0.016951,0.093992,-0.007961,0.188934,0.109992,-0.084324
-0.017549,-0.030798,-0.060827,-0.025504,0.015411,-0.016884,-0.039018,0.022650,-0.049922,0.022082,0.050314,-0.019869,-0.161437,-0.088381,0.011470,-0.064751
-0.005007,0.002386,-0.103630,-0.004895,-0.086429,0.076712,-0.128669,0.112658,-0.055421,-0.039189,0.021374,-0.061181,-0.098995,-0.071164,0.097870,-0.034842
0.005518,0.042093,0.070492,0.018857,-0.059158,-0.008892,0.019664,0.033057,0.067957,-0.084064,-0.027105,0.027036,0.054943,0.048496,0.065132,0.011739
-0.003494,0.023396,0.052038,-0.003390,0.015506,-0.083677,0.034970,0.014487,0.036154,-0.007545,-0.013677,0.032679,-0.009327,0.001695,-0.032473,-0.019355
0.007758,0.012279,0.041804,-0.032976,0.028163,-0.013345,-0.024240,0.030555,0.002865,-0.052071,-0.031129,0.049092,0.018717,0.047967,-0.008055,-0.061926
0.004297,0.033898,0.058249,0.004637,-0.034031,-0.004036,-0.009803,0.053674,-0.022098,0.054438,0.007608,-0.028303,-0.003703,0.087834,0.015316,-0.017432
-0.000780,0.031385,-0.012859,0.001694,-0.055860,0.009140,-0.048512,0.075828,-0.024307,0.008419,0.002909,-0.028374,-0.009222,0.067235,0.018537,-0.017497
-0.001340,0.021099,0.053258,0.002411,-0.009448,-0.049130,0.033025,0.014958,0.048116,-0.049653,-0.015772,0.032657,0.012398,0.009420,0.010218,-0.010550
0.003954,0.014685,0.044930,-0.017737,0.006350,-0.012058,-0.020868,0.027329,0.009415,-0.032561,-0.010526,0.029881,-0.029789,0.006723,0.028404,-0.047978
0.003044,0.067993,0.069957,0.024504,-0.026142,-0.114327,0.044253,0.074594,0.033312,0.054243,-0.040888,-0.010730,0.081777,0.062798,-0.085854,0.029713
-0.004241,-0.013517,0.056910,-0.009716,0.021363,-0.034488,0.037774,-0.010131,0.030395,-0.041898,0.009173,0.027912,-0.058612,-0.072230,0.038965,-0.035476
-0.003467,0.003527,0.009020,-0.010959,-0.028413,0.019458,0.000757,0.010405,0.014382,-0.078911,0.002776,0.027356,0.019571,0.094892,0.038745,-0.030194
-0.005878,-0.040336,-0.031334,-0.067875,0.069478,0.011881,-0.043409,-0.024883,-0.008997,-0.123037,-0.000163,0.091121,-0.066664,0.010721,0.010473,-0.114653
-0.001963,0.005479,0.028521,-0.016276,0.020570,-0.044049,-0.004815,0.029366,-0.003185,0.004044,-0.000934,0.012325,-0.051580,-0.033278,-0.008381,-0.043702
0.003210,0.007312,0.196512,-0.015002,0.103188,-0.138043,0.145320,-0.087702,0.110214,-0.044447,-0.028640,0.119810,0.011064,-0.015792,-0.032028,-0.036432
0.010029,0.061272,-0.056558,-0.001496,-0.074806,0.011619,-0.132971,0.167698,-0.047927,0.012135,-0.042387,-0.050946,0.018666,0.016644,-0.007290,-0.017666
-0.012451,0.010568,-0.137812,-0.003397,-0.090187,0.056630,-0.145734,0.126366,-0.097835,0.048703,0.047702,-0.095155,-0.142763,-0.030831,0.053059,-0.036980
0.014832,-0.010114,-0.003648,-0.034603,-0.068040,0.176778,-0.113622,0.013794,0.064436,-0.317683,-0.032877,0.100631,0.004598,0.010921,0.250889,-0.075960
-0.004340,0.012324,-0.053662,-0.006015,-0.046724,0.008750,-0.063511,0.079473,-0.014827,-0.044722,-0.003483,-0.017519,-0.035607,-0.028856,0.029989,-0.025773
0.000022,0.070675,0.143547,0.040008,-0.040068,-0.103744,0.126384,0.001863,0.063835,0.059685,-0.012428,0.007787,0.124936,0.219292,-0.060829,0.049840
0.004574,0.036236,-0.047262,0.002446,-0.084268,0.051878,-0.117583,0.134881,-0.066442,0.034753,0.003459,-0.074304,-0.041613,0.014667,0.049860,-0.022911
-0.007861,0.024978,0.015619,0.010037,-0.043646,-0.031168,0.023718,0.013862,0.045741,-0.059700,0.000185,0.023874,0.011069,0.063387,0.022709,0.000319
0.013021,0.051631,0.004371,-0.021348,-0.028084,0.014593,-0.091483,0.109850,-0.056219,0.032312,-0.033245,-0.014681,0.050004,0.149477,-0.034218,-0.046548
-0.001008,0.041449,-0.185621,-0.001517,-0.106933,0.034922,-0.205955,0.240507,-0.129777,0.071030,-0.013327,-0.137254,-0.054097,-0.071898,-0.026929,-0.018228
-0.016083,0.024037,-0.051997,-0.009594,0.020493,-0.122725,-0.024776,0.075851,-0.057806,0.136263,0.017865,-0.043154,-0.096568,-0.026030,-0.129906,-0.030792
0.001296,-0.000951,-0.076158,-0.037129,-0.013720,0.040406,-0.121962,0.092832,-0.054774,-0.049535,-0.010141,-0.005958,-0.062297,-0.036518,0.026840,-0.073873
-0.007641,-0.029453,-0.028271,-0.016226,-0.016774,0.042292,-0.059901,0.033669,-0.030506,-0.029153,0.042912,-0.023444,-0.163257,-0.140893,0.109356,-0.059007
0.002104,0.017966,-0.043362,-0.015103,-0.028228,0.004983,-0.094860,0.099382,-0.024209,-0.031042,-0.017033,-0.014804,-0.059793,-0.080764,0.029889,-0.043122
-0.001398,0.007116,-0.019516,-0.014596,-0.020269,0.008706,-0.053531,0.066987,-0.039156,0.006204,0.006996,-0.023018,-0.046590,0.001141,0.015125,-0.042336
0.018484,0.031858,0.175899,-0.078618,0.209609,-0.181489,0.030906,-0.006113,-0.035084,0.152026,-0.058765,0.100728,0.001533,0.090834,-0.225569,-0.128493
0.002721,0.037120,0.046128,0.011817,-0.058082,0.003815,0.000325,0.038981,0.031262,-0.045019,-0.009681,0.008180,0.033338,0.085331,0.050217,-0.001030
0.002038,0.031289,0.010273,-0.004526,-0.020419,-0.018924,-0.064456,0.091259,-0.058060,0.098793,0.012463,-0.053018,-0.082367,-0.012659,-0.002767,-0.036503
-0.000599,0.016295,-0.114567,-0.047781,0.000900,0.003934,-0.143875,0.123891,-0.095762,0.015720,-0.019551,-0.018201,-0.032482,0.047915,-0.073120,-0.081566
0.000766,-0.020457,0.124751,-0.018613,0.037599,0.002404,0.061338,-0.063317,0.033787,-0.042325,0.026752,0.054721,-0.059527,0.018297,0.082118,-0.057112
0.000539,0.044740,0.196097,0.013463,0.039590,-0.133339,0.148215,-0.073125,0.113137,-0.002249,-0.015173,0.091008,0.041782,0.105334,-0.028014,0.002473
0.013153,0.049126,-0.070049,-0.067123,0.058382,-0.054714,-0.171724,0.161506,-0.119933,0.096329,-0.061782,-0.004634,-0.007496,0.064711,-0.168025,-0.107900
0.006921,0.025229,0.019253,-0.011189,-0.032605,0.026992,-0.061526,0.065923,-0.015109,-0.022149,-0.009102,-0.002563,-0.021561,0.029820,0.051276,-0.040586
0.002322,0.028828,-0.026670,-0.020099,-0.010630,-0.023693,-0.068562,0.083604,-0.016505,-0.023666,-0.029052,0.008881,-0.005951,0.011370,-0.024576,-0.042919
0.014583,0.087255,0.023430,-0.017768,0.008681,-0.095531,-0.068723,0.136483,-0.043403,0.100106,-0.070653,-0.005414,0.089175,0.142587,-0.157221,-0.031221
0.001578,0.025661,0.036408,-0.000265,-0.030898,-0.006464,-0.005800,0.040470,0.005830,-0.014849,-0.004536,0.002280,0.010919,0.067421,0.021210,-0.018664
-0.006973,0.002222,-0.026752,-0.021669,0.011534,-0.031258,-0.054378,0.053989,-0.044380,0.042956,0.019411,-0.016761,-0.114670,-0.054848,-0.010354,-0.057760
-0.011780,-0.050582,0.074237,-0.046443,0.107655,-0.053614,0.065225,-0.079852,-0.019446,0.033757,0.051432,0.049783,-0.128194,-0.007279,-0.018724,-0.095013
0.028845,0.092904,0.078007,-0.013027,-0.003459,-0.049264,-0.090130,0.164350,-0.058545,0.121046,-0.078153,-0.032263,0.091976,0.108669,-0.099732,-0.032854
-0.000591,0.062062,0.047445,0.018040,-0.030605,-0.088733,0.015591,0.071974,-0.002378,0.092417,-0.012154,-0.028241,0.028322,0.092158,-0.072531,0.011686
0.009577,-0.018752,0.133603,-0.013116,0.024209,0.022567,0.037605,-0.026339,0.042197,-0.072525,0.003638,0.041690,-0.051963,-0.080339,0.122183,-0.049527
-0.006289,-0.021273,0.040937,-0.009805,-0.030208,0.059977,0.019804,-0.051390,0.053120,-0.145471,0.030829,0.058506,-0.049860,0.038519,0.146478,-0.041517
-0.000356,-0.023604,-0.035143,-0.057582,0.054093,0.006845,-0.082915,0.036370,-0.043613,-0.047809,-0.004012,0.037007,-0.096258,-0.060923,0.004421,-0.105404
-0.012011,0.052328,0.017706,0.022155,-0.009047,-0.154427,0.037757,0.056019,0.029747,0.078431,-0.008816,-0.012861,-0.032005,-0.033878,-0.096288,0.019213
-0.005789,0.023468,-0.076870,-0.002082,-0.051807,-0.001650,-0.107610,0.129271,-0.087256,0.095688,0.023664,-0.088906,-0.109299,-0.050242,-0.004463,-0.030754
0.000143,0.042017,-0.047416,-0.023137,-0.004594,-0.050494,-0.076193,0.104848,-0.052083,0.045373,-0.027578,-0.011789,0.011879,0.082643,-0.097172,-0.043216
-0.004759,0.086987,0.182453,0.047580,-0.000012,-0.195832,0.163483,-0.005194,0.049892,0.194418,0.003648,-0.011914,0.069537,0.196306,-0.141931,0.055134
-0.000883,0.044646,-0.044886,0.013325,-0.074867,-0.005149,-0.086261,0.142682,-0.078634,0.113186,0.011414,-0.101404,-0.044950,0.013660,-0.015704,-0.004231
0.010625,0.042073,-0.049688,-0.020062,-0.046547,0.024752,-0.115683,0.130413,-0.032045,-0.052964,-0.051165,-0.005985,0.050259,0.052631,-0.006568,-0.038754
-0.005495,0.007079,-0.045434,0.005428,-0.070668,0.033490,-0.060250,0.067062,0.007092,-0.076847,0.008966,-0.019077,-0.066506,-0.075142,0.096314,-0.015802
-0.004796,-0.007161,-0.127374,-0.000222,-0.109588,0.108218,-0.141598,0.134494,-0.071133,-0.049058,0.025091,-0.089103,-0.091380,-0.093390,0.120187,-0.026614
0.016009,0.091022,0.089755,-0.002332,0.006907,-0.098882,-0.032327,0.115581,-0.046538,0.171337,-0.043965,-0.029839,0.055497,0.146718,-0.131015,-0.020045
-0.011884,0.005451,0.039316,0.028659,-0.046984,-0.030851,0.036886,0.023474,0.002639,0.059489,0.051217,-0.056064,-0.105659,-0.070879,0.060541,0.010185
-0.001149,-0.014565,0.062451,-0.014927,0.011587,0.005900,0.010045,-0.021119,0.038359,-0.079702,0.013760,0.045315,-0.085916,-0.071717,0.098695,-0.050998
-0.000399,0.047589,0.026937,-0.002118,0.008812,-0.098562,-0.016440,0.084984,-0.039728,0.129406,-0.008879,-0.035311,-0.026605,0.028271,-0.099930,-0.020911
0.001762,-0.004825,0.031166,0.006396,-0.064026,0.076860,-0.028295,0.041009,-0.017633,-0.026214,0.032801,-0.040194,-0.059838,-0.013625,0.134012,-0.022771
0.004383,0.013993,0.103033,-0.003126,-0.008471,0.001093,0.031056,-0.022791,0.062038,-0.082122,-0.003086,0.057831,-0.013743,0.030331,0.090142,-0.030170
0.023871,0.071684,0.084286,0.001823,-0.061606,0.039981,-0.056991,0.113702,-0.038893,0.047150,-0.040685,-0.032973,0.116223,0.208063,0.006180,-0.014754
0.013139,0.089931,0.086037,-0.005437,0.011759,-0.129797,0.025409,0.046296,0.106048,-0.095256,-0.109161,0.112547,0.169322,0.134936,-0.103527,-0.001919
-0.002538,0.010847,-0.030349,-0.017305,-0.017465,0.002107,-0.063448,0.072222,-0.049837,0.024359,0.009290,-0.026139,-0.054814,0.014641,-0.001210,-0.046755
-0.005130,0.029791,-0.122535,-0.072767,0.090052,-0.128876,-0.113333,0.109870,-0.076772,0.038413,-0.060822,0.044482,0.000803,0.058104,-0.239767,-0.101093
0.008851,0.015703,0.040702,-0.063866,0.096633,-0.063767,-0.026528,0.032542,-0.050802,0.036149,-0.040583,0.059370,0.045702,0.152241,-0.139437,-0.099216
0.001108,-0.008956,0.009792,-0.034014,0.009066,0.033891,-0.043379,0.016491,-0.020152,-0.052463,0.007213,0.029287,-0.045661,0.039904,0.046368,-0.072683
0.014316,0.079792,-0.065620,-0.043254,0.023070,-0.084786,-0.147469,0.196210,-0.112994,0.129416,-0.079972,-0.032495,0.076312,0.129950,-0.217473,-0.062950
-0.002190,0.037231,0.118082,-0.018765,0.083169,-0.155280,0.091541,-0.022964,0.017054,0.095438,-0.015259,0.056423,0.034268,0.150295,-0.153179,-0.036907
-0.006412,0.037564,-0.005194,-0.003487,0.007376,-0.098576,-0.024574,0.085794,-0.056264,0.144281,0.007686,-0.049524,-0.060986,0.009746,-0.104490,-0.024419
0.008728,0.096518,0.057247,0.009259,-0.011258,-0.137405,0.012143,0.099723,0.024250,0.060066,-0.075335,0.015296,0.141985,0.159702,-0.157569,0.015803
0.006872,0.032036,0.012687,0.013781,-0.084544,0.053636,-0.070804,0.097836,-0.023138,0.001853,0.005179,-0.054653,-0.036678,-0.010356,0.098749,-0.009709
-0.008482,-0.011337,-0.019117,0.029263,-0.102437,0.059019,-0.013597,0.044345,0.037120,-0.109381,0.029393,-0.038453,-0.077120,-0.141209,0.172606,0.015403
-0.001957,0.035583,-0.111330,-0.005058,-0.096346,0.052103,-0.126778,0.132649,-0.052452,-0.036651,-0.010240,-0.045595,0.008686,0.079050,0.020325,-0.021212
-0.008765,-0.025821,0.065348,-0.016520,0.022509,-0.008342,0.041099,-0.078612,0.090711,-0.151985,0.021290,0.097796,-0.112226,-0.089030,0.128256,-0.054322
0.000119,0.017365,0.055080,-0.020273,0.028647,-0.060755,0.032850,-0.010878,0.061384,-0.093964,-0.034177,0.085686,0.037449,0.054209,-0.019678,-0.037954
-0.002793,0.011640,0.007673,0.009011,-0.066146,0.032402,-0.028450,0.021160,0.065291,-0.140690,0.000769,0.031747,-0.057774,-0.070410,0.143347,-0.013535
-0.000933,0.004189,0.007303,-0.007695,-0.033245,0.036529,-0.048170,0.054470,-0.053175,0.042067,0.033267,-0.043937,-0.077643,0.021813,0.054998,-0.042000
-0.006655,0.052006,0.024707,-0.012936,0.054817,-0.181828,0.042906,0.045339,0.009478,0.079415,-0.041093,0.033113,0.050851,0.088773,-0.201161,-0.017415
0.002784,0.019755,0.093384,-0.054358,0.121925,-0.135115,0.062512,-0.047964,0.060956,-0.065721,-0.060187,0.149278,0.072178,0.129047,-0.136848,-0.078613
0.000486,-0.016275,0.011839,-0.028693,0.011194,0.028503,-0.048255,0.026040,-0.024290,-0.032095,0.015886,0.009126,-0.096984,-0.056722,0.067384,-0.070840
0.003727,0.051279,0.021258,-0.025456,0.049227,-0.125168,-0.023614,0.078399,-0.017509,0.067840,-0.049480,0.023913,0.025795,0.051527,-0.149808,-0.043595
0.007972,0.009314,-0.011007,-0.024127,-0.038717,0.077293,-0.096655,0.069164,-0.032329,-0.062165,-0.004850,0.000056,-0.031115,0.032697,0.086622,-0.060786
-0.002115,0.024085,0.018103,0.016481,-0.055557,-0.001313,-0.034280,0.074699,-0.029004,0.066175,0.028185,-0.063853,-0.088810,-0.045001,0.055267,-0.008291
-0.012056,-0.031755,0.128767,0.023607,-0.004916,-0.032213,0.130612,-0.105050,0.147515,-0.158001,0.034389,0.075598,-0.110948,-0.187536,0.181488,0.002462
-0.006698,0.084894,0.007467,0.031704,-0.051311,-0.142479,0.033715,0.088873,0.033256,0.059697,-0.039071,-0.014925,0.094979,0.119735,-0.133807,0.046695
0.027044,0.195013,0.156374,0.041132,-0.027391,-0.256450,0.073089,0.136384,0.140153,0.015667,-0.188736,0.083708,0.373621,0.280887,-0.265849,0.087756
-0.002477,0.073585,0.010801,0.070161,-0.161661,0.002767,-0.030485,0.136845,-0.021635,0.117748,0.030305,-0.137715,-0.029944,0.015271,0.070843,0.070795
0.003542,0.008359,0.042332,-0.014899,-0.007562,0.008330,-0.014337,0.014827,0.032673,-0.088760,-0.013271,0.044663,-0.015971,0.000992,0.064062,-0.042321
-0.012631,0.001356,-0.059581,0.006640,-0.056758,0.000550,-0.041674,0.064323,-0.016364,-0.014984,0.027238,-0.041299,-0.088929,-0.071614,0.047711,-0.013122
-0.016148,-0.067542,-0.077607,-0.062795,0.059814,0.024082,-0.059045,-0.023395,-0.030576,-0.102603,0.038755,0.053184,-0.173099,-0.112756,0.051759,-0.116955
0.004542,-0.004711,0.056650,-0.036307,0.060177,-0.038519,-0.010835,0.011702,0.004400,-0.028188,-0.016238,0.049059,-0.054748,-0.056473,-0.000523,-0.073801
-0.002766,0.024985,0.052662,0.033300,-0.088787,0.024406,0.017284,0.036657,0.014732,0.006815,0.031906,-0.045694,-0.027067,0.034875,0.100918,0.019634
-0.006604,0.040743,0.140288,0.027897,0.013304,-0.143917,0.131005,-0.029748,0.083378,0.045435,0.000182,0.032171,0.003230,0.024591,-0.041531,0.023487
0.005863,-0.005131,0.046779,-0.033607,0.014549,0.034686,-0.020707,0.000461,0.005389,-0.083898,-0.007549,0.053361,-0.004768,0.065411,0.054866,-0.069218
0.001457,0.105726,-0.016885,0.002886,-0.015381,-0.157447,-0.037215,0.135181,-0.017696,0.112669,-0.066282,-0.009101,0.103252,0.170485,-0.212380,0.006652
0.007183,0.041896,0.066947,0.023288,-0.083456,0.040313,-0.028534,0.062214,0.002081,0.015078,0.013369,-0.038977,-0.026329,0.044196,0.107690,0.000687
0.004576,0.022547,0.068514,-0.012140,0.002662,-0.018845,0.004208,0.016269,0.016452,-0.021293,-0.010722,0.032641,0.003571,0.066404,0.015837,-0.037660
-0.001482,0.046253,-0.027408,-0.001474,0.012477,-0.126016,-0.074294,0.141318,-0.047017,0.134874,-0.021525,-0.059979,-0.112108,-0.182351,-0.095649,-0.024065
0.007626,0.036400,0.021424,-0.016358,-0.008115,-0.009353,-0.071054,0.093378,-0.067355,0.093101,-0.003013,-0.037927,-0.035061,0.058934,-0.025987,-0.049192
0.002696,-0.039971,0.085491,-0.025451,-0.014882,0.124802,0.000459,-0.073335,0.038284,-0.160796,0.042651,0.068561,-0.083547,0.033446,0.220960,-0.076098
0.003662,0.031532,0.010863,0.004781,-0.051536,0.005749,-0.043471,0.077867,-0.002004,-0.017355,-0.011153,-0.019009,-0.008904,0.003326,0.041678,-0.013678
0.026571,0.107931,0.063159,-0.004356,-0.030993,-0.059589,-0.064144,0.143489,0.017749,-0.008347,-0.112422,0.027859,0.183077,0.164643,-0.093414,-0.005960
-0.002748,0.045698,0.186382,0.048761,-0.033226,-0.088303,0.151227,-0.036501,0.074595,0.073813,0.025454,-0.004116,0.023346,0.102466,0.021985,0.046132
0.026182,0.074720,0.185079,-0.005463,-0.000316,-0.016597,0.012653,0.030272,0.030194,0.019959,-0.049510,0.048883,0.105040,0.209132,0.006641,-0.029604
-0.021447,-0.054660,-0.112149,-0.013484,-0.031896,0.040045,-0.063165,0.040485,-0.042823,-0.049017,0.062668,-0.047098,-0.195337,-0.201560,0.100157,-0.049620
0.000120,0.020107,-0.013766,-0.020055,-0.003319,-0.033866,-0.034659,0.038466,0.054439,-0.136943,-0.045872,0.070748,0.011384,-0.028078,0.011687,-0.038083
0.003208,0.069234,-0.049589,0.038834,-0.133877,0.007930,-0.094985,0.171414,-0.023340,0.031313,-0.018023,-0.096130,0.002914,-0.026467,0.039312,0.036749
-0.000265,0.012719,0.160310,-0.023387,0.124011,-0.170217,0.104155,-0.051062,0.049625,0.066529,-0.012884,0.078694,-0.058210,-0.045342,-0.093750,-0.054377
-0.006370,-0.015792,-0.105618,-0.018151,-0.074745,0.107829,-0.126875,0.088465,-0.077351,-0.040153,0.038859,-0.056403,-0.102070,-0.012346,0.105016,-0.055455
0.021526,0.103378,0.149180,-0.019239,0.071929,-0.166720,0.004784,0.077537,0.002386,0.141049,-0.082836,0.046880,0.094703,0.160858,-0.188589,-0.037866
0.008630,0.048178,0.137380,0.011559,-0.002428,-0.060658,0.051580,0.028418,0.008459,0.088041,-0.006878,-0.007861,0.031563,0.104553,-0.024060,-0.004964
0.006553,0.035142,-0.023009,-0.013683,-0.035908,0.012262,-0.095027,0.112834,-0.053677,0.027915,-0.015998,-0.034520,-0.015779,0.032884,-0.002635,-0.040170
0.004235,0.033945,0.154002,-0.023637,0.099212,-0.155839,0.109429,-0.046380,0.074366,-0.002228,-0.047330,0.111282,0.068211,0.101977,-0.118698,-0.039793
0.000687,0.004914,0.015080,-0.017692,-0.005320,0.006637,-0.035877,0.037432,-0.012265,-0.022856,0.003618,0.007662,-0.050583,-0.004430,0.037434,-0.049341
-0.017513,-0.015619,-0.020115,-0.021303,0.065197,-0.116688,0.001689,0.036320,-0.064310,0.142851,0.041678,-0.040378,-0.168265,-0.129346,-0.096306,-0.055722
0.034303,0.119140,0.094494,0.013634,-0.096903,0.027402,-0.090929,0.135814,0.059211,-0.094073,-0.108005,0.038110,0.174413,0.164744,0.054745,0.007084
-0.006381,-0.000250,-0.008161,-0.002565,-0.035536,0.013994,-0.023759,0.037086,-0.012645,-0.017575,0.024223,-0.018150,-0.064704,-0.012354,0.055336,-0.028143
0.002752,0.058222,0.071978,-0.025246,0.073403,-0.159756,0.033947,0.037345,-0.004742,0.098790,-0.046316,0.046084,0.066954,0.154742,-0.195504,-0.039759
0.006914,0.065175,0.064651,0.011215,-0.032277,-0.056701,-0.002457,0.079829,-0.012135,0.082882,-0.021418,-0.024708,0.053094,0.128928,-0.055257,0.000770
-0.003192,0.010894,0.132252,0.003736,0.033996,-0.083631,0.094636,-0.039013,0.046039,0.031961,0.015645,0.032837,-0.039554,0.009665,0.001527,-0.018793
-0.003063,0.013172,0.023757,-0.009817,-0.010277,-0.013859,-0.000265,0.029348,-0.023968,0.026713,0.013651,-0.007166,-0.009467,0.095195,-0.011621,-0.032872
0.000514,0.015540,-0.061273,-0.027826,-0.016649,0.002008,-0.086181,0.081242,-0.010771,-0.083649,-0.032369,0.023017,-0.004417,-0.003953,-0.001637,-0.051347
0.003274,0.005573,-0.015253,-0.003244,-0.064883,0.065421,-0.056687,0.068934,-0.006531,-0.084017,-0.004131,-0.015521,-0.003089,-0.000333,0.094251,-0.024215
0.002607,0.040216,0.010897,-0.008012,-0.011367,-0.039335,-0.054146,0.092413,-0.056476,0.102326,-0.001097,-0.041532,-0.038292,0.043115,-0.047232,-0.034528
0.006477,0.059833,0.066592,0.009540,-0.025936,-0.060444,0.003431,0.068067,0.008857,0.046377,-0.027322,-0.005745,0.048068,0.093820,-0.041050,-0.000961
-0.006040,-0.000650,0.005583,0.000397,-0.031257,0.008935,-0.025699,0.036518,-0.014257,0.005129,0.032303,-0.026413,-0.103077,-0.057377,0.070379,-0.030021
0.007670,-0.002341,0.093936,-0.008488,-0.012447,0.044500,0.008779,0.002658,0.007408,-0.037067,0.012154,0.011591,-0.023258,0.028630,0.099987,-0.040875
-0.029842,-0.075377,0.001457,-0.024184,0.033563,0.011742,0.053273,-0.107014,-0.013155,-0.010961,0.116340,0.018680,-0.228546,-0.043674,0.097825,-0.075645
-0.000304,0.024572,-0.322725,-0.030457,-0.138512,0.122655,-0.330677,0.290606,-0.143390,-0.082940,-0.040438,-0.112682,-0.056919,-0.120068,0.028566,-0.054232
-0.006214,-0.060346,0.082358,-0.053237,0.056864,0.073660,0.036438,-0.128792,0.023839,-0.130184,0.056689,0.108004,-0.100286,0.097269,0.134724,-0.111881
-0.004618,-0.019705,0.151940,-0.008243,0.043760,-0.032154,0.117322,-0.097154,0.056698,-0.028121,0.036667,0.063420,-0.046165,0.050419,0.061012,-0.039636
-0.004149,0.018086,0.021487,0.017830,-0.062601,0.007292,-0.010493,0.041619,0.016538,-0.018739,0.020383,-0.023829,-0.060399,-0.032058,0.086049,-0.001958
0.008781,0.074903,-0.055694,0.003140,-0.081313,-0.008657,-0.108569,0.165798,-0.040650,0.016068,-0.052548,-0.044454,0.083382,0.108018,-0.053443,-0.001884
-0.005193,0.042101,-0.064729,-0.023132,0.013682,-0.089107,-0.083772,0.124018,-0.096376,0.149926,-0.006441,-0.052685,-0.048288,0.047456,-0.150287,-0.047860
-0.016705,-0.030379,-0.079156,-0.015040,-0.017844,0.006889,-0.053544,0.034338,-0.016294,-0.054048,0.037971,-0.013072,-0.157275,-0.154268,0.069215,-0.048829
0.011969,0.032459,0.059915,0.007150,-0.066948,0.058148,-0.052732,0.058109,0.024371,-0.067321,-0.010584,0.001501,-0.022293,-0.006208,0.135824,-0.020689
-0.000314,0.014553,0.139871,0.013491,-0.003911,-0.031365,0.072195,-0.033427,0.042059,0.025402,0.030798,0.014764,-0.060315,0.018730,0.072562,-0.014003
0.000650,0.013862,0.040996,0.010704,-0.057828,0.027020,0.003950,0.022408,0.043226,-0.089142,0.000388,0.012638,-0.001488,0.009318,0.101266,-0.005866
0.012565,0.033657,-0.007834,-0.023619,-0.031190,0.040285,-0.104515,0.105657,-0.047026,-0.013133,-0.028943,-0.011183,0.013385,0.066291,0.017635,-0.053556
0.005401,0.024115,0.031033,-0.036205,0.054439,-0.079908,-0.004831,0.036782,0.018742,-0.048185,-0.057228,0.069699,0.057345,0.049542,-0.090385,-0.055032
-0.008678,0.047061,-0.093176,-0.011724,-0.004027,-0.116325,-0.066890,0.131492,-0.046793,0.071521,-0.033649,-0.031766,-0.003546,-0.002353,-0.157120,-0.019516
-0.000538,0.022935,0.006073,-0.007801,-0.016154,-0.022517,-0.031093,0.064852,-0.030003,0.035809,0.000640,-0.020734,-0.023029,0.035762,-0.016576,-0.030500
0.008834,0.099587,0.067333,0.026476,-0.028910,-0.146561,0.021172,0.113686,0.039573,0.065187,-0.074972,-0.005538,0.122869,0.076090,-0.131386,0.038067
0.010196,0.014009,-0.101353,-0.073638,0.005031,0.071888,-0.164026,0.100155,-0.077648,-0.101292,-0.050833,0.047684,0.063521,0.186134,-0.041953,-0.111533
-0.013383,0.046408,-0.020415,0.006604,0.003417,-0.152829,0.024342,0.063937,0.009705,0.065173,-0.018862,-0.004309,0.005403,0.020880,-0.142581,0.005732
-0.000357,0.004164,0.057601,-0.023317,0.039858,-0.051892,0.029968,-0.000606,0.012420,-0.017623,-0.010759,0.043533,0.003362,0.045026,-0.032524,-0.047330
-0.002642,0.011806,0.080383,-0.000163,-0.009916,-0.024278,0.063487,-0.037044,0.076838,-0.103001,-0.005871,0.069406,0.029121,0.077311,0.048934,-0.015356
0.005484,0.039476,0.012810,-0.012959,-0.013647,-0.027773,-0.040477,0.078420,-0.021365,0.015176,-0.027572,-0.000916,0.034387,0.086328,-0.042300,-0.031435
-0.002457,0.057853,-0.014902,0.012527,-0.064084,-0.048227,-0.008317,0.070850,0.039195,-0.058222,-0.039138,0.017335,0.092779,0.122096,-0.037519,0.015836
0.003872,-0.002888,0.161109,-0.022872,0.070070,-0.055922,0.098033,-0.081916,0.076461,-0.067500,-0.008452,0.105393,0.002666,0.053742,0.024322,-0.053305
-0.000478,0.017980,0.061256,-0.005206,-0.006448,-0.024376,0.025683,0.001958,0.028591,-0.032825,-0.001972,0.033063,0.006017,0.072425,0.018627,-0.025760
0.002623,-0.030283,0.053575,-0.003321,-0.047193,0.111410,-0.034579,0.000990,0.004738,-0.083173,0.047509,-0.010546,-0.135541,-0.106431,0.221438,-0.048882
