-0.000020,-0.012575,-0.041352,0.029168,-0.021347,0.034254,-0.012704,-0.048385,0.006832,-0.023435,0.019973,-0.020529,0.026822,-0.032595,0.050199,0.049478
-0.008889,-0.014756,-0.025932,0.012990,0.110865,-0.149559,0.075145,-0.069462,-0.090883,0.044810,-0.046758,0.011409,0.040749,0.028865,-0.140095,0.029790
0.004088,0.006209,-0.036008,0.041408,-0.018203,0.044482,-0.016783,-0.056186,-0.012401,-0.027972,0.002929,-0.041311,0.029654,-0.018685,0.042434,0.031976
-0.002681,-0.011766,0.041558,0.032103,0.076852,-0.026496,0.080253,-0.088442,0.058394,-0.007825,-0.059456,0.099970,0.057137,0.081611,0.055283,0.055863
-0.006376,-0.039793,-0.066477,0.006947,-0.015752,0.048715,-0.010145,-0.040390,-0.007484,-0.028942,0.071935,-0.051715,-0.008954,-0.156506,0.034917,0.035266
-0.005640,-0.033043,0.001265,0.019654,0.079777,-0.032382,0.057410,-0.070231,0.018656,0.022484,-0.012811,0.030010,0.026529,-0.027218,0.007808,0.040208
0.004091,-0.054535,-0.090755,-0.016851,0.010819,0.033697,-0.064986,-0.022455,-0.068430,-0.021506,0.035621,-0.063278,-0.003921,-0.099454,-0.012893,0.014743
-0.005585,-0.051861,-0.019848,0.019693,0.044856,-0.001258,0.019877,-0.056978,0.034751,0.035377,0.025136,-0.003309,0.008353,-0.050701,0.031474,0.046356
-0.003969,-0.015664,-0.013070,0.028108,0.023189,0.009314,0.036403,-0.068139,0.018779,-0.019921,0.007681,0.016012,0.028467,-0.044564,0.039908,0.044474
-0.006093,0.004433,-0.055082,0.024581,-0.028243,-0.020776,0.012688,-0.036401,-0.013997,-0.023489,0.017917,-0.008620,0.046138,-0.048038,0.011606,0.073211
-0.008170,-0.022651,-0.086199,0.018278,-0.050897,0.018393,-0.017473,-0.028606,-0.020361,-0.017418,0.082241,-0.067061,0.007873,-0.156413,0.014073,0.058417
0.008829,0.026768,0.012108,0.078108,-0.095275,0.128283,-0.030235,-0.059855,0.128392,-0.049354,-0.010520,0.024078,0.063364,0.099989,0.213866,0.087360
-0.005564,-0.005163,-0.059294,0.022109,-0.015514,-0.005314,0.003856,-0.035105,-0.021251,-0.010320,0.027042,-0.039282,0.027391,-0.075965,0.006114,0.055743
0.006148,-0.004197,-0.019267,0.025532,-0.006940,0.079295,-0.009082,-0.062312,0.014076,-0.069706,-0.004192,0.008548,0.032099,-0.031198,0.089077,0.029882
0.001708,-0.021059,-0.069282,0.024631,0.046189,-0.135920,-0.024665,-0.047900,-0.122336,0.069190,-0.039781,-0.046294,0.042767,0.127347,-0.152352,0.034757
-0.004362,-0.037360,-0.024752,0.013500,0.048989,-0.028896,0.022038,-0.054936,-0.000237,0.019324,-0.004355,0.008849,0.022362,0.000788,-0.001504,0.044923
-0.006411,-0.066131,-0.102348,-0.022637,0.011237,-0.013649,-0.039034,-0.011562,-0.060314,0.011458,0.061901,-0.066203,-0.010930,-0.130663,-0.041371,0.038309
0.013683,0.034633,0.036315,0.051426,-0.035248,0.194426,-0.002364,-0.074403,0.107496,-0.123829,-0.040473,0.041203,0.047878,0.015332,0.239978,0.032521
-0.002772,-0.073143,0.045005,-0.022703,0.107529,0.157452,0.088806,-0.123405,0.067873,-0.150551,0.031788,0.102038,-0.034427,-0.206399,0.147119,-0.034783
0.016293,-0.005601,0.135674,0.058039,0.111120,0.113617,0.085839,-0.159444,0.133983,-0.092523,-0.113766,0.182841,0.062372,0.156217,0.196367,0.001709
-0.010550,-0.016906,-0.094366,0.004034,-0.050495,-0.022890,-0.004860,-0.027312,-0.051979,-0.042163,0.063383,-0.034298,0.021393,-0.110304,-0.023735,0.066639
-0.003479,-0.032565,-0.068574,-0.005825,0.025735,-0.018897,-0.000911,-0.042845,-0.067678,-0.027968,0.023374,-0.024741,0.013592,-0.093102,-0.040530,0.027050
-0.001711,-0.053152,-0.100138,0.003793,-0.042359,0.040019,-0.079854,0.002324,-0.007537,0.031508,0.068164,-0.098089,-0.006048,-0.089964,0.031914,0.057873
0.001254,0.101500,0.057454,0.077276,0.021953,-0.123787,0.112374,-0.092265,0.011129,-0.044256,-0.168505,0.152424,0.157043,0.307395,0.009057,0.103925
-0.005280,-0.012499,-0.087672,0.017245,0.006096,-0.094175,-0.041963,0.030904,-0.024107,0.129374,-0.017905,-0.093065,0.045902,0.042727,-0.046703,0.098817
0.013611,-0.070489,-0.054829,0.002700,-0.047018,0.160531,-0.125458,-0.008041,0.080281,-0.012616,0.033378,-0.037234,-0.000708,-0.000267,0.177696,0.050343
0.000530,0.015659,-0.070803,0.032235,-0.066719,0.005691,-0.039711,-0.015538,-0.014660,-0.015722,0.004173,-0.041011,0.052872,0.019854,0.034026,0.080303
-0.004020,-0.014279,-0.056637,0.024887,0.019905,-0.069249,-0.004696,-0.023009,-0.027276,0.063384,-0.007285,-0.041814,0.041387,0.009580,-0.038278,0.068467
-0.014080,-0.001503,-0.069140,0.007715,-0.010524,-0.019560,0.037372,-0.023903,-0.025131,-0.020568,0.045947,-0.041294,0.020489,-0.158928,-0.005202,0.063421
0.009526,-0.004946,0.059278,0.041186,0.079161,0.047090,0.047176,-0.105135,0.058194,-0.040960,-0.082904,0.090595,0.052131,0.113200,0.099474,0.019376
-0.017311,-0.111628,0.123478,-0.018181,0.311719,-0.129228,0.222926,-0.134899,0.109393,0.080943,-0.071764,0.219829,0.021370,-0.034448,-0.006704,0.025388
-0.011667,-0.071126,-0.142412,-0.024229,-0.036204,0.017281,-0.068117,0.023768,-0.048602,0.034952,0.121053,-0.140946,-0.035035,-0.238499,-0.021653,0.052648
-0.009836,-0.045896,0.049337,0.027777,0.153750,-0.077519,0.122064,-0.110432,0.033945,0.050881,-0.035125,0.075005,0.022808,0.000681,-0.021829,0.024318
0.000835,-0.025715,-0.030393,-0.013576,0.028112,0.082472,0.015560,-0.059187,-0.012382,-0.108681,0.011761,0.024353,0.009414,-0.127328,0.068277,0.010222
0.009668,0.065302,0.000275,0.081496,-0.086231,0.070536,-0.022888,-0.038750,0.083635,-0.030085,-0.053472,0.007886,0.095124,0.128350,0.160831,0.098775
-0.003037,-0.004098,-0.032127,0.025862,0.056709,-0.109648,0.006840,-0.003459,0.003753,0.117433,-0.070622,-0.017061,0.067800,0.120273,-0.030831,0.093350
-0.001451,-0.019056,-0.032246,0.012086,0.022064,0.014543,0.018071,-0.061866,-0.018556,-0.045317,0.007745,0.008978,0.024494,-0.060718,0.019081,0.031150
0.005415,-0.040906,-0.047810,0.019951,-0.039495,0.125133,-0.069027,-0.029404,0.050648,-0.018262,0.040621,-0.056709,-0.004620,-0.043888,0.128233,0.038824
-0.006496,0.031057,0.015172,0.050044,0.065723,-0.115299,0.084814,-0.047923,0.029602,0.067031,-0.080432,0.049377,0.094074,0.086013,-0.007736,0.095934
0.000400,-0.002677,-0.074300,0.034466,-0.050514,0.002886,-0.052335,-0.009094,-0.006282,0.031537,0.016657,-0.072350,0.037903,0.002916,0.026547,0.076042
-0.007381,-0.083672,-0.145838,-0.035729,-0.008990,0.006147,-0.088886,0.030025,-0.070630,0.052427,0.096063,-0.145944,-0.038054,-0.188962,-0.045856,0.039661
-0.004381,0.010672,-0.018196,0.048530,-0.047194,0.051707,0.030925,-0.070522,0.044844,-0.062521,0.037643,0.014133,0.039894,-0.079930,0.093747,0.063961
-0.019483,-0.106501,-0.080573,-0.024934,0.042089,-0.007438,0.033319,-0.058069,-0.027554,-0.004007,0.142344,-0.037902,-0.052035,-0.301153,-0.040520,0.020802
-0.009588,-0.022690,-0.080700,0.022259,0.000630,-0.093977,-0.002722,-0.021366,-0.048590,0.066230,0.030093,-0.058513,0.031784,-0.037858,-0.073891,0.074559
0.002996,0.021421,-0.031603,0.039381,-0.044191,0.056383,-0.011695,-0.043742,0.017431,-0.051148,-0.007752,-0.012351,0.047622,0.003386,0.085341,0.057998
-0.001100,0.049775,0.099534,0.063296,0.049321,0.001596,0.145336,-0.129313,0.106586,-0.099907,-0.098313,0.195918,0.107989,0.118267,0.133114,0.073554
-0.012065,-0.055176,0.011810,0.018812,0.098972,-0.003631,0.103264,-0.111169,0.019815,-0.015095,0.052757,0.034806,-0.008328,-0.195766,0.005952,0.007413
0.004585,-0.021910,-0.082623,0.010555,-0.049487,0.079334,-0.087009,0.012476,0.014601,0.010956,0.025882,-0.090219,0.014889,-0.048826,0.086426,0.061349
0.004002,0.100867,0.094865,0.116509,-0.052515,0.023161,0.085942,-0.090917,0.171561,-0.040734,-0.122375,0.142333,0.144909,0.276827,0.209603,0.133719
0.001771,0.022981,-0.013645,0.050583,-0.040197,0.069964,0.016666,-0.076803,0.020152,-0.080712,0.009782,0.004969,0.041208,-0.037903,0.089321,0.041481
0.000246,0.072054,0.091398,0.087119,0.009675,0.033163,0.114895,-0.102344,0.137931,-0.057190,-0.095016,0.130460,0.107667,0.130492,0.174339,0.089748
-0.006500,0.008175,0.148570,0.056272,0.150054,-0.007155,0.225495,-0.193814,0.110857,-0.107599,-0.075784,0.243470,0.072632,0.009839,0.102790,0.021454
-0.004565,-0.004153,-0.018156,0.035405,-0.006232,0.005603,0.031231,-0.065172,0.021875,-0.027817,0.008229,0.018860,0.038128,-0.013914,0.045861,0.058887
-0.010659,-0.044818,-0.100654,0.025625,0.001817,-0.134382,-0.037223,-0.006125,-0.063554,0.140584,0.031339,-0.106210,0.015794,0.046338,-0.122184,0.078885
-0.005661,-0.039729,-0.008697,0.008056,0.023317,0.018202,0.029026,-0.045013,0.074564,-0.009471,0.005302,0.057779,0.033579,-0.022434,0.092657,0.076491
-0.018463,-0.050190,-0.060504,0.015503,0.020518,-0.096222,0.024782,-0.004342,0.038008,0.120549,0.045349,-0.037263,0.021502,-0.056807,-0.019921,0.108869
-0.011818,0.050101,-0.118851,0.053861,-0.136793,-0.085263,-0.046878,0.044869,-0.009299,0.077871,0.023649,-0.109947,0.078700,0.041936,-0.008090,0.157354
0.002917,0.039985,0.036247,0.061000,-0.016902,0.063404,0.064844,-0.106568,0.057584,-0.111435,-0.032203,0.088452,0.070802,0.024163,0.124030,0.049872
0.006714,0.054258,0.010761,0.055408,0.051875,-0.080461,0.044552,-0.067891,-0.036462,0.004701,-0.117106,0.040317,0.101476,0.160833,-0.026262,0.053908
0.006231,-0.009041,-0.032375,0.003482,-0.061179,0.195441,-0.011909,-0.080809,0.016049,-0.210944,0.059673,0.031376,0.005710,-0.188324,0.164749,0.003803
-0.003273,0.025090,-0.109159,0.030691,-0.082250,-0.060488,-0.044918,-0.001998,-0.076774,0.002083,0.017633,-0.072914,0.060676,0.001376,-0.048995,0.089611
-0.005556,0.006051,-0.118185,0.007917,0.013801,-0.152536,-0.020470,-0.008194,-0.168523,0.050775,-0.012725,-0.096423,0.044031,0.004712,-0.186556,0.048603
0.005181,0.000113,0.093054,0.070184,0.022379,0.125354,0.061621,-0.109628,0.184364,-0.045002,-0.046003,0.110869,0.050645,0.092224,0.237793,0.057592
-0.012195,-0.005272,-0.130001,0.037260,-0.084791,-0.152848,-0.068274,0.054515,-0.018454,0.164654,0.026501,-0.110036,0.067536,0.080585,-0.070128,0.161825
0.000203,-0.039835,0.101580,0.037969,0.117641,0.055766,0.099761,-0.113659,0.159376,-0.003846,-0.061163,0.140191,0.037347,0.069086,0.165617,0.041824
-0.006458,-0.054590,0.054675,0.019986,0.068909,0.044938,0.069704,-0.071348,0.162296,0.012671,-0.018737,0.110769,0.028954,0.031202,0.163862,0.076996
-0.001608,-0.017360,-0.051298,0.011935,0.002743,0.008683,-0.004936,-0.039858,-0.020672,-0.022345,0.012769,-0.018844,0.025914,-0.054211,0.015852,0.044667
-0.009232,-0.012334,-0.003414,0.037356,0.040050,-0.033322,0.068222,-0.073757,0.025408,0.011685,0.007706,0.020749,0.033610,-0.047643,0.014973,0.055244
0.018003,0.031746,-0.179810,0.020422,-0.178268,0.055301,-0.213775,0.065161,-0.109714,-0.015695,0.013417,-0.177739,0.057409,0.055067,0.013146,0.082203
0.007461,0.018382,0.175896,0.069813,0.085352,0.188365,0.165732,-0.197158,0.201183,-0.188752,-0.070711,0.236619,0.056701,0.013025,0.292465,0.002484
0.005967,-0.022331,-0.110771,0.007417,-0.062006,0.040218,-0.102491,-0.002147,-0.064669,-0.013321,0.033343,-0.100806,0.013461,-0.025701,0.004405,0.042439
-0.017296,-0.076965,-0.094306,-0.010435,0.030199,-0.008090,0.008102,-0.021246,-0.027790,0.050069,0.121123,-0.107322,-0.043156,-0.287444,-0.037594,0.032397
0.017374,0.057267,0.021938,0.073572,-0.069387,0.122430,-0.025992,-0.067590,0.081290,-0.092661,-0.066101,0.049622,0.091861,0.129062,0.192549,0.066715
-0.019827,0.005593,0.152098,0.065785,0.154742,-0.111049,0.246356,-0.138045,0.191638,0.039277,-0.099719,0.239549,0.096484,0.125604,0.101155,0.108565
-0.001138,-0.115503,-0.051980,-0.017127,0.135034,-0.051105,-0.031302,-0.037811,-0.042619,0.125585,0.012480,-0.068592,-0.035062,-0.026083,-0.080906,-0.001203
0.016606,-0.018860,-0.020446,0.006196,0.002433,0.184452,-0.025879,-0.117182,-0.058428,-0.206758,0.022956,0.012232,-0.008689,-0.134331,0.090146,-0.061722
-0.005059,0.035567,0.013437,0.068317,-0.043623,0.001637,0.043613,-0.047950,0.108075,0.005684,-0.030616,0.048210,0.082757,0.093492,0.124779,0.118049
-0.004270,-0.057633,-0.090356,-0.056221,0.074827,-0.044597,-0.009345,-0.001767,-0.089412,-0.017021,0.001839,-0.010824,0.012535,-0.125832,-0.064605,0.031370
0.002643,-0.003205,-0.062493,0.020191,-0.053315,0.058213,-0.051012,-0.010259,0.016939,-0.021213,0.010739,-0.042113,0.034918,-0.014292,0.083688,0.069261
-0.005953,-0.019871,-0.083382,0.019569,-0.030286,-0.055198,-0.035080,-0.001737,-0.018131,0.057509,0.018820,-0.056421,0.037234,0.014263,-0.019353,0.090099
0.001746,-0.014365,-0.007489,0.033040,0.003222,0.060254,0.000091,-0.051982,0.058188,-0.011572,-0.005830,0.003728,0.029099,0.003693,0.103036,0.051462
0.000138,-0.060452,-0.057087,0.021025,-0.040799,0.047331,-0.068872,-0.025992,0.046992,0.033498,0.040841,-0.040777,0.002211,0.047488,0.075604,0.067245
0.012156,-0.097096,-0.095620,-0.015413,-0.005547,0.049071,-0.158400,0.028319,0.014284,0.091951,0.012224,-0.084454,-0.002031,0.074203,0.054996,0.058831
-0.014899,-0.065817,-0.098515,-0.017122,-0.017622,-0.020649,-0.008178,-0.010898,-0.013312,0.006919,0.096908,-0.038038,-0.004166,-0.182376,-0.008669,0.073659
-0.012030,-0.015296,-0.054996,0.050610,-0.036383,-0.087838,-0.022626,0.027959,0.092443,0.175242,0.002974,-0.060420,0.057603,0.101172,0.040407,0.155922
-0.011273,0.029074,0.024036,0.042199,0.029705,-0.047662,0.115178,-0.078712,0.048958,-0.036874,-0.034129,0.091394,0.075244,-0.001085,0.047331,0.083484
0.007762,0.052623,-0.200334,0.020803,-0.214069,0.018174,-0.172597,0.051874,-0.152036,-0.066369,0.048388,-0.170970,0.058827,-0.006309,-0.036539,0.089214
-0.007188,-0.042620,0.002288,0.032797,0.039034,0.024657,0.047652,-0.089203,0.043223,-0.002874,0.032054,0.011459,-0.000933,-0.051297,0.048299,0.029389
-0.005053,-0.019236,0.055658,0.017816,0.132985,-0.050889,0.113371,-0.088049,0.057509,0.007813,-0.076000,0.117748,0.056836,0.042571,0.037456,0.048645
-0.014781,-0.093605,-0.030592,0.045090,0.185221,-0.278900,0.032027,-0.029819,-0.027299,0.354041,-0.029624,-0.099723,0.010765,0.133496,-0.219826,0.068986
-0.003951,-0.044816,-0.053522,0.017636,0.023796,-0.055397,-0.017466,-0.030175,-0.009415,0.068477,0.006883,-0.029853,0.024258,0.031922,-0.025385,0.064325
0.006821,-0.046117,-0.070769,-0.001399,-0.022700,0.127593,-0.061200,-0.039458,-0.011068,-0.073485,0.071623,-0.053960,-0.008841,-0.201507,0.086045,0.009881
-0.002869,-0.047653,0.009311,0.002646,0.091920,0.010864,0.071139,-0.109028,-0.010069,-0.067988,0.005569,0.072116,0.010366,-0.092502,0.010637,-0.000814
0.017355,-0.007589,-0.080620,0.007031,-0.033529,0.080239,-0.076316,-0.081263,-0.142295,-0.153105,0.012003,-0.033016,0.018022,-0.044841,-0.023301,-0.032692
-0.019655,-0.014637,0.040444,0.048978,0.083711,-0.079274,0.156820,-0.112459,0.060485,0.018963,0.014636,0.079791,0.036958,-0.083129,0.004348,0.062099
0.001134,-0.076583,0.070970,0.041023,0.086573,0.081690,0.060403,-0.135586,0.126273,-0.014409,0.010846,0.097770,-0.001322,0.004249,0.136571,0.013246
0.013378,0.016464,0.045163,0.023949,0.065848,0.102418,0.064291,-0.138723,-0.018365,-0.183887,-0.055796,0.109691,0.047363,-0.044725,0.086083,-0.031279
0.006823,-0.068356,0.033811,-0.010533,0.130930,0.089364,0.055562,-0.125159,0.007035,-0.102911,-0.005645,0.089504,-0.006084,-0.128310,0.065770,-0.041241
-0.005739,0.009587,-0.037962,0.043347,-0.001675,-0.107234,0.014287,-0.022075,0.007780,0.075197,-0.036633,0.003135,0.079000,0.106664,-0.020715,0.110305
-0.007894,-0.062612,0.007571,-0.008388,0.110545,-0.018182,0.058552,-0.052574,0.052149,0.033835,-0.019597,0.051111,0.011859,-0.025163,0.038248,0.044928
0.003109,0.016307,0.032896,0.048698,0.019597,0.031275,0.053956,-0.091020,0.057575,-0.058269,-0.045572,0.082917,0.066751,0.051859,0.099248,0.053393
-0.000990,0.115479,-0.013716,0.083901,-0.176872,0.106880,0.031117,-0.059644,0.067081,-0.175335,-0.003229,0.041580,0.102712,0.016166,0.188502,0.110110
-0.000306,-0.063222,-0.019919,-0.007326,0.098130,0.033883,0.031144,-0.087145,-0.036523,-0.039093,0.026764,0.001388,-0.016389,-0.156529,-0.006142,-0.022232
-0.006227,0.076979,-0.053754,0.032722,-0.065592,-0.058766,0.052347,-0.048820,-0.071829,-0.117501,-0.031835,0.041698,0.097890,0.012882,-0.021107,0.084754
-0.009189,-0.046543,0.075343,0.046724,0.113504,0.024264,0.109909,-0.100201,0.148820,0.056535,-0.008793,0.067816,0.013102,-0.034797,0.120908,0.046556
-0.003446,0.066417,-0.104405,0.038724,-0.077436,-0.064305,-0.002144,-0.023887,-0.122588,-0.057708,0.014561,-0.066678,0.076789,-0.093100,-0.076217,0.069162
0.007298,-0.079350,-0.213109,-0.060431,-0.035880,0.043597,-0.177780,0.027184,-0.232676,-0.035773,0.097977,-0.219713,-0.061297,-0.199732,-0.139411,-0.036400
-0.013402,0.119891,0.084420,0.075480,-0.042211,0.035746,0.215843,-0.142896,0.094244,-0.235523,-0.038944,0.210016,0.124705,-0.073405,0.164737,0.091476
-0.017260,-0.007524,-0.041291,0.028552,0.005284,-0.088628,0.064929,-0.037524,0.014404,0.037717,0.028326,0.005874,0.045875,-0.065849,-0.018210,0.097903
-0.007095,-0.047011,-0.026537,0.023957,0.051369,-0.037314,0.021104,-0.051196,0.016554,0.065153,0.016004,-0.020832,0.011566,-0.022905,-0.005223,0.050170
-0.006498,-0.040882,-0.026537,-0.005675,0.033862,0.055783,0.050276,-0.090846,-0.022283,-0.109391,0.051222,0.029668,-0.009087,-0.171223,0.029705,0.000254
-0.013819,-0.096067,0.030528,-0.003365,0.143692,0.012919,0.106356,-0.103463,0.068375,0.014811,0.046654,0.057508,-0.030027,-0.178430,0.041411,0.006730
0.007386,0.006340,-0.061649,0.025172,-0.097245,0.140366,-0.067363,-0.029663,0.020144,-0.100924,0.034416,-0.039578,0.025108,-0.055513,0.138522,0.048278
0.012642,0.071339,-0.011529,0.030517,-0.106988,0.184327,0.007332,-0.091457,0.000205,-0.284017,-0.010900,0.085366,0.072619,-0.072536,0.183095,0.025671
-0.010731,-0.081058,-0.066664,-0.021206,0.031337,0.026733,0.014536,-0.070575,-0.049748,-0.056556,0.089571,-0.022939,-0.041564,-0.179796,-0.024614,-0.000900
0.016252,-0.088921,-0.098775,-0.021487,-0.017249,0.194239,-0.138015,-0.037237,-0.052281,-0.078927,0.091383,-0.115782,-0.058061,-0.201958,0.077985,-0.043859
-0.008120,0.064969,-0.150231,0.050508,-0.188450,-0.116903,-0.093598,0.073085,-0.036234,0.074055,-0.000781,-0.105633,0.108201,0.158838,-0.026919,0.189324
-0.004468,-0.093199,-0.202593,-0.044527,-0.006114,-0.082284,-0.136769,0.045870,-0.182391,0.095926,0.095540,-0.201870,-0.036313,-0.152154,-0.183680,0.028279
-0.012081,0.047074,-0.053591,0.060719,-0.053404,-0.121784,0.030682,-0.015982,-0.004067,0.060220,-0.021064,-0.022641,0.088437,0.091789,-0.031679,0.129547
0.023246,-0.027928,-0.047101,0.000381,-0.013557,0.137419,-0.114533,-0.034984,-0.020499,-0.080053,-0.038333,-0.019338,0.023721,0.068283,0.104977,0.003190
0.005714,0.059905,0.072647,0.058121,0.010356,0.067372,0.102741,-0.130863,0.060374,-0.165534,-0.079991,0.156465,0.092490,0.072962,0.141218,0.040308
-0.008780,-0.008764,0.073518,0.023095,0.118275,0.072200,0.156409,-0.128936,0.074315,-0.094645,-0.009312,0.096401,0.010937,-0.172248,0.108784,-0.003859
0.019549,-0.037375,-0.074175,-0.028834,-0.026997,0.228348,-0.111521,-0.032330,-0.042505,-0.162320,0.027889,-0.059763,-0.022959,-0.149651,0.134796,-0.036663
0.003170,-0.003534,-0.001124,0.011799,-0.022664,0.135705,0.030957,-0.102105,0.017493,-0.189255,0.018282,0.074077,0.019863,-0.086580,0.129444,0.008012
-0.001316,-0.071200,-0.042037,-0.001899,0.034978,0.038098,-0.016627,-0.052949,0.007060,-0.003355,0.041282,-0.012991,-0.009997,-0.078549,0.033998,0.024547
-0.004312,-0.071674,0.099752,0.027874,0.208644,-0.039600,0.131166,-0.124869,0.106385,0.073958,-0.062033,0.122467,0.021862,0.028697,0.048396,0.017708
0.008358,0.059059,0.134166,0.073597,0.105950,0.048514,0.166059,-0.190352,0.051758,-0.158745,-0.120603,0.192327,0.087658,0.089035,0.108276,-0.009817
-0.022646,0.026665,-0.075263,-0.002725,-0.087237,0.011592,0.059710,0.009682,0.046171,-0.082706,0.064216,0.013533,0.049751,-0.201357,0.093637,0.130128
0.014747,0.023804,-0.024723,0.027274,-0.017976,0.032872,-0.049386,-0.028791,0.000406,-0.041480,-0.084905,0.026165,0.081875,0.154962,0.077010,0.062907
-0.007158,-0.027254,-0.057888,0.016986,0.014524,-0.076358,-0.010650,-0.001064,0.011166,0.092639,-0.008211,-0.031635,0.042992,0.041453,-0.012495,0.096485
0.017861,0.027182,-0.030231,0.043772,-0.068280,0.095595,-0.067018,-0.058344,-0.007594,-0.101009,-0.040641,0.010821,0.065415,0.107060,0.103449,0.039668
-0.008113,-0.057589,0.018090,0.021726,0.080144,0.042542,0.068472,-0.087964,0.071850,0.006706,0.038145,0.022757,-0.009036,-0.135940,0.074781,0.022738
-0.001897,-0.116556,-0.156542,-0.037920,-0.006910,0.036489,-0.134169,0.028359,-0.072091,0.073584,0.118365,-0.175467,-0.061416,-0.195406,-0.041680,0.020353
-0.010564,-0.030918,-0.063191,-0.000865,-0.024928,0.002127,0.021105,-0.047357,-0.012966,-0.063947,0.060685,0.015413,0.018597,-0.123490,0.018006,0.061185
-0.010690,-0.073033,-0.092204,0.009395,0.024370,-0.040517,-0.031785,-0.008300,-0.019764,0.115748,0.082589,-0.121082,-0.021502,-0.145364,-0.047683,0.051434
-0.001608,-0.001148,-0.019670,0.035175,0.014718,-0.003788,0.026195,-0.067552,-0.006839,-0.019228,-0.006755,0.002262,0.036711,-0.007814,0.016876,0.041307
0.003000,-0.070492,-0.023246,0.033913,-0.054436,0.172562,-0.091099,0.005367,0.196578,0.076290,0.057758,-0.063492,-0.011691,-0.016851,0.255283,0.091889
-0.005697,0.039600,-0.044172,0.064345,-0.146722,0.078752,-0.024851,-0.003320,0.118351,-0.019377,0.035203,-0.026974,0.063557,0.009176,0.182742,0.138205
-0.006931,0.014077,-0.097651,0.034077,-0.059061,-0.071188,-0.029229,0.000801,-0.048614,0.044885,0.021936,-0.081046,0.051862,-0.010844,-0.044111,0.095029
-0.018010,-0.049079,0.134513,0.083798,0.023956,0.117873,0.157890,-0.139205,0.325719,-0.002799,0.055280,0.168189,0.019619,-0.047556,0.309608,0.105302
0.007544,-0.056187,-0.071937,-0.029488,-0.016387,0.228012,-0.057900,-0.053851,-0.028024,-0.167837,0.096603,-0.064993,-0.053827,-0.310247,0.126314,-0.044331
0.002818,0.025254,0.012529,0.030891,0.004911,0.057628,0.044216,-0.076466,0.030144,-0.099430,-0.042321,0.065266,0.057698,0.015240,0.100429,0.042747
-0.006527,-0.067318,-0.017258,-0.001311,0.076016,0.004179,0.037621,-0.068342,0.016162,0.003280,0.030236,0.019120,-0.003890,-0.103655,0.018151,0.025083
-0.001311,-0.050870,0.025367,0.005714,0.112083,0.033214,0.064821,-0.098072,0.024044,-0.031742,-0.014332,0.054079,0.002052,-0.060216,0.043781,-0.002874
0.014620,-0.045445,-0.009882,0.037606,0.003119,0.064077,-0.069253,-0.057466,0.053619,0.018056,-0.023465,0.011095,0.034959,0.122033,0.100324,0.044741
-0.003132,-0.144336,0.055312,-0.000084,0.275141,-0.015575,0.086327,-0.127363,0.028650,0.127584,0.011480,0.002332,-0.064261,-0.152793,-0.039843,-0.064154
0.000815,-0.002337,-0.151359,0.023561,-0.083185,-0.106386,-0.117161,0.043413,-0.098874,0.099112,0.015308,-0.133170,0.059532,0.061588,-0.097291,0.107719
0.002693,-0.065094,0.002128,-0.001805,0.052346,0.124314,0.018842,-0.099693,0.030236,-0.098472,0.038770,0.038225,-0.021217,-0.132298,0.102224,-0.016456
-0.003572,-0.054890,-0.075641,0.008560,0.052071,-0.031915,-0.027293,-0.027414,-0.057400,0.078310,0.037178,-0.105579,-0.012767,-0.097861,-0.064142,0.019299
-0.012213,0.003800,-0.090354,-0.015136,-0.007605,-0.091425,0.037929,-0.027564,-0.101484,-0.067281,0.016002,0.015616,0.051844,-0.096953,-0.084970,0.068379
0.008718,-0.048211,0.001579,0.028901,-0.015655,0.155498,-0.030604,-0.083164,0.082962,-0.074070,0.035286,0.024464,0.001652,-0.042808,0.169540,0.020375
-0.003736,-0.119665,-0.062478,-0.014778,0.012635,0.120048,-0.069931,-0.012465,0.082195,0.051465,0.101842,-0.079832,-0.059623,-0.155943,0.118551,0.034241
-0.008653,0.035854,-0.044038,0.053187,-0.035371,-0.082376,0.027996,-0.021102,0.009952,0.043880,-0.015256,-0.014827,0.080489,0.036153,-0.000111,0.113942
-0.000050,-0.028330,-0.048384,0.008235,-0.034530,0.071438,-0.020159,-0.053486,0.003324,-0.080011,0.036361,0.003381,0.012538,-0.052640,0.071761,0.039042
-0.023670,0.030232,-0.004601,0.050375,0.031148,-0.133327,0.151330,-0.087610,-0.011449,-0.000970,0.008939,0.044735,0.059091,-0.065505,-0.064156,0.081321
-0.004910,-0.002363,0.008609,0.038303,0.039386,-0.045778,0.054410,-0.059414,0.046777,0.025656,-0.040228,0.050617,0.060546,0.066904,0.037018,0.077861
-0.001696,-0.046007,-0.068365,0.005907,0.053260,-0.099464,-0.042629,0.001804,-0.038688,0.126350,-0.036365,-0.061255,0.028936,0.113025,-0.071576,0.067155
0.007503,-0.075370,-0.053466,-0.043464,0.061152,0.166978,-0.013871,-0.099816,-0.093413,-0.186902,0.075346,-0.017164,-0.058806,-0.300972,0.032829,-0.086688
0.014550,-0.144854,-0.158622,-0.052632,0.037413,0.143674,-0.187477,-0.024754,-0.172579,-0.007051,0.119476,-0.233047,-0.127083,-0.220344,-0.076377,-0.106369
-0.000697,-0.030713,-0.072217,-0.050527,0.045678,0.018606,0.014774,-0.056908,-0.125319,-0.153504,0.004170,0.031055,0.008164,-0.134734,-0.046377,-0.012190
-0.007101,-0.015571,-0.070773,0.010970,0.006056,-0.070904,0.004656,-0.027325,-0.051582,0.018528,0.010865,-0.026165,0.037753,-0.029698,-0.053413,0.065680
0.005513,-0.059700,-0.008042,0.022967,0.094910,-0.038770,-0.027030,-0.035668,0.030605,0.125030,-0.054116,-0.018182,0.025520,0.127767,0.007156,0.045693
-0.004409,0.063355,-0.026468,0.071112,-0.091157,-0.020867,0.006349,-0.000584,0.089904,0.031966,-0.034741,0.002138,0.106460,0.098982,0.113263,0.152476
-0.009616,0.079562,0.027871,0.080221,-0.041397,-0.017787,0.102626,-0.070627,0.079500,-0.042378,-0.043343,0.063675,0.097848,0.056458,0.099597,0.109317
0.014274,-0.110307,-0.016325,-0.042617,0.106615,0.139744,-0.037857,-0.085370,-0.012734,-0.096817,0.020274,0.039984,-0.033643,-0.141049,0.078431,-0.050932
0.010346,-0.051681,-0.064311,-0.022155,0.029641,0.076666,-0.052937,-0.057990,-0.080753,-0.094825,0.014037,-0.017304,-0.005014,-0.084628,0.007404,-0.020811
-0.018111,-0.029058,-0.034341,0.006017,0.082560,-0.106485,0.103166,-0.070023,-0.047179,0.011674,0.032859,0.015789,0.021166,-0.162141,-0.088301,0.042840
-0.003879,-0.138686,-0.023457,-0.024163,0.117387,0.064625,-0.013273,-0.047053,0.062540,0.072997,0.066806,-0.031180,-0.059014,-0.163002,0.060656,0.003326
-0.012668,0.000093,0.000963,0.028512,0.071582,-0.076256,0.116014,-0.100302,-0.032617,-0.031699,-0.003053,0.049687,0.038076,-0.077292,-0.051409,0.032732
-0.009461,-0.056035,-0.047443,0.004319,0.054221,-0.037286,0.017998,-0.035536,-0.000692,0.056056,0.034127,-0.031612,0.002928,-0.093205,-0.017510,0.048898
-0.008920,-0.025157,0.032292,0.031520,0.044037,-0.002104,0.053208,-0.035144,0.145351,0.067106,-0.044462,0.059388,0.044069,0.110998,0.129858,0.104329
-0.007777,-0.013160,-0.004252,0.020673,0.024503,-0.014314,0.062070,-0.069728,0.031226,-0.036404,-0.002935,0.062398,0.042543,-0.019636,0.043149,0.063266
-0.010721,-0.009829,-0.041484,0.040423,0.033822,-0.115501,0.025507,-0.010650,0.019223,0.134458,-0.011540,-0.042167,0.053981,0.019299,-0.034918,0.103449
-0.002859,-0.025988,-0.034069,0.029214,0.020601,-0.030639,0.000004,-0.042623,0.007254,0.045273,-0.002224,-0.018725,0.030810,0.025406,0.005044,0.059959
-0.006293,-0.015806,0.082919,0.042948,0.156854,-0.009207,0.158748,-0.158438,0.024487,-0.038613,-0.038702,0.090773,0.015509,-0.053192,0.011622,-0.021837
0.018512,-0.130480,-0.157159,-0.073051,-0.036585,0.253869,-0.199251,-0.011793,-0.106774,-0.137563,0.140788,-0.151917,-0.101257,-0.306401,0.069843,-0.074976
-0.020700,-0.040422,-0.125944,-0.034373,0.021317,-0.077208,0.042324,-0.029709,-0.142432,-0.044734,0.103322,-0.069568,-0.015856,-0.308306,-0.140699,0.023784
-0.001266,0.021793,-0.009067,0.034022,0.059280,-0.098038,0.046019,-0.042597,-0.016874,0.041640,-0.081157,0.029364,0.082522,0.096525,-0.030816,0.073072
-0.003636,-0.122101,-0.090060,-0.002584,0.107728,-0.096256,-0.068818,-0.009135,-0.057171,0.209531,0.042400,-0.142347,-0.039344,-0.028913,-0.127719,0.020853
0.009747,-0.058528,-0.014108,0.010724,0.079149,0.079860,-0.020938,-0.082114,-0.018490,-0.019158,0.005323,-0.029389,-0.015501,-0.072291,0.034501,-0.029475
0.014352,0.095205,-0.062971,0.087169,-0.232948,0.159865,-0.106961,-0.017898,0.046781,-0.126953,-0.003273,-0.052257,0.087878,0.125435,0.202824,0.103639
-0.009200,-0.051525,-0.045140,0.003301,0.034941,-0.048920,0.028680,-0.051153,-0.006209,0.010805,0.036735,0.020073,0.022294,-0.082800,-0.017584,0.059848
-0.014378,-0.068729,-0.155906,-0.037419,-0.011470,-0.044906,-0.057349,0.029219,-0.101799,0.046571,0.097459,-0.142340,-0.031268,-0.196123,-0.096370,0.048442
-0.018919,0.015590,-0.138573,0.019500,-0.095532,-0.074144,0.002446,-0.006786,-0.100688,-0.019091,0.101906,-0.105612,0.025594,-0.194187,-0.090082,0.084713
-0.009628,-0.011541,0.025431,0.044730,0.062698,-0.076866,0.085593,-0.072114,0.065521,0.053665,-0.036212,0.067792,0.059390,0.067270,0.024623,0.084433
0.015714,-0.002584,-0.126630,0.033064,-0.157866,0.144996,-0.182127,0.020928,-0.017680,-0.028925,0.052824,-0.153038,0.015836,-0.001000,0.110128,0.057516
-0.005662,0.017248,-0.020185,0.051833,-0.031437,-0.020636,0.031804,-0.054565,0.033019,-0.006345,-0.000795,0.016194,0.060654,0.023617,0.046458,0.086783
0.019029,0.079324,-0.020508,0.067932,-0.090581,0.137465,-0.064116,-0.031321,0.027726,-0.083885,-0.063662,-0.041232,0.079310,0.085714,0.163073,0.052353
-0.022637,-0.104638,-0.098416,-0.046009,0.145727,-0.125152,0.096143,-0.115072,-0.223304,-0.039909,0.126636,-0.055291,-0.073825,-0.367631,-0.272004,-0.070568
0.005086,-0.004078,0.000237,0.030777,0.026435,0.040877,0.024057,-0.091226,-0.005993,-0.071811,-0.020499,0.037623,0.036574,-0.001358,0.047470,0.016295
0.011982,-0.019020,-0.037767,0.035633,-0.056764,0.134263,-0.074395,-0.049925,0.035848,-0.055805,0.022919,-0.034311,0.017316,-0.006857,0.132923,0.032295
0.001162,-0.016344,-0.021588,0.012159,0.023804,0.045536,0.018287,-0.069965,-0.010318,-0.069033,0.002713,0.017637,0.022175,-0.065709,0.044762,0.020143
0.004611,0.009127,-0.077960,-0.012492,-0.024298,0.067204,-0.043779,0.002937,-0.039263,-0.074572,-0.009915,-0.041555,0.035295,-0.086690,0.058318,0.043585
-0.005185,0.028722,-0.014914,0.036832,0.014661,-0.058405,0.065561,-0.070706,-0.026142,-0.040857,-0.031490,0.043744,0.070110,0.010130,-0.014229,0.061537
-0.004698,-0.065200,-0.094519,0.020753,0.005447,-0.123243,-0.079813,0.026411,-0.002951,0.195380,0.007704,-0.091375,0.031551,0.116682,-0.064394,0.111345
0.005496,0.068648,-0.035028,0.051954,-0.093223,0.083731,-0.000866,-0.053524,-0.001559,-0.131374,-0.006480,0.003250,0.074868,-0.043785,0.107284,0.060873
-0.006913,-0.109417,-0.117518,-0.022842,-0.023641,-0.013808,-0.121469,0.065721,0.057014,0.159329,0.058184,-0.102452,-0.012068,0.020896,0.041668,0.115984
-0.000044,-0.070117,-0.138380,-0.024363,-0.050072,0.071860,-0.109393,0.004458,-0.073181,-0.021245,0.099847,-0.131122,-0.036750,-0.170019,-0.002095,0.020271
0.003268,0.022833,-0.048491,0.045513,-0.046947,-0.027073,-0.032118,-0.025086,-0.006704,0.011623,-0.034850,-0.017176,0.072319,0.116695,0.023242,0.087070
0.006941,0.034586,-0.092793,0.038952,-0.118746,-0.008191,-0.103405,0.029954,-0.003282,0.020604,-0.036279,-0.055557,0.086738,0.170464,0.054161,0.124497
0.015289,0.070161,-0.029211,0.033801,0.001414,0.075361,-0.033233,0.004493,-0.000972,-0.025709,-0.088468,-0.055051,0.082546,-0.021558,0.103969,0.049442
0.005950,-0.073496,0.116457,0.046500,0.164009,0.064784,0.078403,-0.137014,0.152649,0.044690,-0.062844,0.110537,0.008329,0.103510,0.142842,0.002231
-0.019260,-0.007351,-0.165210,0.014785,-0.033923,-0.209794,-0.056941,0.091888,-0.078420,0.227625,0.029488,-0.188509,0.046615,-0.015502,-0.159314,0.148561
-0.001972,-0.055178,-0.141079,-0.012697,-0.062928,0.001762,-0.111779,0.033273,-0.049282,0.042090,0.070242,-0.116593,0.002914,-0.078494,-0.013076,0.074707
-0.005078,-0.028388,-0.046735,-0.012279,0.048239,-0.042176,0.038867,-0.063091,-0.067483,-0.062383,0.003848,0.039364,0.030251,-0.079101,-0.046563,0.029237
0.007580,-0.035620,0.018187,0.021337,0.076447,0.076050,0.019230,-0.094245,0.020839,-0.042174,-0.019999,0.025961,0.009373,-0.031640,0.072585,-0.008846
0.002448,-0.016394,0.027881,0.024181,0.013000,0.123676,0.047800,-0.104093,0.071392,-0.127670,0.010142,0.084186,0.023170,-0.079056,0.153649,0.020413
-0.004706,-0.010012,-0.034780,0.041280,-0.012860,0.022307,-0.002433,-0.029744,0.045993,0.042081,0.021772,-0.053760,0.022663,-0.039129,0.064264,0.068190
0.005077,-0.039526,-0.036812,0.011504,0.068540,0.014415,-0.017494,-0.054770,-0.043370,0.017974,-0.007101,-0.049406,0.003443,-0.045370,-0.015108,-0.001102
-0.013462,-0.033096,-0.012327,-0.009715,0.072912,-0.014310,0.111565,-0.102717,-0.034030,-0.105245,0.039226,0.074756,0.009870,-0.199265,-0.017230,0.011608
-0.004756,-0.053596,-0.112310,0.002252,-0.013388,-0.016549,-0.058677,-0.015438,-0.076483,0.037700,0.072746,-0.116439,-0.014630,-0.113867,-0.061650,0.032875
-0.014752,0.056202,0.083212,0.076372,0.011210,-0.000583,0.164623,-0.093821,0.166073,-0.039085,-0.042942,0.137922,0.094128,0.015955,0.166588,0.117094
0.011226,0.002657,-0.119326,0.035391,-0.137776,0.083561,-0.152468,0.018116,-0.025568,-0.003822,0.034079,-0.132107,0.029815,0.041605,0.069188,0.071737
0.009561,-0.027806,0.024972,0.033634,0.027229,0.103426,0.000411,-0.088177,0.070598,-0.053840,-0.020881,0.051464,0.027043,0.029552,0.136489,0.022564
0.004776,0.001239,-0.052049,0.036197,-0.055953,0.068106,-0.043447,-0.039723,0.005229,-0.040400,0.021084,-0.040557,0.032093,-0.026733,0.075776,0.050280
0.013271,-0.160035,-0.058740,-0.040918,0.104045,0.170330,-0.102176,-0.075352,-0.043757,-0.019014,0.086844,-0.096438,-0.109043,-0.189801,0.033574,-0.093954
-0.014313,-0.027047,0.052798,0.033372,0.114530,-0.048669,0.146024,-0.099274,0.089006,0.021617,-0.004200,0.100268,0.041923,-0.106057,0.048373,0.060631
0.030740,0.025522,0.062479,0.052406,0.006550,0.228421,-0.030839,-0.122194,0.058637,-0.175047,-0.086370,0.075577,0.050057,0.097084,0.224204,-0.028767
-0.001252,-0.037498,-0.109521,0.022832,-0.074254,0.016276,-0.113087,0.040963,0.025858,0.107167,0.046180,-0.135305,0.013138,0.010703,0.048174,0.100364
-0.003139,-0.066568,-0.177356,-0.027508,-0.056291,-0.012643,-0.128352,0.042333,-0.110253,0.045997,0.097533,-0.166458,-0.018208,-0.155464,-0.074951,0.052247
-0.003397,-0.042688,0.003741,0.022606,0.039544,0.046084,0.041590,-0.089786,0.042286,-0.037389,0.026277,0.036656,0.007360,-0.070995,0.068695,0.025928
-0.002584,-0.096311,-0.007675,-0.023895,0.099117,0.126864,0.042588,-0.104951,0.010697,-0.094599,0.083317,0.017584,-0.055580,-0.295084,0.071651,-0.045186
-0.003543,-0.033695,-0.118270,0.004183,-0.036423,-0.022901,-0.073235,0.017114,-0.051546,0.055437,0.050733,-0.114212,0.012800,-0.080135,-0.031311,0.068567
-0.003726,-0.060226,-0.086145,0.008253,-0.017206,0.006159,-0.061967,-0.004239,0.002884,0.063876,0.057005,-0.083510,-0.002159,-0.057910,0.015005,0.063848
-0.015037,0.032207,0.042024,0.080540,0.111804,-0.224022,0.128755,-0.044896,0.065878,0.201790,-0.106672,0.039456,0.109044,0.174783,-0.059016,0.131455
