1.616919,0.041680,0.022655,0.014846,-0.034250,0.128207,0.043002,0.010012,-0.009582,-0.057398
2.295913,0.012915,-0.001731,-0.015447,-0.030123,0.043353,0.041460,-0.033196,-0.000684,0.044686
2.110474,-0.034786,-0.081300,-0.006156,0.052663,0.122705,-0.042902,-0.081321,0.010056,-0.009404
1.362328,0.012452,0.016720,-0.016335,0.014716,0.042959,0.021154,-0.000962,-0.026568,0.062100
2.272652,0.002022,-0.024464,-0.023104,-0.009453,0.080065,-0.013930,0.002437,0.001356,-0.042554
2.010746,-0.047816,-0.074391,0.010510,0.070137,0.146302,-0.026091,-0.077452,-0.023302,0.010683
0.920103,0.048687,0.025438,-0.012068,0.014881,0.007936,0.020262,-0.004620,-0.009390,0.038018
3.016726,0.177947,-0.003542,-0.038948,-0.055132,0.013984,0.066604,-0.101599,0.017386,-0.015296
1.449977,-0.068027,-0.045379,0.042237,0.051750,0.099060,-0.010119,-0.078408,-0.027527,0.044830
0.968153,0.033827,0.012604,-0.001019,0.015566,0.022975,0.012939,-0.021411,-0.002948,0.028316
2.079618,0.022367,-0.022697,-0.028615,0.016417,0.051960,-0.013671,-0.020261,-0.013743,0.000905
1.473663,0.012030,-0.016920,-0.019239,0.030251,0.027812,-0.023774,-0.028365,-0.007253,0.024889
1.550166,0.012103,-0.008336,-0.010812,0.021018,0.044030,0.000089,-0.019695,-0.014416,0.022058
0.862634,0.017357,0.025295,-0.009167,0.010251,0.026233,0.007272,0.021187,-0.008142,0.020991
0.941773,0.031744,0.032723,-0.000672,-0.010704,0.047975,0.020751,0.024478,-0.002185,-0.009091
0.826497,0.011976,0.024926,-0.003119,0.009881,0.041688,0.010294,0.021179,-0.008453,0.015882
0.990684,0.006672,0.012411,-0.007911,0.016889,0.035897,-0.002769,0.010340,-0.008320,0.018525
1.217658,-0.070175,0.019282,0.052671,-0.039188,0.214238,0.059919,0.003542,-0.001063,-0.000939
2.383509,0.115294,-0.016260,-0.043562,0.018947,-0.035812,-0.016931,-0.033336,-0.030393,-0.030774
2.734666,0.066650,-0.023379,-0.032768,-0.026049,0.077890,0.014149,-0.062053,0.005150,-0.007927
1.814384,0.050460,0.065162,-0.069504,-0.111751,-0.058379,0.039294,0.068883,0.058895,0.027212
2.310492,0.054189,-0.023299,-0.044173,0.018864,-0.056848,-0.019539,-0.038472,-0.017284,0.029276
1.326134,0.030703,0.001504,-0.028733,0.016323,-0.015506,-0.023588,0.002063,-0.001846,0.010355
1.652715,-0.083554,-0.052519,-0.007516,0.050499,0.077461,-0.065966,-0.020835,-0.012846,0.019732
2.496277,0.076858,-0.045519,-0.054571,0.021190,-0.096080,-0.024625,-0.109752,0.012044,0.070757
1.685934,-0.023147,-0.033201,-0.005032,0.037037,0.076525,-0.027951,-0.025478,-0.017066,0.004173
1.528730,-0.049736,0.009481,0.001519,-0.014615,0.122030,0.009441,0.046488,-0.012248,-0.013049
1.380310,0.038257,-0.020161,-0.047770,0.078076,-0.009398,-0.040059,-0.008371,-0.035202,0.041199
2.137227,-0.016228,-0.046225,-0.014764,0.035652,0.060130,-0.028331,-0.047311,-0.017735,0.017668
0.983890,0.005555,0.001587,-0.000506,0.026137,0.056837,-0.008208,0.005103,-0.007545,-0.005453
1.320156,0.028724,0.024398,-0.021212,-0.021172,0.048961,0.010760,0.026224,0.007948,-0.006226
2.394278,0.080486,0.010981,-0.063733,-0.050669,0.110186,0.025790,0.000209,0.024033,-0.012390
0.981530,-0.000567,0.001471,0.001627,0.025487,0.046590,-0.004791,-0.009191,-0.007239,0.019448
1.970669,0.067129,-0.050305,-0.041325,0.069510,-0.071146,-0.065097,-0.070441,-0.023251,0.014246
1.202114,0.061099,0.016606,-0.038834,0.009149,0.016018,-0.010716,0.023517,0.001620,-0.011157
0.846107,0.006424,0.016591,-0.002541,0.020658,0.043681,0.003142,0.014658,-0.011648,0.017554
2.702623,-0.112201,-0.100032,0.009709,0.047400,0.087513,-0.065634,-0.074003,-0.014948,0.003212
1.353810,-0.006196,-0.026324,-0.003147,0.047026,0.041324,-0.021264,-0.036180,-0.014092,0.023960
2.385310,-0.018035,-0.045089,-0.020588,0.022950,0.068895,-0.031355,-0.030144,-0.019220,-0.002242
2.080530,0.000400,-0.025305,-0.015213,0.010590,0.062185,-0.018062,-0.021150,-0.014592,-0.006475
1.820444,0.039742,-0.022762,-0.036906,0.013356,-0.001549,-0.044529,-0.012372,0.007452,-0.030078
1.997171,0.000552,-0.042275,-0.038777,0.036333,0.027773,-0.039886,-0.043552,-0.001126,0.034152
1.291542,0.003955,-0.008941,0.001532,0.022452,0.040627,-0.006386,-0.026872,-0.007639,0.016888
2.753999,-0.025995,-0.057584,-0.027025,0.013325,0.106031,-0.016492,-0.055282,-0.005592,0.018570
1.455325,0.079446,0.058820,-0.039418,-0.069291,0.003480,0.039528,0.047681,0.023798,-0.009468
1.540727,0.038749,-0.006095,-0.021141,0.013293,0.000266,-0.011378,-0.022745,-0.001642,0.010217
0.850878,-0.004963,0.050846,-0.000768,-0.035744,0.080932,0.021016,0.068767,-0.000398,-0.014139
3.177728,-0.022631,-0.051981,-0.026102,-0.039761,0.194301,-0.015363,-0.026673,0.015637,-0.064629
1.964888,0.030256,0.001822,-0.014465,-0.014610,0.064599,0.023590,-0.007617,-0.007482,-0.004011
2.500229,-0.044533,-0.026075,0.010272,-0.044653,0.156803,0.033378,-0.077889,0.014636,0.047109
1.368464,-0.011342,-0.004739,-0.024625,0.029874,-0.008808,-0.021838,0.016086,-0.015303,0.031248
0.800097,0.032424,0.025835,0.002587,0.009795,0.043027,0.017123,0.010308,-0.008225,0.003944
1.937305,-0.019963,-0.043551,-0.007107,0.037077,0.065776,0.008252,-0.104232,-0.005212,0.105372
2.381197,0.012422,-0.042854,0.012646,0.034458,0.153540,0.013214,-0.076638,-0.046189,0.001823
2.349227,-0.010089,-0.116438,-0.001345,0.093638,0.035203,-0.056227,-0.202175,-0.000537,0.084573
0.853700,-0.013702,0.013653,0.000915,0.015412,0.054702,-0.001518,0.018733,-0.006418,0.014844
1.586193,0.024897,-0.003394,-0.034832,0.005216,0.006387,-0.031031,0.016311,0.002294,-0.016854
0.884838,0.013313,0.014066,-0.002504,0.017220,0.038509,0.001107,0.002858,-0.006158,0.017160
1.463355,-0.019134,-0.025653,-0.010101,0.041995,0.029095,-0.027284,-0.025677,-0.014707,0.032117
2.546378,-0.118889,-0.077883,0.033808,0.006892,0.190643,-0.018400,-0.089060,0.000468,0.013920
1.752490,0.108375,0.037253,-0.025191,-0.087528,0.011022,0.026310,-0.024157,0.048496,-0.033417
1.824850,-0.081685,-0.033094,-0.026507,0.006865,0.094349,-0.044916,0.011744,0.013243,0.015003
2.403306,0.001223,-0.029358,-0.012823,-0.007559,0.142260,0.015221,-0.049617,-0.003182,0.009250
1.576103,-0.069302,-0.011559,0.009698,-0.009789,0.190767,0.010731,-0.010857,0.004168,0.020958
1.892609,0.062797,0.008513,-0.027591,-0.014573,0.075011,0.008202,0.020451,-0.007821,-0.053221
2.108255,0.040484,0.013673,-0.040888,-0.026566,-0.044460,-0.013132,0.048514,-0.011974,-0.034191
1.850679,0.043171,0.012350,-0.013096,-0.025015,0.042716,0.011029,0.013683,-0.007882,-0.037785
1.090122,0.011664,0.020391,-0.007395,0.023659,0.050267,0.013958,0.043866,-0.031223,-0.001139
1.778475,0.065070,-0.038908,-0.054993,0.063336,-0.089793,-0.068283,-0.056637,-0.013511,0.035683
0.963357,0.010061,0.004071,-0.003368,0.031942,0.036451,-0.007669,-0.003148,-0.014599,0.018256
1.382944,0.008196,0.003268,-0.008569,0.009976,0.051199,0.001841,0.008372,-0.010181,-0.000463
1.260505,0.015458,-0.010296,-0.010827,0.033268,0.031172,-0.019503,-0.011230,-0.010611,0.002321
2.337612,0.095596,0.057547,-0.007843,-0.121151,0.213221,0.104376,0.023468,0.018727,-0.076603
1.651542,-0.049935,-0.005149,-0.008518,-0.005587,0.050331,-0.015843,0.031753,-0.005388,-0.003005
1.419995,0.035518,0.008800,0.008904,0.000361,0.054518,0.029810,-0.019556,-0.011730,-0.001890
0.890358,0.007913,0.010849,-0.002929,0.021824,0.045962,-0.003781,0.008318,-0.008336,0.010225
1.800495,0.086877,-0.008033,-0.011562,0.000614,0.072150,0.019997,-0.063791,0.002298,-0.010727
2.107966,-0.014142,-0.031132,-0.016518,0.009255,0.081066,-0.023149,-0.013901,-0.007152,-0.017171
1.369936,0.130084,0.033465,-0.050875,-0.008249,-0.079919,0.024103,-0.027088,0.008274,0.050358
2.547254,-0.033052,-0.054215,-0.008375,0.015050,0.090130,-0.020140,-0.060221,-0.012344,0.013878
0.770559,0.043233,0.066976,-0.000454,-0.040762,0.025195,0.076436,0.034338,0.006690,0.039995
1.140443,0.020414,0.012810,0.030466,0.008171,0.021701,0.029615,-0.047346,-0.023386,0.038371
2.299363,0.018676,-0.052488,-0.015817,0.027259,0.069828,-0.043679,-0.064803,-0.010904,-0.023509
2.049209,-0.000251,0.023516,-0.013510,-0.029508,0.089987,0.042661,0.053006,-0.029445,-0.009689
1.295182,-0.054209,-0.003630,-0.023033,0.035050,0.092379,-0.048546,0.103259,-0.033081,-0.058955
0.879695,-0.003898,0.013736,0.004888,0.017474,0.062166,0.003549,0.021137,-0.011133,-0.001180
2.461837,-0.012075,-0.011222,-0.012408,-0.022803,0.142655,0.010820,0.006053,-0.021981,-0.023381
1.081674,0.036751,0.027648,-0.018464,-0.017276,0.098595,0.003999,0.040786,0.009324,-0.041443
1.539439,0.056341,0.002354,-0.044562,0.016132,-0.032968,-0.027823,0.011040,-0.006323,-0.002084
2.566820,-0.015977,-0.091549,-0.012695,0.070052,0.003685,-0.048225,-0.120747,-0.017568,0.046202
2.147183,0.033833,-0.023279,-0.018657,0.006239,0.062153,-0.003038,-0.038068,-0.008203,-0.008309
2.474558,0.018484,-0.022351,-0.037570,-0.016384,0.021725,-0.024904,-0.001716,0.000886,-0.029473
1.774630,-0.039286,0.034108,-0.039827,-0.045723,0.074402,-0.001460,0.113243,-0.007521,-0.021349
0.858721,0.018618,0.023405,-0.004035,0.009495,0.045958,0.004970,0.024621,-0.008316,-0.000963
0.939388,0.019571,0.017146,-0.003611,0.007020,0.032076,-0.001350,0.004102,-0.002510,0.008778
2.147501,-0.003910,-0.015247,-0.005250,-0.022127,0.103134,0.014237,-0.023961,0.004688,-0.009412
1.297254,0.014588,-0.002997,-0.010799,0.026054,0.080597,-0.020014,0.005451,-0.019444,-0.015366
1.688900,0.031948,-0.033763,-0.019933,0.062580,0.018936,-0.036285,-0.028600,-0.033406,-0.005720
2.381960,-0.033214,-0.009291,-0.018605,-0.037649,0.056984,0.004966,0.021573,0.003104,-0.012395
1.527706,0.025569,0.000600,-0.027145,0.014070,0.060367,-0.024522,0.031412,-0.015892,-0.037135
1.007305,0.009561,0.006475,-0.007825,0.022968,0.038025,-0.008484,0.006466,-0.008285,0.009762
1.927077,0.013941,-0.006962,-0.038726,-0.000609,0.063185,-0.024164,0.029108,-0.006672,-0.029259
0.869130,-0.003025,0.018061,-0.000446,0.010353,0.052572,0.006720,0.019553,-0.004528,0.013333
3.136768,0.008547,-0.056931,-0.069053,-0.012848,-0.001288,-0.065594,-0.022508,0.016815,-0.026137
0.917199,0.022568,0.018341,-0.005867,0.010568,0.042989,0.004497,0.012025,-0.003767,0.004448
1.666380,0.014535,0.006498,-0.027997,-0.025461,0.063698,-0.018289,0.034953,0.013311,-0.046098
1.390440,-0.030829,-0.021161,0.004003,0.029722,0.074790,-0.017128,-0.025274,-0.011315,0.020782
2.003884,0.019423,-0.017823,-0.028365,0.012400,-0.000194,-0.021160,-0.004983,-0.012159,-0.005751
2.326846,0.039438,-0.034213,-0.040039,0.024238,0.046232,-0.021112,-0.028057,-0.014081,-0.009462
2.056323,0.055498,0.001240,-0.022873,-0.017067,0.033261,0.011101,-0.018915,-0.005895,-0.008164
1.637650,-0.079740,-0.034636,0.024411,0.029847,0.148789,-0.025514,0.010483,-0.026927,-0.041249
2.548604,0.017351,-0.016248,-0.039918,-0.026012,0.068159,-0.020564,0.028882,-0.001561,-0.063949
2.119127,-0.024323,-0.042840,-0.011197,0.029530,0.089465,-0.053060,-0.014962,-0.026666,-0.033846
1.335404,0.055196,0.055375,-0.012345,-0.041054,0.040221,0.054565,0.054033,-0.011301,-0.011621
1.693429,-0.027210,-0.011391,0.001938,0.001676,0.035589,0.009863,-0.029115,-0.003841,0.044024
1.235140,-0.019257,-0.013172,0.005141,0.035728,0.077725,-0.008250,-0.005270,-0.017756,0.004184
0.783854,0.032213,0.037009,-0.007108,0.001610,0.029556,0.019265,0.032706,-0.008634,0.008643
1.796942,0.030754,0.037721,-0.032757,-0.067590,0.035515,0.043266,0.030535,0.025955,0.014106
3.199710,-0.040975,-0.062232,-0.035302,-0.010342,0.031517,-0.011242,-0.057207,0.008865,0.037763
1.346388,0.081492,0.052614,-0.022905,-0.048836,0.001041,0.063968,-0.001411,0.013957,0.043697
2.002898,-0.019884,0.020384,-0.009579,-0.042592,0.037635,0.039920,0.035522,-0.008129,0.016554
0.881691,0.010532,0.023693,-0.003757,0.008670,0.047265,0.009703,0.024921,-0.008722,0.009356
1.587364,0.110477,0.020822,-0.033817,-0.013559,0.036916,0.034331,-0.027129,0.007433,0.005924
1.391343,-0.034040,-0.041187,0.010492,0.061830,0.083486,-0.022292,-0.035310,-0.021378,0.008299
3.213303,0.349247,-0.022729,-0.116493,0.004307,-0.216116,-0.021146,-0.129538,0.008811,-0.052369
1.177147,0.093497,0.014732,-0.029151,0.012523,-0.008265,0.003126,-0.023483,0.003016,0.009555
2.880106,0.029987,-0.084160,-0.037332,0.070281,0.072734,-0.054286,-0.109470,-0.038638,0.024097
1.104625,-0.009452,0.013393,0.001631,0.002176,0.068707,0.010361,0.015203,-0.004610,0.008519
2.825223,0.024709,-0.034318,-0.018828,-0.019239,0.113994,0.018244,-0.069076,-0.002952,0.007923
1.461927,0.040218,0.015158,-0.020213,-0.008134,0.052299,-0.000612,0.015271,-0.005689,-0.018067
1.488902,0.032186,0.010968,-0.029006,-0.004301,0.029961,-0.001315,0.016258,0.001113,-0.001134
1.080711,0.018911,0.030139,-0.001400,-0.007783,0.018007,0.027981,0.013871,-0.008176,0.026766
1.620334,-0.031439,-0.000943,-0.005122,0.011934,0.074377,0.007171,0.028405,-0.025811,0.007343
1.205496,0.016820,0.013082,-0.008580,0.008241,0.027940,0.004997,0.010857,-0.010022,0.009309
1.034013,-0.006725,0.031959,-0.006689,0.001244,0.037236,0.019707,0.063226,-0.019361,0.002284
0.894439,0.011809,0.022863,-0.008613,0.011860,0.041035,0.007257,0.026118,-0.009282,0.014101
0.987513,0.084015,0.032768,-0.025026,0.001552,-0.014318,0.024476,0.000538,0.002809,0.020630
1.185416,0.025751,0.006730,-0.020367,0.022757,0.001455,-0.021198,0.015549,-0.014141,0.000413
0.926372,0.040831,0.040785,-0.013035,0.005315,0.053435,0.025810,0.052758,-0.023488,-0.005637
0.873731,0.010508,0.013349,0.003158,0.020912,0.044896,0.010687,-0.001558,-0.009574,0.022937
1.227685,0.007961,-0.007879,-0.011307,0.035481,0.034813,-0.022952,0.002853,-0.016360,-0.002354
2.264596,0.039997,-0.035984,-0.021250,0.016853,-0.000629,0.003438,-0.083315,-0.001267,0.042716
0.982491,0.010182,0.013406,-0.007338,0.016864,0.038320,-0.001680,0.013144,-0.009176,0.012338
1.036739,0.060846,0.054343,-0.009383,-0.025536,0.068490,0.052682,0.053141,-0.010332,-0.019203
1.593908,0.066474,0.002581,-0.033985,0.003117,0.032961,-0.002688,-0.017819,0.003634,0.001056
0.917781,-0.005936,0.022090,-0.004672,0.001484,0.051520,0.004138,0.035831,-0.002152,0.001916
1.006990,0.013687,0.013109,-0.005837,0.016380,0.043835,0.003878,0.008317,-0.009007,0.013611
3.454688,0.090200,-0.085467,-0.082254,0.017762,-0.015238,-0.078158,-0.095807,0.016620,-0.037161
2.806117,0.065833,-0.042141,-0.023253,-0.009954,0.067149,0.020141,-0.109416,0.008561,0.019483
2.178018,0.052511,-0.050352,-0.033902,0.030287,0.007036,-0.048601,-0.072887,0.005589,-0.012962
1.021409,0.002073,0.016463,-0.006186,0.012983,0.039456,0.007872,0.015931,-0.010759,0.024101
0.996850,-0.009586,0.009315,-0.000858,0.012430,0.062727,-0.005544,0.020171,-0.005467,-0.002267
1.817007,0.093314,0.018967,-0.071108,-0.010641,-0.080300,-0.005729,0.047728,0.008176,-0.020570
1.456690,0.005058,-0.004916,-0.020017,0.011994,0.047836,-0.020859,0.009351,-0.003804,-0.007275
2.079758,0.216636,0.043193,-0.049362,-0.043868,-0.022185,0.084017,-0.082367,0.005257,0.044569
1.016264,0.059450,0.034562,-0.029253,-0.000971,-0.004625,0.007255,0.048815,-0.003064,-0.016635
1.231669,-0.012422,0.016623,-0.003253,-0.000467,0.043152,0.007175,0.035967,-0.012410,0.000581
2.770102,0.023147,-0.053509,-0.046956,0.018945,0.063361,-0.031221,-0.063680,-0.007484,0.017262
0.948235,0.004316,0.050265,0.004389,-0.017323,0.037688,0.048758,0.043764,-0.020601,0.036585
2.598645,-0.027389,0.035045,-0.045205,-0.098783,0.106637,0.070781,0.047617,0.021506,0.053899
3.790281,-0.193627,-0.164914,0.009129,0.050048,0.220273,-0.092489,-0.143810,-0.004334,0.028704
1.566045,-0.012091,-0.046349,-0.003830,0.050213,0.073548,-0.013559,-0.088830,0.001696,0.060391
1.065588,0.013071,0.031535,-0.014269,-0.009048,0.034893,0.021538,0.045921,-0.001857,0.005015
2.369805,-0.034025,-0.053623,-0.029016,0.024280,0.053889,-0.036955,-0.042980,-0.002104,0.025292
2.058664,0.053598,-0.052434,-0.038512,0.090699,-0.027333,-0.052974,-0.039794,-0.050758,-0.000767
1.016013,-0.027200,0.044904,-0.005007,-0.024444,0.073841,0.044732,0.047025,-0.006678,0.055674
0.867177,-0.013525,0.019681,-0.002369,0.008316,0.056273,0.001704,0.033537,-0.005775,0.008300
1.879366,0.072171,0.051027,-0.015313,-0.075993,0.008301,0.065109,0.018492,0.006872,-0.002384
0.839230,0.007994,0.019458,-0.000897,0.015180,0.043306,0.009393,0.011629,-0.008532,0.021760
1.546323,-0.054390,-0.002918,-0.005482,0.010354,0.096480,0.000268,0.018905,-0.020599,0.032652
1.068743,0.037930,0.017681,-0.017963,0.008498,0.020604,-0.006869,0.015593,-0.004610,-0.003013
1.589737,0.037580,0.002747,-0.006766,0.001139,-0.003193,0.017439,-0.024440,-0.005521,0.016758
0.819409,-0.000691,0.024733,-0.001491,0.005620,0.050758,0.004847,0.032330,-0.006372,0.004899
0.944117,0.039278,0.021957,-0.016618,0.008105,0.009188,0.014273,-0.004468,0.003373,0.038106
0.896084,-0.000987,0.016552,0.007423,0.012007,0.065421,0.006380,0.021018,-0.011304,-0.005211
0.989929,-0.013791,0.014022,0.001681,0.010506,0.062280,0.008751,0.025025,-0.007853,0.007483
1.889463,0.021045,-0.015494,-0.019586,0.009209,0.055379,-0.009283,-0.014822,-0.008677,-0.009166
1.449094,-0.036293,-0.024391,0.004108,0.014843,0.044246,-0.019898,-0.026068,0.008225,0.011126
2.054355,0.055707,0.011142,-0.026138,-0.041837,0.035245,0.039654,-0.024456,0.018248,0.015410
1.768777,0.067470,0.005652,-0.032734,-0.003359,0.016916,0.005562,-0.010051,-0.003299,-0.002070
1.231802,0.026789,0.009178,0.003202,0.000292,0.015862,0.011980,-0.011982,-0.000028,0.001290
1.992824,0.028791,0.021256,-0.030616,-0.042119,0.030885,0.029541,0.024034,0.004257,0.005479
0.868088,0.021151,0.019681,-0.001443,0.010792,0.046976,0.009760,0.005010,-0.004566,0.013326
2.299680,0.037961,-0.030976,-0.030033,-0.016522,0.090179,-0.013394,-0.055508,0.024312,-0.018199
1.484567,0.060624,-0.015616,0.003465,0.008474,0.050435,0.026715,-0.100643,0.018841,0.036900
3.009842,-0.041857,-0.040023,-0.027760,-0.033831,0.073987,0.020075,-0.049492,0.015368,0.051635
1.190790,-0.060075,0.007889,-0.008346,-0.027221,0.091382,0.032781,-0.042774,0.041189,0.123849
1.581950,0.020878,0.002152,-0.018665,0.002618,-0.000161,0.007128,-0.017861,-0.002862,0.038051
0.933915,-0.004565,0.016049,-0.008356,0.010287,0.047928,-0.001403,0.024395,-0.002902,0.013196
1.830112,0.016838,-0.042947,-0.029116,0.031317,0.054955,-0.030909,-0.079109,0.013539,0.040806
0.898063,0.016991,0.043215,-0.003710,-0.024343,0.023883,0.029812,0.033545,0.004018,0.017793
1.990624,-0.033056,-0.049509,-0.009700,0.044436,0.069645,-0.060834,0.004598,-0.026162,-0.056669
1.099948,0.000910,0.002079,-0.004853,0.017754,0.044201,-0.009100,-0.000554,-0.004138,0.010232
1.402847,0.069704,0.061061,-0.068400,-0.043996,-0.050766,-0.016345,0.118309,-0.003162,-0.040916
2.347169,-0.025792,-0.067363,-0.051034,0.051824,0.036008,-0.078115,-0.013533,-0.006524,-0.014440
1.059866,0.046391,0.000027,-0.008541,0.033821,0.019206,-0.002085,-0.031839,-0.008657,0.021958
1.834842,0.034715,0.027358,-0.033620,-0.025737,0.000037,0.011527,0.030793,-0.017431,0.017176
1.347759,0.037828,0.052437,-0.021416,-0.055458,0.060627,0.040984,0.045106,0.008862,0.003801
1.712870,0.072397,-0.012126,-0.019224,0.044680,-0.023727,-0.000500,-0.034260,-0.035176,0.011011
2.530247,-0.012463,-0.025661,-0.002847,0.035696,0.047124,0.013451,-0.020372,-0.073853,0.034929
1.466097,-0.038020,-0.012910,-0.014163,0.014434,0.063339,-0.024258,0.033723,-0.001243,-0.019509
1.578323,-0.121834,-0.043339,-0.018893,0.030464,0.189943,-0.066336,0.038782,0.001722,-0.016048
1.090271,0.142720,0.073928,-0.010489,-0.049928,0.005124,0.069150,0.040340,-0.004151,-0.051738
0.933935,-0.009430,0.004069,-0.001021,0.024620,0.059536,-0.012263,0.014254,-0.008657,0.001166
2.689682,-0.078285,-0.050156,-0.017734,0.017620,0.095335,-0.022620,0.004626,-0.028904,0.003262
2.301377,0.033693,-0.042070,-0.002890,0.025065,0.026088,0.034199,-0.121954,-0.007468,0.078864
2.136624,-0.023227,0.009650,0.013776,-0.022921,0.090064,0.068510,-0.009264,-0.031997,0.047448
0.956396,-0.013910,0.002344,-0.005780,0.024178,0.102658,-0.006851,0.015632,-0.003964,0.002873
1.437364,0.046413,0.004133,-0.033722,0.012300,0.011537,-0.013193,0.003295,-0.002680,0.002856
1.048431,-0.013615,0.010574,-0.010913,0.020351,0.045636,-0.026468,0.046111,-0.020257,-0.013701
2.649538,0.201483,-0.008621,-0.073182,-0.014564,-0.105002,-0.024858,-0.024158,0.004610,-0.099598
2.454980,-0.100224,-0.090237,-0.005189,0.050752,0.129194,-0.085922,-0.063083,-0.016856,0.002657
0.944985,0.017620,0.008500,-0.006052,0.021219,0.035024,-0.005002,-0.004060,-0.004932,0.016232
0.806070,-0.000140,0.033659,0.002487,-0.002607,0.051746,0.020685,0.034972,-0.008408,0.014665
2.273912,0.050211,-0.025846,-0.028566,0.015937,0.063299,-0.005444,-0.025263,-0.016966,-0.026028
1.084005,0.051152,0.013781,-0.011750,0.017063,0.008282,0.007834,-0.012554,-0.007510,0.018104
0.922723,0.004751,0.024846,0.003253,-0.002846,0.058302,0.028701,0.006719,0.000552,0.029605
1.868013,0.014788,-0.041585,-0.021602,0.055085,-0.037090,-0.002026,-0.076315,-0.010950,0.079787
0.975086,0.003773,0.014954,-0.012939,0.011625,0.040678,-0.006694,0.026680,-0.003260,0.005428
1.019840,-0.060648,0.068968,0.004788,-0.044129,0.132909,0.049502,0.144290,-0.032223,-0.018714
0.959643,0.002678,0.015185,-0.009387,0.017214,0.035175,0.000847,0.020851,-0.009095,0.018788
2.539871,-0.032228,-0.072961,-0.011341,0.048741,0.108736,-0.025016,-0.092526,-0.020956,0.042433
2.080038,0.070028,0.016869,-0.019760,-0.039815,-0.005891,0.035041,-0.010208,0.001655,-0.008694
1.080914,0.055803,0.007789,-0.017876,0.025825,0.018415,-0.009221,-0.006899,-0.008977,-0.000679
1.025718,-0.019960,0.012996,-0.008153,0.005661,0.038483,-0.001091,0.018466,0.000495,0.029799
1.983079,-0.042232,-0.038255,-0.035784,0.033532,0.056910,-0.082905,0.068745,-0.020861,-0.087303
0.975877,0.018088,0.013579,-0.003531,0.016973,0.040337,0.002671,0.005925,-0.009834,0.009807
0.964896,-0.010105,0.016493,-0.003224,0.007296,0.052416,0.001769,0.017457,-0.005475,0.021059
2.480932,-0.037664,-0.062061,-0.069039,0.048316,0.046227,-0.132962,0.062043,-0.027068,-0.089908
1.147580,0.024913,0.003391,-0.015333,0.025281,0.038778,-0.013342,0.009285,-0.011057,-0.005457
0.945885,0.031588,0.013883,-0.007706,0.018099,0.020202,0.000020,-0.002421,-0.006147,0.014628
1.929662,-0.065708,-0.036396,-0.002411,0.016397,0.093626,-0.022601,-0.010376,-0.007224,0.005775
0.878642,0.110007,0.051710,-0.048839,0.003839,-0.068154,0.039007,0.011585,-0.000644,0.067474
1.212625,0.001178,-0.010200,0.003965,0.035896,0.041277,-0.004205,-0.031613,-0.017307,0.031666
1.303720,-0.010298,0.005165,-0.009307,0.017802,0.031224,-0.000377,0.012421,-0.018157,0.027816
1.401487,0.122628,0.032507,-0.038894,-0.020480,-0.027939,0.026063,-0.015732,0.013001,0.007624
2.181316,0.050502,-0.015677,-0.012159,-0.004242,0.033626,0.030174,-0.083463,-0.003497,0.051170
1.194290,0.028937,0.021346,-0.012906,-0.004388,0.024688,0.013803,0.020906,-0.001290,-0.000035
2.070098,-0.122652,-0.040723,0.005048,0.012237,0.256179,-0.029825,0.064238,-0.020731,-0.078182
2.080227,0.022018,-0.036705,-0.021001,0.021649,0.009959,-0.020842,-0.056364,-0.002048,0.014370
1.440453,0.141047,0.032963,-0.026427,-0.040913,-0.010332,0.055000,-0.057986,0.035093,0.018867
1.414327,-0.014754,-0.009713,-0.035684,0.044084,-0.014831,-0.046876,0.035687,-0.027627,0.016835
1.372590,0.084437,0.035791,-0.024357,-0.014665,0.004735,0.036493,0.022177,-0.006624,-0.008297
2.269587,0.015131,0.000525,-0.037592,-0.036178,0.050349,-0.010775,0.035962,0.003427,-0.042818
2.485540,0.041583,-0.020245,-0.021174,-0.009369,0.079591,0.013994,-0.035896,-0.011425,-0.013040
1.762728,-0.003334,-0.032022,-0.030153,0.034949,0.034104,-0.025867,-0.042969,-0.002370,0.049081
0.858041,0.010505,0.022034,-0.004960,0.011808,0.044545,0.004195,0.025101,-0.008871,0.007504
2.574384,0.017303,-0.060807,-0.026118,0.023535,0.039088,-0.026659,-0.093899,0.001524,0.024635
2.296581,0.057997,-0.041244,-0.030166,0.025643,0.003675,-0.043850,-0.047472,-0.012654,-0.036649
1.393662,0.006960,-0.007359,-0.012563,0.029562,0.033925,-0.016288,0.004287,-0.018830,0.000215
1.994013,-0.018035,-0.048667,-0.037886,0.062631,0.016011,-0.065996,-0.007133,-0.030383,0.005073
1.444438,0.035536,-0.004723,-0.013860,0.024989,-0.008741,0.000201,-0.033913,-0.012394,0.036858
1.616751,0.002274,-0.007090,-0.046233,0.008392,-0.001101,-0.038318,0.016024,0.006153,0.017314
1.104482,-0.064346,0.000384,0.020794,-0.007185,0.193381,0.001782,0.015996,0.004464,-0.017934
0.956630,0.022196,0.009501,-0.014353,0.020782,0.042022,-0.010971,0.018284,-0.002709,-0.008546
3.046782,0.099226,-0.097644,-0.079772,0.087079,-0.105261,-0.056720,-0.189887,-0.009692,0.124098
1.258038,0.013515,-0.023971,-0.013354,0.042639,0.070242,-0.016904,-0.047760,0.001752,0.028845
1.520661,0.005333,-0.012216,-0.038296,0.009814,0.120839,-0.015213,-0.004825,0.017185,0.010447
1.313732,-0.000051,-0.002771,-0.010574,0.005676,0.068521,-0.007718,-0.003928,0.006756,0.002287
0.942433,-0.006076,0.014501,-0.003740,0.011290,0.054121,-0.004281,0.025425,-0.006295,0.002554
1.772691,0.043305,-0.001114,-0.033103,0.001534,0.023518,-0.010665,-0.000856,-0.004695,-0.005715
0.891004,0.033895,0.037194,-0.005803,-0.008383,0.023949,0.029330,0.012276,-0.002351,0.030383
2.273714,-0.007948,-0.097081,-0.020303,0.098221,0.027467,-0.086427,-0.112646,-0.029331,0.025252
1.008396,-0.010282,-0.002408,0.003228,0.025619,0.065594,-0.010675,-0.006243,-0.006996,0.010573
1.564851,0.005443,-0.009283,-0.021239,0.013386,0.043387,-0.016861,-0.003412,-0.003517,0.006331
0.828090,0.029449,0.033989,-0.006474,-0.007300,0.028557,0.015249,0.023766,0.002036,0.006929
2.013926,0.020708,-0.040090,-0.039153,0.048844,0.000472,-0.063561,-0.011126,-0.025080,-0.020098
1.347967,0.037208,0.017382,-0.009094,-0.001715,0.000101,0.013034,0.009891,-0.009788,-0.000628
0.839045,0.013230,0.019354,-0.002552,0.015100,0.043084,0.006752,0.012972,-0.007584,0.015036
1.860941,0.085776,0.033716,-0.064854,-0.033409,-0.015283,0.022124,0.035247,0.007613,0.012144
1.154582,0.152264,0.103148,-0.065114,-0.087281,0.038453,0.059788,0.088616,0.017333,-0.025553
0.985858,0.015409,0.022925,-0.009559,0.000848,0.037210,0.003341,0.021542,-0.003075,0.008155
1.341934,0.017322,-0.014092,-0.013824,0.039773,0.013234,-0.005518,-0.054879,-0.011629,0.069390
2.494649,-0.001869,-0.001458,-0.019676,-0.046813,0.036079,0.053273,-0.049604,0.010071,0.083709
0.857040,0.013858,0.017042,-0.006058,0.016788,0.044398,0.001552,0.016728,-0.006157,0.008315
2.316485,0.103605,0.004955,-0.036456,-0.022058,-0.020266,0.049578,-0.046448,0.002374,0.025942
1.783752,-0.015747,0.037126,-0.037482,-0.062093,0.057934,0.038213,0.059887,0.018973,0.031358
1.240780,0.058198,0.025013,-0.033221,0.006775,-0.012318,-0.013360,0.046103,-0.015871,-0.024741
1.427772,0.056881,0.010237,-0.031366,-0.003425,-0.020036,-0.007374,0.001311,0.008850,-0.002736
1.114122,-0.028154,0.019152,-0.019315,0.018948,0.053663,-0.009282,0.075553,-0.027517,0.000543
0.903455,0.016059,0.015340,-0.010767,0.017956,0.039373,-0.002654,0.021654,-0.005627,0.002705
1.920779,0.117003,-0.047418,-0.033987,0.050179,-0.028597,-0.018079,-0.132443,0.009726,0.032757
0.919919,-0.001851,0.023233,0.004153,0.005496,0.048761,0.017252,0.034776,-0.009905,-0.001178
1.209597,-0.010588,0.018478,-0.011610,-0.015792,0.070839,-0.013564,0.053646,0.002199,-0.036139
0.762951,-0.023569,0.062116,0.019628,-0.050378,0.081441,0.057026,0.064228,0.001025,0.010702
2.349878,-0.022555,-0.055120,-0.019203,0.029902,0.074065,-0.031734,-0.048878,-0.009542,0.007427
1.683799,0.025160,-0.019920,-0.017860,0.026501,0.047300,-0.022095,-0.011941,-0.011713,-0.022238
1.907716,-0.006619,0.030205,0.032595,-0.075135,0.206250,0.090926,-0.022070,0.001836,0.008689
1.559077,0.004472,0.002608,-0.004719,-0.000597,0.050075,0.008407,0.019866,-0.008707,-0.022027
1.019616,-0.018371,0.036099,0.004826,-0.028375,0.073926,0.015891,0.060474,-0.001440,-0.021390
1.217859,0.051321,0.013425,-0.013422,0.011751,-0.002256,0.014744,-0.019213,-0.006303,0.030172
0.861458,-0.001628,0.016265,0.000625,0.013300,0.046884,0.005384,0.009906,-0.005531,0.021795
2.014155,0.048723,-0.019640,-0.061636,0.034778,-0.099809,-0.046367,-0.000490,-0.016851,0.021609
1.575819,0.011770,-0.011347,-0.027240,0.022324,0.017688,-0.028855,0.000323,-0.009866,0.004836
1.485656,0.031123,-0.008632,-0.022584,0.022906,0.058777,-0.016315,-0.007110,-0.008234,-0.008739
2.101416,0.021277,-0.025779,-0.026220,0.011457,0.067852,-0.000983,-0.059008,-0.003405,0.042095
0.834524,0.005310,0.026985,-0.003349,0.006188,0.048611,0.008432,0.034177,-0.009056,0.006098
2.386373,-0.027272,-0.015366,0.005559,-0.016560,0.100316,0.038681,-0.024837,-0.019215,0.022440
2.364276,0.065970,-0.014144,-0.042316,-0.005048,-0.008274,0.005418,-0.047597,-0.002744,0.029471
1.082541,0.065750,0.070241,-0.011726,-0.073845,0.008441,0.053798,0.053904,0.021473,-0.019616
1.392279,0.010481,-0.015564,-0.018844,0.038418,0.027244,-0.020506,-0.015417,-0.012403,0.019413
1.709101,0.048283,0.010622,-0.030770,-0.008092,0.003598,0.013453,0.002729,-0.001151,0.010945
1.385692,0.000435,0.016209,-0.046233,0.009929,0.061589,-0.024157,0.065612,-0.016982,0.001356
1.555490,0.044104,0.001231,-0.024286,0.014301,-0.065994,-0.002820,-0.034451,-0.009088,0.055393
0.927074,-0.005524,0.017300,-0.007020,0.011274,0.055128,-0.002609,0.033757,-0.007140,0.002097
1.514588,0.004433,0.008873,-0.002081,-0.005799,0.096910,0.022821,-0.002071,-0.010300,0.011729
1.270390,0.006791,-0.014921,0.013688,0.040029,0.045695,0.004645,-0.046678,-0.021536,0.028998
1.673219,0.066096,-0.029854,-0.037927,0.050471,-0.034067,-0.038927,-0.057146,-0.009921,0.023301
0.790943,0.076383,0.090997,0.005117,-0.071482,0.022037,0.082803,0.067459,0.002276,-0.017562
2.421503,-0.008751,-0.015466,-0.016174,-0.034173,0.104962,0.012911,-0.022630,0.006232,0.001755
1.136435,-0.019583,-0.003647,-0.006402,0.025042,0.044352,-0.016676,0.003937,-0.008454,0.020057
1.015543,0.022777,0.012802,-0.014752,0.018289,0.024303,-0.003777,0.009833,-0.006576,0.014542
1.013447,0.044312,0.039109,-0.035398,0.015954,-0.017739,0.015053,0.050434,-0.025455,0.037450
1.887208,0.028631,-0.048387,-0.023858,0.052644,0.019978,-0.052306,-0.066735,-0.014345,0.007950
1.038333,0.018976,0.020501,-0.007889,0.007167,0.048792,0.004280,0.029982,-0.010736,-0.009565
1.832237,-0.026519,-0.003376,-0.001075,-0.020382,0.147945,-0.002369,0.041812,-0.005767,-0.067382
1.606170,-0.003764,-0.013812,-0.002900,0.013174,0.100587,0.010540,-0.034388,-0.005106,0.025762
0.968062,-0.003617,0.017479,0.004527,0.002310,0.057635,0.008068,0.017445,-0.003924,0.002878
1.009636,-0.000698,0.012800,-0.006030,0.007027,0.040765,0.012299,-0.000233,0.004333,0.036055
0.967620,0.043392,0.044160,-0.013349,-0.018396,-0.030613,0.048375,0.004762,0.006298,0.064347
0.943141,0.029140,0.029985,-0.015061,0.002804,0.011378,0.007519,0.031405,-0.007295,0.010124
1.703549,-0.023604,0.001973,0.008599,-0.020021,0.110224,0.022794,0.004037,-0.003749,-0.007322
1.254014,-0.032350,0.041075,0.016700,-0.053881,0.074866,0.053134,0.039537,0.006991,0.013510
2.187560,-0.081703,-0.019321,-0.003474,-0.001972,0.095016,0.024522,-0.018403,-0.018704,0.082384
1.016917,0.007248,0.001700,-0.006231,0.025502,0.042381,-0.009190,-0.003224,-0.005555,0.013551
1.090388,-0.001611,0.005574,-0.011695,0.015578,0.040178,-0.017631,0.017988,-0.004875,0.000742
1.810169,-0.085218,0.003430,-0.003772,-0.023962,0.152912,0.027838,0.033678,-0.005271,0.036407
1.555303,0.093592,0.015126,-0.036073,0.001235,-0.002366,0.010157,-0.013792,-0.003969,0.005426
0.866080,-0.008547,0.019514,0.001329,0.011501,0.052120,-0.000364,0.029481,-0.011944,0.005297
1.104257,-0.022754,0.030172,0.000304,-0.019853,0.062409,0.053022,0.000745,0.006263,0.081784
1.542334,0.023077,-0.023250,-0.022317,0.044897,0.027387,-0.029772,-0.021889,-0.017412,0.005652
1.998498,-0.109279,-0.038696,-0.001378,0.026458,0.095895,-0.033733,0.021549,-0.027094,0.010461
1.392779,0.039783,0.005202,-0.047695,0.031537,-0.021932,-0.031769,0.046232,-0.019310,-0.011399
1.780070,-0.042258,-0.032869,-0.026010,0.034910,0.013554,-0.040415,-0.012365,-0.010744,0.041255
1.071776,0.014985,0.016446,-0.013087,0.012454,0.037727,-0.002425,0.023847,-0.011333,0.005012
0.948339,0.007194,0.011357,-0.006728,0.018430,0.041108,-0.004332,0.009895,-0.006789,0.013730
1.855282,0.082473,0.022245,-0.062609,-0.034794,-0.053754,0.003424,0.017826,0.023065,0.005862
0.880209,-0.018467,0.077090,0.025903,-0.070571,0.121483,0.076317,0.108483,-0.006569,-0.041925
0.912751,0.017243,0.019007,-0.005256,0.012766,0.035773,0.007480,0.008068,-0.006950,0.020540
1.358301,0.043367,0.017578,-0.019576,0.003304,0.011706,0.008705,0.012995,-0.011599,0.004491
2.611877,0.053905,-0.018627,-0.031993,-0.027344,0.043817,0.009188,-0.041036,0.006171,-0.012234
1.680888,0.094437,0.031474,-0.052242,-0.028827,-0.051527,-0.004868,0.029829,0.003536,-0.017771
0.876713,0.012019,0.015299,-0.004036,0.017205,0.044950,0.000173,0.013047,-0.007065,0.008524
1.145940,0.044945,0.042083,-0.013257,-0.028773,0.022124,0.035777,0.024864,0.003971,0.011780
1.068326,-0.005176,0.015252,-0.001546,0.008638,0.068354,0.005069,0.026960,-0.012096,-0.000143
2.057637,0.013100,-0.036583,-0.016679,0.021053,0.050878,-0.018162,-0.055472,-0.004379,0.011700
1.501395,-0.044459,-0.016157,-0.031334,0.006858,0.058372,-0.054158,0.034550,0.011592,-0.015329
1.482375,-0.069167,-0.007658,0.013397,-0.005245,0.115921,0.010721,0.000417,-0.000064,0.023069
0.872723,0.006047,0.022812,-0.006187,0.007724,0.046295,0.006627,0.026664,-0.005108,0.011181
