0.004670,-0.009242,-0.017843,0.004570,0.006110,-0.009079,-0.013883,0.020768,-0.008920,0.016709,0.003918,0.014257,0.005291,0.019158,0.001651,0.002476
0.000436,-0.043989,0.010358,0.028772,-0.020246,-0.111590,0.034465,0.016964,-0.004426,0.037441,-0.080501,-0.016204,-0.014705,0.025014,0.028194,0.008441
-0.000391,0.013221,-0.019384,0.012366,-0.009189,-0.030814,-0.005393,-0.018554,0.019807,0.014540,-0.008012,-0.001949,0.015799,0.031138,0.022610,0.010365
0.009766,0.066791,0.002686,-0.005621,-0.031605,0.046842,-0.022295,0.117494,-0.042686,-0.024066,-0.011125,-0.014011,0.008231,0.019488,0.018037,-0.005370
0.001465,0.005138,-0.021060,0.018062,-0.015877,-0.031803,-0.005803,0.001762,0.011063,0.017447,-0.007557,0.005809,0.015518,0.043296,0.016400,0.002935
0.007610,0.018323,-0.020500,-0.007364,0.004855,0.035280,-0.034506,0.048415,-0.023885,0.002790,0.021349,0.019104,0.016807,0.021098,0.001893,0.000160
0.000953,-0.004516,-0.020287,0.022166,-0.010437,-0.037453,0.004037,-0.010144,0.018139,0.022866,-0.008621,0.014138,0.003499,0.047339,0.010773,-0.000775
0.001572,-0.035596,-0.038313,0.025937,-0.026746,-0.074050,-0.034278,-0.007213,-0.006372,0.049589,-0.023629,0.027499,0.067840,0.084471,0.037386,0.013559
0.002811,-0.003263,-0.014368,0.008960,0.000974,-0.020951,-0.002814,0.004036,0.004614,0.018010,-0.005525,0.011724,-0.000348,0.030416,0.008336,0.000603
0.002244,0.001800,-0.017990,0.009451,-0.004056,-0.022465,-0.009100,-0.000003,0.005767,0.018401,-0.005770,0.010683,0.011519,0.036620,0.015133,0.003856
0.019222,-0.139705,-0.031258,-0.004122,0.104130,0.062706,-0.008595,0.078482,-0.058601,0.043352,0.095261,0.111942,-0.086863,-0.031976,-0.127893,-0.041840
-0.004763,0.200502,0.024354,-0.000137,-0.112347,-0.009256,-0.004029,0.048781,0.025032,-0.059806,-0.085266,-0.111852,0.057490,0.055428,0.123924,0.024101
0.003725,0.015058,0.010402,-0.003838,-0.011638,-0.031952,-0.000191,0.028476,-0.014094,0.014868,-0.049999,-0.004968,0.001957,0.041259,0.039623,0.002826
0.002417,0.005502,-0.030303,0.018443,-0.004996,-0.005614,-0.009219,-0.002675,0.015829,0.015008,0.018749,0.022323,0.008361,0.041935,-0.001084,-0.002750
-0.003717,0.008966,-0.034229,0.022219,-0.036104,-0.074456,-0.029416,-0.033876,0.017504,0.027760,-0.029221,-0.015095,0.075182,0.050282,0.057469,0.033101
0.019805,0.179969,0.028688,-0.021755,-0.069747,0.169470,-0.027589,0.257939,-0.083380,-0.087113,0.000530,-0.024547,-0.017498,0.033840,0.012741,-0.038909
-0.008254,0.067997,-0.054726,0.031695,-0.061426,-0.051485,-0.040218,-0.067132,0.055311,0.007704,-0.000393,-0.027439,0.103401,0.069858,0.069965,0.037286
0.009106,-0.058942,-0.000436,-0.016194,0.044668,-0.011884,-0.010518,0.021336,-0.033632,0.041678,-0.010061,0.050258,-0.022617,0.031167,-0.007095,-0.010732
-0.000098,-0.105944,-0.156668,0.116043,-0.077677,-0.098757,-0.092125,0.003477,0.006556,0.071777,0.090120,0.063169,0.174949,0.091016,-0.029615,0.031877
0.003043,-0.000257,-0.010003,0.002624,0.008122,-0.013660,-0.001763,0.004130,0.003262,0.014473,-0.004503,0.008468,-0.007049,0.019453,0.006983,0.001417
0.003141,0.002699,-0.010039,0.003884,0.006271,-0.011240,-0.000435,0.006676,0.004143,0.012760,-0.003305,0.008387,-0.008755,0.020572,0.005690,-0.000118
0.005915,0.092309,-0.028582,0.060665,-0.109096,0.012426,-0.001755,0.128937,-0.003764,-0.027774,-0.005295,-0.014016,0.030323,0.088795,0.013644,-0.021478
0.004897,0.024328,-0.026262,0.022930,-0.041905,-0.012153,-0.024286,0.068559,-0.017622,0.000673,-0.002809,-0.009926,0.038180,0.032068,0.015096,0.005784
-0.002321,0.043987,-0.028420,0.013271,-0.028554,-0.026928,-0.020568,-0.045628,0.035398,0.017581,-0.009467,0.010358,0.047628,0.087834,0.050331,0.008288
0.004990,-0.013058,0.009297,-0.014771,0.072886,0.040057,0.042939,-0.019383,0.026061,0.001618,0.036536,0.027860,-0.108668,-0.034627,-0.053866,-0.024586
-0.004566,-0.033610,-0.023095,0.029911,-0.030092,-0.123366,-0.007390,-0.034781,0.012979,0.042440,-0.056997,-0.025587,0.056186,0.029617,0.052669,0.036637
0.002597,0.000250,-0.011801,0.006413,0.001635,-0.020668,-0.002338,0.002488,0.004892,0.016700,-0.008457,0.008732,-0.000968,0.028572,0.011469,0.001714
0.005561,-0.006312,-0.020721,0.000584,0.003443,-0.003450,-0.026402,0.025633,-0.016552,0.018913,0.004330,0.020315,0.019871,0.031768,0.008816,0.003280
-0.004708,0.092257,-0.015773,0.038592,-0.057660,-0.017100,0.027364,-0.010365,0.060610,-0.022710,-0.009894,-0.037905,-0.001432,0.040378,0.028449,0.001462
0.002339,-0.216624,-0.021442,0.061808,0.065312,-0.153667,0.080449,-0.070942,0.030450,0.109397,-0.013829,0.095084,-0.102057,0.042264,-0.080773,-0.034020
0.003450,0.004056,-0.009861,0.003566,0.004114,-0.010560,-0.002371,0.011383,0.001389,0.012297,-0.004479,0.007891,-0.006166,0.022219,0.007176,-0.000120
0.005416,0.090797,0.004749,-0.011975,-0.043539,0.024394,-0.028481,0.069831,-0.021328,-0.018718,-0.031433,-0.022472,0.034801,0.055452,0.057095,0.002271
0.006852,-0.130021,0.020057,-0.044984,0.080614,-0.088632,-0.027321,0.000211,-0.075575,0.072489,-0.075055,0.016523,0.006295,-0.044182,0.030519,0.040432
0.002189,-0.010683,-0.018952,0.005748,0.042998,0.017136,0.020897,-0.034010,0.036876,0.008755,0.046491,0.026654,-0.056597,-0.006758,-0.040502,-0.013717
0.004718,-0.027095,-0.010087,-0.031966,0.078723,0.032973,-0.010653,-0.036348,0.004401,0.016758,0.041489,0.031026,-0.039133,-0.032754,-0.025830,0.002761
0.007941,0.016472,0.035069,-0.044561,0.078669,0.066485,0.035737,0.007465,0.003362,-0.010188,0.014941,0.018633,-0.114483,-0.033377,-0.032276,-0.027410
0.002855,-0.001612,-0.012802,0.008670,-0.002769,-0.024492,-0.003939,0.006783,0.002329,0.018762,-0.011295,0.010391,0.003383,0.035339,0.013452,0.001048
0.004474,-0.027071,0.019890,-0.013601,0.005289,-0.066054,-0.000435,0.015716,-0.027366,0.038677,-0.073578,0.005684,0.001158,0.049847,0.047844,0.003953
0.009782,-0.034105,-0.023898,0.003008,-0.004261,-0.013060,-0.041398,0.061481,-0.045839,0.034865,-0.003743,0.041764,0.036433,0.063255,0.008878,-0.005146
0.002871,0.001113,-0.012757,0.007223,0.001196,-0.017395,-0.002441,0.005563,0.004597,0.015501,-0.005428,0.009627,-0.001971,0.028308,0.008854,0.000451
0.002837,0.002160,-0.010722,0.006537,0.001954,-0.017245,-0.000045,0.005922,0.005119,0.014420,-0.006748,0.007915,-0.005470,0.026046,0.008530,-0.000013
0.003040,0.098738,0.024783,0.021929,-0.024825,0.044640,0.076157,0.049168,0.047366,-0.044095,-0.001900,-0.020186,-0.109108,0.021572,-0.021710,-0.044310
-0.011204,0.003553,-0.050233,0.057900,-0.035903,-0.102545,0.019895,-0.129069,0.098082,0.038208,-0.003726,0.006144,0.033189,0.088880,0.032309,0.011693
0.002905,0.000733,-0.013363,0.006827,0.002498,-0.015823,-0.003018,0.005670,0.004428,0.014890,-0.003377,0.009242,-0.002232,0.025206,0.007398,0.000995
-0.004320,0.058544,-0.037519,0.049217,-0.087992,-0.069595,-0.014534,0.009499,0.030665,0.001053,-0.027750,-0.042115,0.075931,0.066818,0.056406,0.021199
0.001689,0.040804,0.001105,-0.021828,0.024984,0.022472,-0.003094,-0.018777,0.016823,-0.005192,0.006131,-0.006308,-0.018819,-0.001039,0.015450,0.004643
0.003370,0.000308,-0.011344,0.005651,0.003843,-0.013528,-0.001793,0.010010,0.002143,0.014184,-0.003968,0.009659,-0.005886,0.023736,0.005797,-0.000438
-0.000189,-0.016261,-0.004238,0.022645,-0.007812,-0.064805,0.024930,-0.017739,0.020759,0.029226,-0.037196,0.006532,-0.016212,0.044283,0.017503,-0.001280
0.005368,0.030372,-0.002549,-0.006579,-0.004173,0.011095,-0.011179,0.035964,-0.010275,0.001420,-0.008415,0.003397,-0.000514,0.031683,0.017713,-0.003809
0.007659,0.011194,-0.001849,-0.002328,0.002861,0.015675,-0.004771,0.060503,-0.022055,0.001604,-0.001914,0.008141,-0.017398,0.013570,-0.003230,-0.008707
0.007618,-0.139782,-0.027094,0.016409,0.051463,-0.068682,-0.003637,-0.001764,-0.027594,0.075316,0.001460,0.072240,-0.017470,0.025556,-0.037263,-0.006213
-0.002001,-0.101662,-0.044176,-0.006017,0.079584,-0.057344,-0.024513,-0.124275,0.027105,0.068530,0.031005,0.053609,0.014814,-0.001972,-0.009340,0.027392
0.003130,-0.015640,-0.008976,0.004338,0.010832,-0.027140,0.001484,-0.003120,0.003195,0.024572,-0.011198,0.017490,-0.009279,0.032078,0.007589,-0.001867
-0.001751,-0.101155,-0.042195,0.029210,0.054982,-0.067989,0.020721,-0.097783,0.048477,0.059917,0.035361,0.053422,-0.032527,0.011478,-0.042664,-0.000537
0.012862,0.060169,0.065767,-0.042625,0.007608,0.044030,0.028001,0.113344,-0.048281,-0.018318,-0.065521,-0.005649,-0.080275,0.033600,0.025254,-0.036386
0.004799,-0.030778,0.025213,-0.009285,0.005247,-0.068927,0.012114,0.013599,-0.023460,0.043372,-0.081448,0.017387,-0.014165,0.066970,0.045463,-0.005279
0.004108,-0.017093,-0.014802,0.021940,0.005546,-0.015106,0.018427,0.031323,0.005567,0.007204,0.013033,0.002171,-0.035057,-0.010180,-0.028957,-0.007111
-0.001927,0.015498,-0.038722,0.028818,-0.011527,-0.018309,-0.005348,-0.027682,0.034530,0.008910,0.020034,0.001644,0.018275,0.015540,0.003641,0.014722
0.004131,-0.079952,-0.004173,-0.027002,0.082750,-0.026671,-0.003513,-0.048886,-0.005262,0.046105,0.007171,0.036742,-0.035359,-0.021022,-0.016221,0.006840
-0.000640,0.004376,-0.029445,0.042718,-0.010177,-0.021287,0.032296,-0.027720,0.053142,0.013093,0.023119,0.023380,-0.033546,0.047223,-0.022593,-0.018045
0.003401,0.007998,-0.003155,-0.030645,0.052599,0.028158,-0.010526,-0.023031,0.006299,0.003741,0.022918,0.006384,-0.025564,-0.024606,-0.003084,0.006717
0.020779,0.138220,0.036023,-0.031863,-0.073833,0.114290,-0.050462,0.253490,-0.115170,-0.049971,-0.052295,-0.008928,0.025631,0.080473,0.055601,-0.028134
0.001810,0.000277,0.004081,0.034005,-0.006041,-0.032465,0.064002,-0.035829,0.054870,0.032780,-0.022440,0.061958,-0.077242,0.128825,-0.006189,-0.053029
0.004782,-0.008329,-0.087912,0.121230,-0.114889,-0.042118,-0.006281,0.097629,0.011077,0.021753,0.035592,0.048653,0.057205,0.126198,-0.034227,-0.024957
0.009682,-0.033873,-0.009293,-0.034092,0.046528,0.018778,-0.046328,0.028115,-0.047657,0.030161,0.005751,0.040232,0.014722,0.014473,0.007266,0.006000
0.012929,0.001156,0.005498,-0.014595,0.004778,0.031668,-0.023779,0.098895,-0.059928,0.012905,-0.018408,0.036501,-0.005658,0.045556,0.007216,-0.015409
0.001053,-0.001193,-0.013893,0.007056,0.006877,-0.024968,0.001941,-0.019468,0.017524,0.018685,-0.003884,0.009600,-0.004723,0.028481,0.010248,0.002135
-0.001567,-0.033216,-0.028911,-0.008518,0.041074,-0.036265,-0.021734,-0.085748,0.026745,0.040455,0.012543,0.026136,0.020173,0.021701,0.016531,0.019434
0.002887,-0.001747,-0.011634,0.005418,0.004223,-0.018500,-0.002468,0.003803,0.003555,0.016666,-0.006646,0.009776,-0.002970,0.025767,0.009074,0.001343
0.001041,0.001167,0.008281,-0.023836,-0.013304,-0.076948,-0.039911,-0.020501,-0.025522,0.046710,-0.090283,0.003032,0.070975,0.089857,0.101706,0.026945
0.012294,-0.060198,0.060397,0.009862,-0.032097,-0.107063,0.042752,0.144747,-0.086182,0.044537,-0.151630,0.001135,-0.044962,0.064753,0.041250,-0.020986
0.008458,0.021647,0.021548,-0.002712,-0.042675,-0.036644,-0.011679,0.089351,-0.050936,0.021054,-0.086424,0.006724,0.022292,0.095035,0.063415,-0.008285
0.002361,-0.022416,-0.038054,0.024164,-0.002503,-0.026157,-0.014298,-0.007255,0.010944,0.027999,0.018403,0.028435,0.018787,0.041810,-0.004500,0.001504
0.008366,-0.028180,-0.005141,0.011888,-0.009171,-0.027872,-0.005699,0.067871,-0.035848,0.026918,-0.027615,0.023926,-0.001559,0.045347,0.004739,-0.009453
0.001620,-0.057627,-0.018225,0.016564,0.029153,-0.049582,0.016073,-0.038610,0.019589,0.043264,-0.000352,0.037618,-0.026836,0.030668,-0.013832,-0.005439
0.002962,-0.000204,-0.013867,0.008720,-0.001480,-0.019892,-0.003993,0.007471,0.003075,0.017011,-0.007042,0.010812,0.001669,0.032339,0.010385,0.000618
0.006796,0.001191,0.004471,0.016741,-0.004445,-0.003906,0.028573,0.049863,-0.002884,0.010151,-0.014660,0.023601,-0.050354,0.044392,-0.013090,-0.027447
-0.004737,-0.065791,-0.043079,0.026223,0.008600,-0.104266,-0.013731,-0.100142,0.036649,0.065999,-0.014528,0.031619,0.046435,0.062440,0.029212,0.023279
0.002630,-0.005251,-0.012708,0.006965,0.005039,-0.021762,-0.000941,-0.001342,0.006323,0.019068,-0.006067,0.012425,-0.003967,0.029044,0.008056,0.000355
-0.004406,-0.001952,-0.009859,0.018305,-0.012162,-0.080862,0.013571,-0.047633,0.033221,0.024230,-0.039700,-0.022014,0.011324,0.022216,0.037775,0.020625
0.002473,0.007324,-0.012808,0.006396,0.000232,-0.014576,-0.003018,0.004452,0.006498,0.012120,-0.004196,0.005196,-0.000781,0.023944,0.010273,0.002392
0.001520,-0.055573,-0.030466,0.004986,0.043274,-0.029685,-0.006873,-0.053024,0.018534,0.040964,0.024940,0.039464,-0.007613,0.014813,-0.015895,0.004285
-0.008372,0.152847,0.006694,0.040216,-0.135839,-0.079572,0.010204,0.036216,0.034603,-0.035798,-0.104704,-0.112325,0.073660,0.061682,0.120640,0.034810
0.011962,-0.034221,-0.017927,0.000444,-0.028962,-0.031542,-0.063971,0.111188,-0.086174,0.038404,-0.041998,0.027453,0.076528,0.068014,0.039506,0.010277
0.003322,0.034050,-0.003133,-0.006312,0.008021,0.017605,-0.000733,0.016789,0.004553,-0.006213,0.002934,-0.006355,-0.016453,-0.000329,0.006790,0.002001
-0.000219,-0.034142,-0.002663,0.008344,0.033416,-0.044841,0.032643,-0.045290,0.030523,0.027622,-0.009280,0.011956,-0.048616,0.002034,-0.009670,-0.001971
0.006572,0.042699,0.009757,0.001554,0.003468,0.039030,0.026146,0.056130,0.002292,-0.017817,0.005173,0.000778,-0.061015,0.004905,-0.017454,-0.022622
0.002578,-0.001287,0.003100,0.007297,0.000396,-0.033414,0.017554,0.013372,0.004753,0.013015,-0.025732,-0.004831,-0.024306,0.016728,0.009578,-0.002477
-0.001202,-0.036003,-0.030284,0.013103,0.021588,-0.047604,-0.003496,-0.059532,0.029482,0.036173,0.010154,0.020760,0.006223,0.022838,0.002050,0.010607
0.004447,0.012179,-0.051764,-0.026095,0.053910,0.076915,-0.067398,-0.027329,-0.000285,0.002921,0.087853,0.034096,0.036893,-0.024332,-0.016282,0.022286
-0.000471,-0.023971,-0.013489,0.011010,-0.018273,-0.087872,-0.017923,-0.019469,-0.004063,0.043904,-0.056296,0.001593,0.049733,0.059740,0.056478,0.022480
0.015217,0.099677,0.027709,-0.052739,-0.001902,0.111868,-0.038590,0.147386,-0.069296,-0.044103,-0.001617,-0.014600,-0.010824,0.004494,0.021099,-0.015497
0.007017,-0.045197,0.008649,-0.035186,0.045952,-0.023977,-0.027418,0.015065,-0.045209,0.036141,-0.033434,0.016703,0.004879,-0.001375,0.024637,0.015891
0.001829,-0.020282,-0.004771,-0.031318,0.034477,-0.035059,-0.034462,-0.044266,-0.009447,0.038598,-0.026493,0.015457,0.031716,0.032161,0.047190,0.021359
0.003371,-0.002764,-0.011143,0.004968,0.004578,-0.016549,-0.002941,0.008677,0.000754,0.016380,-0.006234,0.010612,-0.003949,0.025096,0.007557,0.000424
-0.010326,-0.026792,-0.034872,0.028226,0.037905,-0.068330,0.041191,-0.167508,0.107624,0.036127,0.027684,0.016701,-0.035459,0.018379,-0.009822,0.007269
0.000770,-0.034477,-0.013165,-0.004407,0.029571,-0.043201,-0.007148,-0.047456,0.010573,0.039234,-0.013029,0.023818,0.003170,0.029053,0.017694,0.010359
0.004272,0.035599,0.013161,0.008505,-0.048218,-0.043248,-0.002641,0.081209,-0.031711,0.000535,-0.070720,-0.036407,0.021038,0.030497,0.051989,0.010889
0.010380,0.047175,-0.013111,0.016214,-0.015581,0.068706,0.005583,0.099023,-0.010971,-0.022763,0.039043,0.020521,-0.040499,0.027437,-0.037064,-0.033993
0.002009,0.009445,-0.044085,0.022990,0.011777,0.028525,-0.006037,-0.009522,0.029555,0.000817,0.061711,0.022830,-0.009438,-0.000203,-0.034501,-0.001283
-0.000079,-0.104063,-0.040468,0.011123,0.028833,-0.100821,-0.034649,-0.057450,-0.007764,0.072745,-0.015022,0.032055,0.054456,0.022869,0.018631,0.033269
0.004513,0.026337,0.017401,0.003544,0.001439,0.000546,0.035535,0.034071,0.007352,-0.003209,-0.023149,-0.001683,-0.059367,0.019172,-0.000872,-0.019152
0.001867,-0.046173,-0.012330,-0.001615,0.046050,-0.028442,0.008828,-0.042294,0.015654,0.033781,0.007188,0.027866,-0.030472,0.002837,-0.012794,0.001359
0.003287,-0.000462,-0.011794,0.005612,0.004388,-0.013953,-0.002257,0.009310,0.002090,0.014296,-0.003584,0.009145,-0.005241,0.021924,0.005644,0.000470
0.002972,0.004476,-0.000447,-0.016413,0.025388,-0.005024,-0.005982,-0.019248,0.004383,0.018843,-0.010881,0.017042,-0.010269,0.029528,0.019837,0.001006
0.000466,0.014302,0.039595,-0.031631,0.084210,0.025319,0.072879,-0.064840,0.052167,-0.005973,0.001775,0.001683,-0.140492,-0.046150,-0.028634,-0.020771
0.003052,0.002043,-0.013724,0.006857,0.002676,-0.012928,-0.003039,0.006729,0.004634,0.013989,-0.001383,0.010122,-0.003211,0.025380,0.006028,0.000099
0.002335,0.057926,-0.025968,0.015610,-0.020141,0.030365,-0.008320,0.022817,0.019712,-0.015702,0.028692,-0.003819,0.004568,0.021044,0.000286,-0.001755
0.002399,-0.006057,-0.018694,0.008940,0.009764,-0.013699,-0.001232,-0.007671,0.012301,0.017150,0.008295,0.015562,-0.006930,0.022662,-0.001478,-0.000387
-0.004535,-0.017490,-0.001262,-0.010335,0.025678,-0.075464,0.003894,-0.091055,0.032925,0.038072,-0.041063,-0.005391,0.007437,0.023111,0.047713,0.024212
-0.003692,0.004797,-0.025838,0.006987,0.009300,-0.039864,-0.005330,-0.075936,0.044470,0.023803,0.003625,0.004784,0.016552,0.033559,0.024626,0.014581
0.005786,0.013357,-0.024356,0.014239,-0.047002,-0.029912,-0.045674,0.074235,-0.039870,0.015034,-0.027802,-0.004949,0.071165,0.052733,0.042083,0.015797
0.004835,0.023163,-0.015672,-0.006458,0.006249,0.020961,-0.021655,0.028155,-0.008344,-0.001345,0.015572,0.001032,0.007422,0.003730,0.004777,0.005440
0.017456,-0.153587,-0.030077,-0.010587,-0.032687,-0.131572,-0.135091,0.113270,-0.163903,0.130606,-0.113886,0.099291,0.185378,0.189150,0.103222,0.023256
-0.002652,0.083044,-0.042624,0.048601,-0.069870,-0.006065,-0.003037,0.017245,0.045394,-0.023154,0.021596,-0.032552,0.035940,0.038148,0.015717,0.006557
0.005085,0.008792,-0.008880,0.010464,-0.001954,0.000641,0.007341,0.018475,0.006498,0.014225,-0.000483,0.029420,-0.021371,0.058492,-0.000774,-0.019648
-0.001823,-0.057553,0.034239,-0.000992,0.026534,-0.118119,0.052403,-0.048010,0.013077,0.048828,-0.095089,-0.009713,-0.051642,0.014250,0.036390,0.008107
0.000462,-0.014096,-0.027593,0.007268,0.027021,-0.010053,-0.002008,-0.044356,0.028851,0.021148,0.026977,0.023182,-0.009651,0.013004,-0.009821,0.003523
0.002640,0.035260,-0.037729,0.021108,-0.038294,-0.004007,-0.035154,0.032179,-0.001098,0.003210,0.010625,-0.000517,0.054531,0.045871,0.023005,0.010930
-0.001894,-0.007014,-0.005751,-0.002666,0.061732,0.004501,0.040738,-0.067991,0.054812,0.000569,0.036334,-0.003371,-0.079816,-0.059435,-0.038354,0.001548
0.001790,0.024909,-0.000727,0.003889,0.000962,-0.008031,0.014405,0.005970,0.015739,-0.000169,-0.008422,-0.009209,-0.024695,0.009962,0.007515,-0.001957
0.004083,0.055900,0.020901,-0.020556,0.012451,0.029161,0.014426,0.037431,-0.001715,-0.023216,-0.013748,-0.030583,-0.043551,-0.027997,0.010546,0.000461
0.003620,0.108641,-0.025059,0.006216,-0.003828,0.109587,0.001828,0.035793,0.036189,-0.054752,0.079688,-0.011618,-0.036741,-0.022661,-0.034563,-0.013219
0.004143,-0.080834,-0.011279,-0.001987,0.042224,-0.056588,-0.005948,-0.016299,-0.016499,0.051884,-0.017617,0.033127,-0.007275,0.008442,-0.001683,0.009514
-0.005313,0.068359,0.003091,-0.003410,-0.014434,-0.030898,0.009169,-0.045438,0.041931,-0.009163,-0.033610,-0.048362,0.007659,0.004368,0.054597,0.024657
-0.001780,0.168672,0.014518,0.007742,-0.115472,-0.016647,-0.018962,0.081307,-0.002604,-0.047505,-0.086011,-0.097536,0.075128,0.055534,0.116013,0.027689
0.004453,0.036495,-0.085774,0.066166,-0.064145,0.033475,-0.041104,0.055568,0.018072,-0.004060,0.084348,0.035118,0.062209,0.073653,-0.030467,-0.010639
0.003799,-0.012691,-0.024940,0.000766,0.021497,0.001939,-0.016594,-0.003263,0.002165,0.017159,0.023933,0.021006,0.001683,0.009753,-0.007928,0.003700
0.005220,-0.094046,-0.031138,0.029015,0.031058,-0.048138,0.008768,-0.005831,-0.001607,0.054033,0.013843,0.059765,-0.024676,0.029715,-0.038696,-0.010673
0.005149,0.001082,-0.018406,0.008433,-0.008058,-0.008890,-0.017290,0.032193,-0.012141,0.015923,-0.002479,0.016132,0.014936,0.039092,0.009895,-0.000491
-0.000230,0.011454,-0.029924,0.037278,-0.023758,-0.029728,0.012994,-0.020026,0.039807,0.018092,0.007140,0.022082,-0.001638,0.070597,0.002361,-0.011786
0.009865,-0.013618,-0.014225,0.011488,0.033936,0.056041,0.019154,0.053267,-0.004404,0.001220,0.050049,0.048288,-0.073150,-0.000787,-0.064662,-0.032278
0.001641,0.007385,-0.010280,0.025201,-0.005897,-0.019463,0.029422,0.001643,0.028699,0.008424,0.000668,0.008891,-0.037664,0.031268,-0.011005,-0.014990
-0.000173,0.113448,0.027851,0.040192,-0.087720,-0.026411,0.063420,0.086834,0.026792,-0.044226,-0.066260,-0.074986,-0.044823,0.027294,0.033530,-0.014748
0.009997,-0.027718,-0.035146,0.018811,-0.029749,-0.017054,-0.052444,0.100042,-0.060801,0.025882,-0.005012,0.023202,0.062351,0.043021,0.009607,0.008408
0.001848,-0.028511,-0.042517,0.036356,-0.014228,-0.040919,-0.009932,-0.007297,0.014925,0.033837,0.013290,0.033270,0.022876,0.059044,-0.003850,-0.001501
0.009353,0.136436,-0.020889,0.004405,-0.072095,0.093921,-0.050340,0.130165,-0.030090,-0.046873,0.018809,-0.011376,0.052518,0.064446,0.032782,-0.008568
0.008243,0.066382,0.008214,-0.018542,-0.004593,0.055975,-0.010069,0.076162,-0.019873,-0.025254,0.005145,-0.011147,-0.019314,0.009505,0.007555,-0.012100
-0.000204,-0.036559,-0.027050,0.010573,0.010934,-0.057386,-0.014146,-0.044246,0.013569,0.041763,-0.008978,0.021235,0.025160,0.039492,0.019469,0.014120
0.001791,0.003173,0.001403,0.006364,-0.000990,-0.034254,0.013393,0.006535,0.006304,0.013107,-0.027617,-0.006730,-0.016154,0.017040,0.016106,0.002409
0.003262,0.008022,-0.009094,0.002400,0.004023,-0.008613,-0.002310,0.010149,0.002608,0.010553,-0.004461,0.005990,-0.006332,0.021115,0.008517,0.000378
0.003330,-0.005191,-0.012664,0.006692,0.007563,-0.014190,0.000210,0.007805,0.003749,0.014797,0.000362,0.010252,-0.009971,0.017981,0.000145,-0.000816
-0.003002,0.141366,0.003488,0.018451,-0.073126,0.006320,0.017973,0.003065,0.051961,-0.031060,-0.035399,-0.034878,0.008640,0.091970,0.065431,-0.008899
0.009956,-0.001173,-0.019408,0.025799,0.002869,0.043974,0.015574,0.077753,-0.007949,-0.001944,0.041285,0.039874,-0.053449,0.021057,-0.055169,-0.033991
0.006106,0.028612,-0.059245,0.003873,0.033221,0.101424,-0.037253,0.018080,0.014995,-0.022127,0.122531,0.026525,-0.004143,-0.039429,-0.063670,-0.001798
0.008054,-0.072765,-0.023636,0.003375,0.040819,-0.013086,-0.013235,0.020303,-0.023948,0.039583,0.021319,0.048719,-0.015280,0.008712,-0.032092,-0.005871
-0.002398,-0.094546,-0.036738,0.018444,0.070252,-0.055793,0.023621,-0.109663,0.053201,0.053111,0.041173,0.045828,-0.044536,-0.012476,-0.045661,0.003339
0.007237,-0.046276,-0.026987,0.031770,-0.042101,-0.070116,-0.030642,0.074802,-0.046193,0.043974,-0.039578,0.023332,0.056794,0.075744,0.025107,0.004015
0.002754,-0.029631,-0.023949,-0.002305,0.042150,-0.001567,-0.007046,-0.031872,0.013519,0.024159,0.030336,0.029722,-0.016126,0.000289,-0.018052,0.002557
-0.004056,-0.028534,-0.016853,-0.002709,0.044718,-0.047600,0.009344,-0.103474,0.047849,0.034921,0.002715,0.013657,-0.014337,0.006271,0.010159,0.015622
0.003458,-0.013945,-0.015539,-0.001882,0.024042,-0.006266,-0.006844,-0.009134,0.004443,0.019822,0.010460,0.020570,-0.009429,0.014764,-0.002905,0.000873
0.001232,-0.015340,0.003539,-0.021265,0.039903,-0.026102,-0.001908,-0.027372,0.001915,0.018254,-0.015982,-0.008687,-0.014760,-0.023678,0.015892,0.018045
-0.002702,0.028938,-0.076107,0.040508,-0.032294,-0.004076,-0.044111,-0.028796,0.039286,0.004166,0.062774,0.002576,0.074823,0.026484,0.002185,0.024517
0.002844,-0.001115,-0.011441,0.005998,0.005007,-0.017000,-0.000287,0.003293,0.005359,0.015608,-0.004842,0.009664,-0.006437,0.024164,0.006686,0.000254
0.003182,-0.068297,-0.011454,-0.010788,0.077017,-0.014798,0.016819,-0.053443,0.020659,0.034388,0.033927,0.036297,-0.061182,-0.022265,-0.042250,-0.007916
-0.002106,-0.035658,-0.045077,0.021283,0.018541,-0.043355,-0.009357,-0.077921,0.042555,0.040264,0.028317,0.035013,0.016588,0.042249,-0.002648,0.007549
0.004816,-0.033442,-0.025769,0.043240,-0.014967,-0.034491,0.019094,0.035162,0.005960,0.025186,0.005390,0.030833,-0.022403,0.045339,-0.027145,-0.018847
-0.000529,-0.036143,-0.033267,0.042664,-0.007671,-0.058914,0.015997,-0.019981,0.027918,0.031013,0.002458,0.016902,-0.004742,0.027565,-0.011894,0.002516
0.003217,-0.118270,-0.052584,0.074620,0.001527,-0.086380,0.032595,-0.005969,0.023096,0.062761,0.025753,0.066218,-0.030736,0.052131,-0.064724,-0.023404
0.004466,-0.009888,-0.020434,0.012233,-0.001822,-0.015099,-0.010049,0.018649,-0.003841,0.020448,0.002074,0.021395,0.005790,0.038299,0.002053,-0.002998
0.003320,0.022479,0.000251,0.007021,-0.016906,-0.020403,0.003603,0.031716,-0.003421,0.006192,-0.028579,-0.006917,-0.002881,0.032672,0.023371,-0.000441
0.003404,-0.002466,-0.022269,-0.003104,0.020885,0.006501,-0.018025,-0.006811,0.003366,0.014470,0.020341,0.018652,0.003814,0.011445,-0.000937,0.005576
0.001617,-0.008974,-0.030639,0.021764,-0.003645,-0.023380,-0.006118,-0.005973,0.015231,0.019353,0.013256,0.015298,0.009018,0.029309,-0.002261,0.002701
0.002342,0.018396,-0.078010,0.044216,-0.025020,0.028960,-0.039316,0.007933,0.027038,0.002376,0.086874,0.030920,0.048225,0.038046,-0.030474,0.000859
-0.001557,0.051079,-0.006717,0.008472,-0.005961,-0.002653,0.017381,-0.017415,0.038220,-0.011652,0.001082,-0.023780,-0.020216,0.000776,0.011916,0.005005
-0.001652,-0.191868,-0.068466,-0.010033,0.124739,-0.088940,-0.047544,-0.156694,0.013728,0.101087,0.060958,0.071681,0.031543,-0.047182,-0.038379,0.045348
0.004745,-0.010679,-0.003357,0.007967,-0.001764,-0.027178,0.003844,0.023628,-0.008139,0.022976,-0.024062,0.018012,-0.009967,0.044279,0.011467,-0.006945
0.008911,-0.066239,0.038209,-0.044131,0.096304,-0.000492,0.033821,0.000706,-0.021820,0.029565,-0.016893,0.031221,-0.106237,-0.034726,-0.030002,-0.019123
0.007012,0.075264,0.031775,-0.016198,0.003111,0.055227,0.029464,0.067078,-0.005904,-0.029824,-0.019820,-0.012092,-0.069312,0.002730,0.004452,-0.020716
0.004965,0.020206,-0.000226,-0.000961,-0.008425,-0.006600,-0.004105,0.032495,-0.008684,0.008968,-0.020331,0.006562,-0.002854,0.043888,0.020856,-0.006287
0.004064,0.003546,-0.013982,0.011692,-0.007722,-0.013848,-0.004651,0.025794,-0.003474,0.013245,-0.006512,0.010232,0.001634,0.032163,0.007326,-0.001555
0.002848,-0.024747,-0.015043,0.020058,-0.007490,-0.048366,0.002849,0.006367,0.001385,0.031640,-0.021033,0.019664,0.002539,0.049618,0.010786,-0.002250
0.002407,0.001428,-0.013727,0.005491,-0.001166,-0.022897,-0.008919,0.003704,0.001224,0.017177,-0.010928,0.005795,0.009755,0.027444,0.017287,0.006765
0.005549,-0.060185,-0.005373,0.016167,0.020765,-0.044431,0.020639,0.019579,-0.008763,0.036054,-0.014619,0.029286,-0.039000,0.018279,-0.020364,-0.011479
0.008163,0.034831,0.007102,-0.032650,-0.013539,0.002879,-0.051780,0.071310,-0.055469,0.005969,-0.041218,-0.011407,0.051283,0.038829,0.060088,0.013812
0.003819,-0.008469,-0.010212,0.008495,-0.000481,-0.024834,-0.001354,0.014519,-0.002583,0.020692,-0.013176,0.014066,-0.002796,0.035859,0.009374,-0.002383
0.001959,0.015426,-0.014336,0.005327,-0.000611,-0.009981,-0.004211,-0.003803,0.012760,0.010426,0.000020,0.006345,0.001009,0.030746,0.012515,0.000996
0.003816,-0.028478,0.047805,-0.023088,0.044865,-0.047836,0.052059,-0.000406,-0.004202,0.022311,-0.066751,-0.006659,-0.087534,-0.009298,0.010968,-0.010226
0.004831,0.001018,-0.028252,0.021384,0.005593,0.018072,0.004855,0.018831,0.014922,0.006073,0.039287,0.028531,-0.025049,0.023408,-0.031978,-0.016439
-0.023365,-0.059645,-0.114191,0.084974,0.022990,-0.126701,0.023595,-0.313759,0.191501,0.069624,0.086292,0.043181,0.036663,0.051684,-0.015449,0.035734
0.008398,-0.006926,-0.014370,-0.014306,0.040456,0.045338,-0.012588,0.026069,-0.009926,0.006092,0.043773,0.033478,-0.031570,0.002082,-0.031342,-0.015387
-0.002929,-0.145481,-0.058794,0.049519,0.033782,-0.129181,0.006663,-0.109409,0.040960,0.093569,0.011787,0.069918,0.011982,0.057903,-0.023861,0.006665
0.000682,0.115575,-0.010664,0.005730,-0.048941,0.033677,-0.012517,0.038041,0.019660,-0.037490,0.001543,-0.041679,0.023071,0.026178,0.038067,0.006220
0.002468,-0.240084,-0.099660,0.085901,0.011131,-0.181033,-0.028326,-0.079340,0.004461,0.150787,0.016480,0.141458,0.070362,0.149333,-0.036421,-0.006914
0.001216,-0.001753,-0.029552,0.016360,0.000064,-0.017315,-0.008525,-0.014968,0.018569,0.017726,0.015065,0.015321,0.010012,0.030454,0.001760,0.003590
0.002863,-0.002508,-0.013349,0.007776,0.002809,-0.018878,-0.001844,0.003818,0.004934,0.017020,-0.004709,0.011257,-0.003012,0.027942,0.007241,0.000251
0.004576,0.037314,-0.021954,0.027705,-0.040667,0.001907,-0.006726,0.060588,-0.002648,-0.004111,0.001149,-0.000088,0.013362,0.043606,0.006704,-0.006065
-0.016054,-0.077830,-0.047625,0.007355,0.012584,-0.196479,-0.041490,-0.231603,0.068600,0.101471,-0.064446,0.006257,0.124155,0.086001,0.111799,0.070553
0.003433,-0.001427,-0.013742,0.004659,0.009196,-0.007548,-0.002846,0.007457,0.003326,0.012975,0.003975,0.010988,-0.008233,0.016047,0.000103,0.000185
0.004237,0.017888,-0.012323,0.019663,-0.014201,-0.001377,0.009789,0.039496,0.004842,0.000378,0.002839,0.003218,-0.018146,0.023143,-0.006895,-0.009746
0.000280,0.006034,-0.027216,0.032411,-0.067707,-0.088545,-0.031480,0.016305,-0.008063,0.038203,-0.059875,0.002111,0.086924,0.111233,0.071983,0.016017
0.003033,0.049247,0.006212,0.001174,-0.011954,0.006105,0.013177,0.026692,0.009588,-0.008599,-0.016950,-0.011012,-0.023238,0.026395,0.017395,-0.007567
0.007496,-0.014927,-0.020219,0.014170,-0.008723,-0.007695,-0.016124,0.068033,-0.028011,0.012016,0.005255,0.009836,0.007697,0.013589,-0.009561,-0.001814
0.000393,-0.069723,-0.011764,0.025754,-0.006830,-0.113797,0.008941,-0.023462,0.002064,0.060363,-0.055733,0.019809,0.013993,0.064248,0.028164,0.006122
-0.003020,-0.037748,-0.022762,0.023796,-0.010294,-0.099618,0.000713,-0.065346,0.029984,0.053480,-0.037785,0.019008,0.029867,0.079896,0.039651,0.009666
0.010974,0.049880,0.047378,-0.037632,0.001282,0.029218,0.002034,0.115551,-0.059964,-0.017928,-0.060941,-0.026414,-0.036423,-0.005578,0.032913,-0.006177
0.000865,0.043398,-0.032366,0.053536,-0.090791,-0.055761,-0.011702,0.037075,0.011780,0.018683,-0.038809,0.009674,0.062999,0.133870,0.051952,-0.005908
0.015555,0.015383,0.073332,-0.052001,-0.015881,-0.024026,-0.015404,0.168961,-0.119313,0.009888,-0.137128,-0.025477,-0.003826,0.035533,0.079144,-0.002018
0.003886,-0.057128,-0.021471,0.005162,0.037488,-0.027808,-0.002901,-0.018818,0.001309,0.038183,0.012575,0.037025,-0.015550,0.012364,-0.017691,-0.000091
0.004743,-0.067218,-0.010750,0.007948,0.022717,-0.056875,0.001123,-0.011769,-0.008616,0.054561,-0.023762,0.048814,-0.008964,0.059759,0.004112,-0.007879
0.006687,0.005929,-0.010766,-0.036653,0.051676,0.049443,-0.036748,-0.005220,-0.016325,0.012448,0.026192,0.034933,-0.000325,0.006811,0.004557,0.004925
0.008903,-0.014056,0.034482,-0.027743,0.023131,-0.016949,0.007143,0.060771,-0.046049,0.018094,-0.059121,0.003422,-0.036566,0.011772,0.022823,-0.006012
0.002171,-0.088117,-0.040217,-0.026098,0.096992,-0.007939,-0.037513,-0.083374,0.005970,0.046786,0.060343,0.043041,0.002614,-0.046418,-0.030511,0.025114
0.003192,0.024063,-0.048030,0.026235,-0.026715,0.010379,-0.033252,0.028519,0.004934,0.002164,0.037467,0.009979,0.042975,0.032352,-0.001265,0.006634
0.002287,0.008133,-0.011144,0.008786,-0.010418,-0.027290,-0.005486,0.009598,0.001866,0.015652,-0.018486,0.002527,0.010315,0.036285,0.022225,0.004594
0.002521,-0.006733,-0.066149,0.032823,-0.011054,0.005227,-0.039186,0.008216,0.011678,0.011359,0.065039,0.020117,0.046549,0.014207,-0.022913,0.011154
0.002896,0.128613,-0.000341,0.008393,-0.090758,0.009004,-0.029958,0.085361,-0.014899,-0.028414,-0.053098,-0.042522,0.065856,0.081658,0.084141,0.009370
0.006154,-0.087753,-0.007641,0.011313,0.018728,-0.074666,-0.000114,0.025961,-0.032041,0.052881,-0.034741,0.027651,-0.005678,0.021416,-0.002029,0.002410
0.004892,0.021925,-0.019320,0.018487,-0.029759,-0.006917,-0.014185,0.048766,-0.009740,0.007450,-0.007369,0.008637,0.020202,0.050713,0.015176,-0.002937
-0.006377,-0.072909,-0.010957,0.035304,-0.014621,-0.168712,0.027483,-0.097748,0.043460,0.077049,-0.079690,0.014111,0.018959,0.098458,0.053987,0.009658
-0.006494,-0.077475,-0.042521,0.044875,0.050087,-0.070541,0.053389,-0.138540,0.093851,0.048870,0.044729,0.043940,-0.062800,0.010194,-0.052139,-0.007517
0.006661,0.081080,0.009988,-0.018788,-0.025494,0.036457,-0.022209,0.074749,-0.025415,-0.021731,-0.022705,-0.021583,0.013511,0.030598,0.041170,-0.000198
-0.013968,-0.030068,-0.016821,0.046761,0.042339,-0.093600,0.103995,-0.205018,0.152856,0.035903,0.015388,0.015518,-0.106090,0.024450,-0.029794,-0.015403
0.005747,-0.012256,-0.002509,-0.001344,0.022733,0.001050,0.008756,0.023617,-0.005091,0.011744,0.003736,0.015345,-0.036088,0.004540,-0.014570,-0.009611
0.003433,0.025321,-0.016410,0.009673,-0.013358,-0.000682,-0.008480,0.017075,0.006168,0.007256,0.000789,0.011308,0.007107,0.047427,0.013399,-0.004768
0.000964,0.048345,-0.044429,0.045585,-0.010582,0.048747,0.028604,-0.005708,0.066205,-0.020357,0.082384,0.021301,-0.048586,0.022614,-0.057151,-0.028984
0.008927,0.034421,-0.010306,0.006234,-0.021882,0.029637,-0.014558,0.077100,-0.021600,-0.001562,0.004126,0.020907,0.000339,0.059356,0.003642,-0.020270
-0.002739,-0.210646,-0.039872,0.025614,0.118232,-0.124834,0.042749,-0.180289,0.059006,0.117776,0.025535,0.109971,-0.070280,0.023597,-0.064466,-0.007057
0.001305,0.064622,0.002251,0.004903,-0.033930,-0.009811,0.001342,0.020273,0.011073,-0.005438,-0.033536,-0.016784,0.008838,0.053844,0.044580,0.000038
0.001972,-0.029060,-0.008157,-0.000072,0.023642,-0.037070,0.002244,-0.021541,0.005697,0.030005,-0.013176,0.015191,-0.010982,0.016640,0.007866,0.005413
-0.004112,0.072443,0.034442,-0.010053,-0.027178,-0.057547,0.028044,-0.023513,0.027098,-0.003533,-0.089632,-0.055164,-0.007921,0.033024,0.081879,0.015981
0.002773,-0.002207,-0.012274,0.007742,0.002157,-0.020630,-0.000922,0.003602,0.005026,0.017242,-0.007034,0.010467,-0.003363,0.028727,0.008602,0.000298
0.003082,0.067639,-0.001481,0.019118,-0.044004,0.003345,0.012301,0.047020,0.011806,-0.012409,-0.020608,-0.010060,-0.007649,0.058610,0.023818,-0.013586
0.004708,0.000856,-0.008643,0.006762,-0.009612,-0.021109,-0.008646,0.031005,-0.012309,0.017810,-0.019873,0.010909,0.007930,0.042040,0.017934,-0.000990
0.006217,0.129685,0.005721,-0.067378,0.024408,0.125984,-0.061386,0.046668,-0.026540,-0.054245,0.029825,-0.038497,0.024039,-0.051130,0.039449,0.027367
