0.001693,-0.003346,-0.028987,0.016594,0.000895,0.039893,-0.033253,-0.010562,0.016912,0.005259,0.035512,0.025554,-0.004827,-0.020243,0.012776,0.012265
0.016746,0.039968,0.018342,0.029124,0.003933,0.132426,-0.043788,-0.001918,0.015031,-0.099859,0.008970,0.001656,-0.005076,-0.072409,0.047738,0.052287
0.000124,0.023543,-0.025428,0.000026,0.027824,0.031225,-0.035432,-0.002712,-0.022682,0.004317,-0.017040,0.045397,0.006014,-0.032106,-0.017307,-0.015522
0.007552,0.001599,-0.007292,0.031623,0.036733,0.133700,-0.041954,-0.038442,-0.000833,-0.017790,-0.001251,-0.030995,0.027684,-0.134528,-0.006980,0.004097
-0.000725,-0.013208,-0.032567,0.029460,-0.023017,0.057983,-0.029569,-0.021431,0.060033,0.032330,0.066196,0.027461,0.008730,-0.041978,0.012336,0.011062
0.001635,0.004111,-0.010609,0.011288,0.021522,0.073026,-0.025832,-0.043775,-0.014376,0.010353,0.002705,0.001456,-0.009691,-0.080401,0.015100,0.015723
0.004195,-0.006085,-0.038349,0.015205,0.005501,0.015989,-0.038816,0.005040,-0.006346,-0.000563,0.051099,0.016696,-0.029598,0.000350,0.013054,0.009645
-0.003912,-0.005340,-0.020748,0.018352,-0.002511,0.061088,-0.018394,-0.046923,0.026242,0.048390,0.030300,0.017234,0.000110,-0.074255,0.011948,0.009568
0.000847,-0.002886,-0.029915,0.016672,0.008374,0.032263,-0.033136,-0.006840,0.015428,-0.000367,0.023908,0.026029,0.001368,-0.009975,0.009777,0.010495
-0.004897,-0.004277,-0.015898,0.019856,0.009308,0.044902,-0.014621,-0.039870,0.029212,0.021532,0.005985,0.015480,0.006948,-0.038985,0.023890,0.023121
-0.002823,-0.063515,-0.022967,0.050719,-0.014929,0.040954,-0.008572,-0.053690,0.084303,0.004373,0.078013,-0.041436,-0.013269,0.009228,0.085391,0.082767
0.000478,0.000684,-0.026038,0.017440,-0.011468,0.027894,-0.026842,-0.009192,0.028665,0.005665,0.043793,0.034048,-0.015275,-0.003369,0.027709,0.023246
-0.009407,0.015160,-0.004915,0.013970,0.037367,0.023856,-0.003753,-0.043413,0.007756,0.010197,-0.052352,0.018784,0.013231,-0.029847,0.021701,0.021032
-0.007678,0.016715,-0.030428,0.002092,0.010638,-0.019479,-0.016710,-0.008104,0.003365,0.028883,-0.005420,0.060421,-0.008779,0.017723,0.005729,-0.000576
-0.006247,-0.048617,-0.048909,0.022521,0.083079,-0.007737,-0.025572,-0.048616,-0.052538,0.030461,-0.020138,-0.055574,-0.005388,-0.026723,-0.010434,-0.005597
0.004199,-0.071970,-0.063917,0.040547,0.031265,0.011601,-0.051387,0.002771,0.025201,-0.021505,0.061709,-0.035738,0.014552,0.043130,0.008544,0.018618
-0.007829,0.046583,0.012033,0.012848,0.021438,0.092050,0.000316,-0.075342,-0.010800,0.062851,-0.034961,0.012667,-0.006071,-0.166516,0.001741,-0.004814
-0.009191,0.035133,-0.030567,-0.019590,-0.044534,0.059367,-0.032106,-0.003199,0.079072,0.074419,0.001342,0.165124,0.082435,-0.033826,-0.049536,-0.044205
-0.008943,-0.036547,0.021577,0.042288,-0.005518,0.127306,0.004466,-0.085507,0.145842,-0.024179,-0.031125,0.003072,0.096468,-0.034908,0.079026,0.094077
0.001288,0.027320,0.009272,0.018024,-0.000604,0.097317,-0.023210,-0.023963,0.054943,-0.036998,-0.023359,0.045466,0.041084,-0.046189,0.030207,0.036370
-0.012574,-0.004546,-0.018413,0.006659,-0.016578,0.008529,-0.001394,-0.035184,0.067586,0.043798,0.003331,0.068141,0.021350,0.020318,0.034436,0.030922
0.003008,-0.047207,-0.093246,0.011835,0.024323,-0.065907,-0.063317,0.048853,-0.021709,0.009315,0.073891,0.027452,-0.016190,0.096837,-0.031934,-0.030079
0.004343,0.045036,-0.030725,-0.001876,-0.013090,0.029096,-0.042014,0.023131,-0.014839,0.018538,0.040065,0.075013,-0.027139,-0.036881,-0.017740,-0.025123
0.014842,0.040734,0.021687,0.022880,-0.009951,0.114238,-0.033632,-0.014196,0.012152,-0.086347,0.020193,0.009831,-0.031803,-0.059646,0.069133,0.066928
-0.007658,-0.009810,-0.055578,-0.001305,0.001207,-0.032675,-0.023639,-0.010374,-0.013316,0.081012,0.047835,0.048412,-0.031936,0.002655,-0.012746,-0.022262
0.011121,-0.082366,-0.049121,0.054260,0.002473,0.100639,-0.063987,0.004489,0.094220,-0.055232,0.084024,-0.033749,0.067723,0.011868,0.017497,0.039369
0.000806,-0.001554,-0.033008,0.014894,0.008239,0.032934,-0.034968,-0.006140,0.010121,0.009034,0.027270,0.028210,0.000364,-0.019267,0.001267,0.001700
-0.002289,-0.000140,-0.000232,0.023589,0.046526,0.048384,-0.012240,-0.047821,-0.004047,-0.025912,-0.039484,-0.021680,0.000251,-0.037603,0.040832,0.043060
0.005027,-0.000884,-0.026597,0.017774,0.006836,0.052766,-0.040130,-0.001593,0.011824,-0.014814,0.031503,0.019645,0.000053,-0.022945,0.010348,0.012800
0.020615,-0.007416,-0.037435,0.036868,-0.040182,0.129170,-0.072388,0.005409,0.028217,-0.018316,0.136706,0.004063,-0.023065,-0.098608,0.001971,0.003431
-0.003113,0.001386,-0.037101,0.010078,0.011695,-0.017876,-0.033638,0.036189,0.044646,-0.032879,-0.007983,0.069744,0.037145,0.091471,0.007333,0.012633
-0.006070,0.001821,-0.044943,0.007584,-0.004093,-0.002781,-0.028094,0.003129,0.026110,0.046363,0.030097,0.063441,0.008512,0.006532,-0.013878,-0.016729
-0.012899,-0.085432,-0.063736,0.025808,-0.001210,-0.094681,-0.007298,-0.023101,0.065453,0.022933,0.058216,0.012546,-0.015709,0.162197,0.070095,0.064681
0.002705,-0.016794,-0.045853,0.023021,-0.017544,0.024611,-0.039439,0.002643,0.031455,0.019230,0.080447,0.027500,-0.015706,-0.002430,0.010267,0.006945
0.010190,-0.007423,0.009862,0.045301,-0.035686,0.206114,-0.047938,-0.023068,0.150379,-0.067611,0.026661,0.035947,0.117431,-0.085971,0.026011,0.049552
-0.001375,0.020661,-0.033649,0.006548,0.014091,-0.011602,-0.029379,0.008327,-0.014185,0.006289,0.010363,0.046784,-0.023255,0.012088,0.002067,-0.004073
0.001073,-0.009521,-0.027020,0.020869,0.023099,0.022510,-0.028155,-0.016914,-0.004439,-0.007812,0.019037,-0.003107,-0.018806,-0.009559,0.024109,0.022768
0.002003,-0.011513,-0.030829,0.023358,-0.021482,0.067670,-0.034211,-0.016241,0.046105,0.027713,0.068829,0.025703,0.003259,-0.049330,0.010437,0.010101
-0.010442,0.002779,-0.052092,-0.005274,-0.015825,-0.019373,-0.020020,-0.016488,0.007494,0.103209,0.046555,0.077618,-0.016400,-0.017618,-0.022814,-0.033004
0.009687,-0.003716,-0.020108,0.027357,0.018272,0.087735,-0.047307,-0.010829,0.004563,-0.036529,0.028248,-0.008671,0.004403,-0.057646,0.010642,0.017116
-0.008983,-0.018597,-0.049398,0.005017,0.059833,-0.079818,-0.018269,-0.005188,-0.043528,0.010373,-0.025952,0.010461,-0.025933,0.077203,0.009268,0.005264
0.006641,-0.016926,0.021403,0.042476,0.006414,0.118639,-0.017432,-0.048266,0.069220,-0.084739,0.002110,-0.033364,0.018860,-0.029769,0.093923,0.101925
-0.017057,-0.038962,-0.023640,0.022897,0.006473,-0.050484,0.026070,-0.085853,0.008914,0.083917,0.037603,-0.027410,-0.078665,0.009298,0.084214,0.063319
-0.006411,0.000207,-0.039178,0.008628,-0.010590,-0.011451,-0.021477,-0.006363,0.030856,0.037631,0.032256,0.062223,-0.005362,0.023274,0.009338,0.003314
-0.010799,-0.033691,-0.040235,0.030014,-0.022029,-0.010773,-0.014048,-0.009698,0.110589,0.016946,0.035281,0.056884,0.042726,0.078430,0.034999,0.036087
0.001986,-0.006207,-0.026396,0.019346,-0.012723,0.078428,-0.037234,-0.016077,0.047925,0.013882,0.041926,0.036651,0.026484,-0.048906,0.001971,0.006566
0.009095,0.001843,-0.042013,0.011674,0.052074,-0.037835,-0.046071,0.032336,-0.079083,-0.056497,0.018947,-0.015357,-0.070536,0.053866,0.020557,0.015193
0.011215,-0.042670,-0.051027,0.030464,0.005775,0.034730,-0.060540,0.027848,0.029321,-0.052578,0.073580,-0.001146,0.005892,0.046987,0.017559,0.026154
-0.004154,0.045756,0.008273,-0.009993,-0.016690,0.050380,-0.018524,0.004333,0.073447,-0.041030,-0.054732,0.125989,0.063781,0.040086,0.028589,0.034869
0.004642,0.004421,-0.006953,0.027575,0.012259,0.088410,-0.033468,-0.015072,0.036910,-0.038754,0.003577,0.008572,0.026661,-0.043315,0.023570,0.030771
0.003237,0.003932,-0.025784,0.015562,-0.006399,-0.016778,-0.028113,0.020658,0.019991,-0.045433,0.037453,0.037900,-0.036141,0.078975,0.055546,0.048728
-0.005407,0.022920,-0.009398,0.008642,0.004746,0.026577,-0.013251,-0.017201,0.028073,0.004681,-0.015673,0.052517,0.008637,-0.007730,0.023558,0.020998
-0.007947,0.009686,0.023529,0.025930,0.038702,0.137906,0.001462,-0.098747,0.029901,0.028525,-0.063068,-0.021642,0.049657,-0.163789,0.019551,0.027466
-0.013984,0.051547,-0.024399,-0.022752,0.049710,-0.071284,-0.003885,-0.013431,-0.068648,0.042983,-0.077183,0.077726,-0.031450,0.021101,-0.011849,-0.023761
-0.020241,-0.010888,-0.011739,0.008318,0.038612,-0.028410,0.019584,-0.069379,0.016540,0.052636,-0.058569,0.017891,0.004720,0.012585,0.041286,0.035801
-0.011463,0.035561,-0.034048,-0.009146,-0.026432,-0.064136,-0.009175,0.019515,0.033623,0.039217,0.012447,0.121231,-0.018321,0.081987,0.017060,0.002846
-0.014778,-0.019623,-0.127115,-0.012167,-0.074256,-0.150836,-0.042385,0.075668,0.054599,0.157070,0.153615,0.169186,-0.024341,0.140901,-0.066181,-0.085097
-0.002034,0.016360,-0.007613,0.015786,-0.022242,0.062072,-0.017565,-0.024527,0.054770,0.011423,0.023448,0.051633,0.008292,-0.035515,0.031273,0.028404
-0.007814,0.014206,-0.026624,-0.002797,0.003072,0.023967,-0.016365,-0.036113,-0.001627,0.068891,0.005763,0.055779,-0.005059,-0.054945,-0.008939,-0.014410
-0.001894,0.010459,-0.035904,0.001740,0.009246,-0.003366,-0.031546,0.005797,-0.002167,0.011255,0.011182,0.056463,-0.006600,0.017788,-0.001054,-0.003616
0.016036,0.025327,-0.046916,0.011828,0.058011,-0.028920,-0.061681,0.049952,-0.122588,-0.061874,0.034417,-0.022617,-0.099435,0.013534,-0.003089,-0.011871
0.001584,0.005812,-0.015857,0.023741,0.031845,0.059152,-0.029903,-0.025995,-0.002132,-0.013339,-0.007333,-0.002844,0.005301,-0.055373,0.009021,0.012038
-0.003005,-0.002312,-0.048465,0.012432,-0.012943,-0.003006,-0.033333,0.004617,0.028283,0.036100,0.050963,0.059814,-0.004013,0.013598,-0.005567,-0.010060
0.015625,0.028390,-0.048755,0.005795,-0.042302,0.095839,-0.083929,0.079714,0.050371,-0.020568,0.086331,0.106391,0.048259,-0.025669,-0.056878,-0.046144
-0.006535,0.015949,0.031238,0.031457,-0.003173,0.147494,0.001276,-0.077381,0.098680,-0.001925,-0.041710,0.019769,0.071940,-0.114083,0.045551,0.054148
-0.008843,-0.012439,-0.063724,0.015082,-0.048894,-0.042887,-0.030699,0.037732,0.104404,0.039802,0.072358,0.115010,0.032308,0.104908,-0.001575,-0.005198
0.000239,-0.006557,-0.031915,0.019089,0.000019,0.024155,-0.030526,-0.004847,0.024423,0.003988,0.037443,0.026339,-0.005455,0.000811,0.017422,0.015963
-0.010896,0.051170,-0.014874,-0.018811,-0.019501,0.016965,-0.014895,0.000727,0.045692,0.043063,-0.032936,0.139947,0.043423,0.002177,-0.015028,-0.016780
-0.000185,0.007812,-0.068516,-0.011164,-0.021047,-0.038020,-0.050400,0.043643,-0.000013,0.042353,0.065144,0.106113,-0.014398,0.055137,-0.033780,-0.039387
-0.003557,-0.002145,0.000001,0.011354,0.094989,0.023114,-0.012128,-0.054432,-0.060705,-0.042648,-0.097237,-0.040688,-0.001041,-0.023857,0.030947,0.037154
-0.001908,-0.026308,-0.053596,0.017500,-0.023316,0.014684,-0.037895,0.004537,0.056277,0.036480,0.073215,0.052892,0.014251,0.020424,-0.001560,-0.001263
0.003803,0.022372,0.032430,0.035791,0.014074,0.199078,-0.023897,-0.071780,0.070468,-0.038877,-0.045789,-0.000033,0.082124,-0.164094,0.021794,0.038301
-0.002999,-0.007150,-0.036661,0.014202,-0.030260,-0.020012,-0.027014,0.018878,0.077387,-0.019248,0.040481,0.083891,0.012015,0.103799,0.040431,0.037943
-0.015881,0.029433,-0.032133,-0.010285,-0.027127,-0.023336,-0.002691,-0.019184,0.035480,0.098523,0.012423,0.112362,-0.001874,-0.003181,-0.006807,-0.019458
-0.015415,0.011650,-0.017539,0.006360,-0.004615,0.007539,0.002728,-0.043490,0.048331,0.066598,-0.014112,0.066660,0.018740,-0.017845,0.014165,0.008348
-0.002053,-0.009453,-0.051926,0.006266,-0.012326,-0.037373,-0.032338,0.016388,0.016199,0.018624,0.056244,0.060460,-0.026301,0.067011,0.014694,0.007417
0.003887,-0.035129,-0.058124,0.019424,0.003802,-0.002335,-0.051446,0.031219,0.032730,-0.021344,0.057123,0.032169,0.013696,0.071151,0.003737,0.009597
0.001701,-0.052908,-0.051427,0.020453,0.024410,0.022691,-0.042095,-0.010569,0.008177,0.007511,0.046576,-0.012134,0.006665,0.011372,0.005507,0.012449
-0.004120,-0.006583,-0.010416,0.022722,-0.018855,0.065183,-0.012486,-0.047216,0.062462,0.024587,0.030387,0.028690,0.009837,-0.042868,0.039925,0.037947
-0.000005,0.004941,0.010903,0.024303,0.043559,0.141580,-0.018517,-0.080371,-0.003447,0.013915,-0.035817,-0.035261,0.028814,-0.168413,0.006477,0.015196
-0.002603,0.026486,-0.005167,0.009911,0.013568,0.097496,-0.026343,-0.030446,0.029527,0.016587,-0.029021,0.047272,0.051475,-0.093667,-0.015982,-0.008423
0.001961,-0.028164,0.028585,0.036696,0.059389,0.134182,-0.008151,-0.097574,0.015054,-0.059778,-0.057827,-0.079233,0.026769,-0.095444,0.075781,0.088809
0.017814,-0.095364,-0.088460,0.034856,0.096684,0.003007,-0.087047,0.016996,-0.097067,-0.058175,0.062749,-0.110084,-0.030300,0.024865,-0.023924,-0.008085
0.001541,-0.093142,-0.051812,0.052946,0.051934,0.016592,-0.035466,-0.039204,0.019077,-0.026227,0.044416,-0.087659,0.002705,0.027756,0.040553,0.050057
-0.006068,-0.005995,-0.050918,0.004373,-0.049419,-0.039346,-0.019467,0.004994,0.042863,0.065094,0.094113,0.081200,-0.043960,0.052454,0.026133,0.010362
-0.000997,0.008590,0.008052,0.022601,0.043298,0.089109,-0.014448,-0.060215,-0.002711,-0.015262,-0.042834,-0.020849,0.012494,-0.090965,0.028782,0.033391
0.003133,0.003318,0.011010,0.032130,0.043600,0.096401,-0.016501,-0.061645,-0.009658,-0.033434,-0.024424,-0.048552,-0.009421,-0.095982,0.046379,0.049011
0.006067,-0.003847,-0.033316,0.022487,0.020865,0.031574,-0.044444,0.007873,-0.001072,-0.032820,0.025698,0.008807,-0.005844,0.000585,0.009158,0.011825
0.005622,0.047983,-0.056406,-0.008253,-0.036964,-0.070885,-0.051020,0.097359,0.000941,-0.019759,0.073895,0.126609,-0.051717,0.120152,-0.001892,-0.016063
-0.026040,-0.026898,-0.105983,-0.030726,-0.004432,-0.159867,-0.019470,0.032251,0.019798,0.152346,0.025229,0.151605,0.023722,0.143177,-0.069795,-0.077403
-0.005994,0.001890,-0.032468,0.005693,0.010950,0.000520,-0.019007,-0.022150,-0.002273,0.041635,0.013004,0.037098,-0.015051,-0.012510,0.005687,0.000200
0.007354,0.036269,0.064879,0.051986,-0.078856,0.307816,-0.008797,-0.107574,0.158569,0.006348,0.050673,0.009945,0.064703,-0.276422,0.066545,0.073165
0.006775,-0.022639,-0.041497,0.027200,0.008071,0.057895,-0.048157,-0.008012,0.007545,0.001567,0.062639,-0.005605,-0.006279,-0.041966,-0.000162,0.002939
0.013494,-0.003365,-0.050683,0.007212,0.028011,0.032547,-0.068969,0.030361,-0.049696,-0.033329,0.044168,0.015361,-0.020571,-0.008183,-0.023320,-0.018468
-0.002985,0.000481,0.000142,0.019108,0.002807,0.078081,-0.016486,-0.036958,0.062660,-0.016174,-0.017076,0.033037,0.043546,-0.026583,0.036179,0.042807
-0.017831,-0.015633,-0.009117,0.013482,0.003838,0.040703,0.012244,-0.089076,0.058091,0.081880,-0.020826,0.030716,0.030747,-0.057637,0.028375,0.026417
0.016673,-0.009994,-0.005959,0.041245,0.020550,0.158935,-0.053674,-0.032774,0.001883,-0.048341,0.044918,-0.055084,0.002781,-0.136508,0.017221,0.027512
0.001971,0.016158,-0.003971,0.016320,0.059903,0.083268,-0.032339,-0.025498,-0.019054,-0.033020,-0.058302,-0.006107,0.034931,-0.075165,-0.006566,0.004569
0.004046,-0.017971,-0.042067,0.020870,0.040405,-0.031877,-0.036423,0.012257,-0.034575,-0.040756,0.023340,-0.015210,-0.045900,0.059931,0.031387,0.028070
-0.011696,0.068628,-0.007717,-0.024846,0.001030,-0.055535,-0.006567,0.031438,0.024786,-0.019510,-0.076541,0.150712,0.019898,0.108901,0.018985,0.012943
-0.001105,0.009583,-0.020677,0.013574,0.004989,0.039569,-0.026662,-0.013589,0.021280,0.004061,0.009275,0.038005,0.006893,-0.021621,0.011634,0.011506
0.006177,-0.011372,0.006557,0.033752,0.067705,0.090890,-0.027025,-0.044641,-0.017122,-0.074433,-0.044562,-0.063982,0.009381,-0.057978,0.044774,0.055474
0.002490,-0.003872,-0.015847,0.017400,0.060278,0.052449,-0.033660,-0.026797,-0.028528,-0.035168,-0.038703,-0.017754,0.012802,-0.038365,0.006955,0.015400
0.005645,0.053374,-0.021353,-0.011513,-0.033994,0.022827,-0.034480,0.014377,-0.023428,0.021840,0.058495,0.085911,-0.064535,-0.030605,0.010941,-0.004296
0.010846,-0.016629,-0.039953,0.031452,0.020003,0.043975,-0.054995,0.015029,-0.001444,-0.045297,0.051665,-0.012319,-0.011209,-0.004039,0.009366,0.013806
0.001794,-0.061577,-0.127192,0.017087,-0.024221,-0.178757,-0.060379,0.092778,-0.001164,0.021057,0.166490,0.054930,-0.088312,0.227720,0.004340,-0.012344
-0.008534,0.043359,-0.014691,-0.016377,0.050322,0.000886,-0.015331,-0.023554,-0.053103,0.029301,-0.075288,0.059388,0.001615,-0.036344,-0.021067,-0.023125
0.008635,-0.016126,-0.009100,0.043413,0.077179,-0.026652,-0.031018,0.023304,-0.011396,-0.172376,-0.047666,-0.054843,-0.020311,0.137021,0.091920,0.097919
0.004023,0.009942,-0.009923,0.019854,0.027090,0.051802,-0.032615,-0.006089,0.010123,-0.052414,-0.016030,0.013244,0.011709,-0.006585,0.026382,0.031487
-0.002264,0.018754,-0.048051,0.004356,0.035263,-0.059383,-0.035183,0.033117,-0.032920,-0.011919,-0.007823,0.050984,-0.022469,0.067556,-0.009559,-0.014568
-0.003538,-0.024788,-0.038903,0.012956,0.051301,-0.004269,-0.028960,-0.014655,-0.017772,-0.000519,-0.015556,-0.002299,0.006963,0.018336,0.002666,0.007482
-0.001326,-0.002351,0.003337,0.018398,0.015957,0.078528,-0.012731,-0.055203,0.021607,-0.006053,-0.010861,-0.001798,0.005553,-0.058840,0.044922,0.046876
-0.004793,0.009547,-0.030251,0.005769,-0.011073,0.017124,-0.022708,-0.009440,0.027813,0.038209,0.026555,0.062158,0.000714,-0.009722,0.004165,-0.000122
0.006152,-0.004227,-0.003038,0.035933,-0.036659,0.162976,-0.035057,-0.047431,0.087426,0.009673,0.062819,0.016770,0.039612,-0.129652,0.020482,0.027343
-0.002317,0.036909,-0.043998,-0.013340,-0.022452,-0.014315,-0.033881,0.017644,-0.011904,0.056651,0.044213,0.102877,-0.031920,-0.003189,-0.022014,-0.033627
0.017464,-0.042105,0.001787,0.060998,0.015318,0.157696,-0.045266,-0.044108,0.043163,-0.089749,0.057598,-0.089491,0.003496,-0.086098,0.070486,0.082478
0.018880,-0.029740,-0.017346,0.056614,-0.147331,0.262444,-0.072899,0.007589,0.249468,-0.014545,0.194902,0.084948,0.116553,-0.108335,0.019754,0.039089
-0.011875,-0.008001,-0.033008,-0.003292,0.045078,-0.058904,-0.000443,-0.044610,-0.057444,0.055794,-0.017203,0.005931,-0.058103,0.014110,0.024902,0.012457
0.009483,0.011318,-0.026038,0.024850,0.017733,0.061001,-0.043913,-0.010484,-0.033774,-0.009113,0.047463,-0.015079,-0.043493,-0.077709,0.005530,0.001620
0.000023,0.014330,-0.032334,-0.008971,-0.051281,0.033797,-0.033691,0.014201,0.048815,0.039545,0.067382,0.105767,0.000235,0.006300,0.006037,0.001466
-0.009734,0.003714,0.004847,0.024882,0.009743,0.062304,0.001333,-0.061911,0.062160,0.011239,-0.032193,0.021521,0.034554,-0.044190,0.042233,0.043677
0.005582,-0.031232,-0.023715,0.048263,0.006088,0.095487,-0.038958,-0.026368,0.058519,-0.024308,0.048875,-0.026922,0.026633,-0.052892,0.024518,0.032880
-0.012558,0.028060,-0.021783,0.002545,-0.003781,0.053490,-0.020369,-0.010845,0.076666,0.050453,-0.038681,0.109220,0.093431,-0.036989,-0.040077,-0.031597
-0.016147,0.038273,-0.017063,-0.008740,0.037243,-0.058762,0.000828,-0.009033,-0.000655,0.012524,-0.085401,0.086521,0.014369,0.063012,0.009175,0.004036
0.000378,0.006015,-0.005602,0.029204,-0.008424,0.080795,-0.024261,-0.017725,0.071912,-0.023520,0.010902,0.031195,0.036043,-0.028316,0.031929,0.036705
-0.000857,-0.044661,-0.053668,0.017191,0.005596,-0.015087,-0.030117,-0.013092,-0.000868,0.033011,0.073766,-0.003849,-0.039898,0.026411,0.024439,0.019190
-0.030664,0.128149,0.053577,-0.017917,-0.001987,0.043959,0.050942,-0.085751,0.056419,0.087986,-0.161245,0.152296,0.054209,-0.111817,0.011191,-0.002021
0.003906,0.004348,-0.023105,0.019099,0.012028,0.042257,-0.036021,0.001272,0.011608,-0.023852,0.019172,0.019257,-0.000952,-0.010298,0.016064,0.017708
-0.005873,-0.001855,-0.035184,0.012121,-0.008891,-0.028533,-0.011278,-0.023613,0.001465,0.046283,0.050969,0.030082,-0.058204,0.012725,0.035866,0.020475
0.001965,-0.048721,-0.066096,0.016592,-0.006755,0.043682,-0.053473,-0.002964,0.030739,0.050830,0.085496,0.024554,0.022781,-0.023045,-0.029485,-0.022448
0.022551,-0.008188,-0.000802,0.048370,0.028499,0.130134,-0.059762,0.004338,0.005828,-0.130010,0.035859,-0.061962,-0.006781,-0.048573,0.052426,0.064013
-0.005624,0.002307,-0.003262,0.025219,-0.009220,0.064424,-0.010846,-0.032514,0.081140,-0.002487,-0.002500,0.039018,0.039883,-0.018196,0.038985,0.041905
0.002935,-0.010736,-0.021539,0.024278,0.016860,0.085541,-0.032587,-0.037157,0.001322,0.021428,0.033045,-0.016762,-0.002423,-0.096390,0.003719,0.006219
0.010835,-0.003873,-0.033995,0.025111,-0.004456,0.052548,-0.051990,0.013792,0.012482,-0.034748,0.064958,0.014439,-0.016796,-0.010307,0.015905,0.016784
-0.040866,-0.002859,-0.008438,-0.010179,0.052615,-0.127335,0.069352,-0.119646,-0.014335,0.138554,-0.106332,0.031735,-0.039351,0.037101,0.060962,0.038083
0.000889,0.034554,0.003824,0.025223,-0.012949,0.092074,-0.026863,-0.004834,0.082111,-0.041176,-0.013715,0.063945,0.055726,-0.030437,0.021788,0.028153
-0.009831,-0.007706,-0.007246,0.017913,0.017357,0.012112,0.004004,-0.054240,0.024057,0.020280,-0.013620,0.005674,-0.011705,-0.006846,0.054158,0.048613
-0.003864,0.031429,-0.013691,0.015524,-0.010371,0.026720,-0.023716,0.009452,0.069893,-0.026500,-0.016019,0.087291,0.042375,0.031224,0.016536,0.018313
-0.010835,0.026125,-0.035235,-0.007049,-0.047672,-0.008208,-0.011673,-0.009653,0.045416,0.091854,0.050322,0.113749,-0.013106,-0.005509,-0.000534,-0.014327
0.015724,-0.051714,-0.042327,0.038743,-0.006498,0.136537,-0.078277,0.012305,0.083453,-0.063228,0.069197,0.008595,0.084428,-0.022986,-0.009078,0.016114
0.003277,-0.032023,-0.038726,0.030901,0.023737,0.002066,-0.032151,-0.005857,-0.003152,-0.019363,0.048781,-0.028768,-0.035788,0.023926,0.037667,0.035277
0.002525,0.000127,-0.057796,0.008408,-0.015242,-0.030017,-0.051267,0.061661,0.040915,-0.024122,0.050884,0.088447,0.012118,0.104462,-0.004757,-0.003879
0.009294,-0.020277,-0.035658,0.030575,0.027012,0.033532,-0.047780,0.007753,-0.007854,-0.047727,0.042037,-0.022434,-0.019506,0.005965,0.022365,0.025526
-0.010744,0.021753,0.016785,0.010219,0.044967,0.092738,-0.006180,-0.052434,0.054330,-0.016231,-0.114478,0.044848,0.101553,-0.055945,0.005674,0.021838
-0.008450,0.007495,-0.008770,0.000563,0.050562,0.004518,-0.005937,-0.049165,-0.028075,0.007356,-0.061899,0.015734,-0.004730,-0.012016,0.024922,0.023815
0.021820,-0.089721,-0.072131,0.063646,0.085542,0.090060,-0.091744,0.004633,-0.047797,-0.069936,0.075366,-0.136988,0.007283,-0.061259,-0.029560,-0.007194
0.008726,0.000805,-0.034681,0.010605,-0.008329,0.052568,-0.049375,0.010007,0.000264,-0.005558,0.062882,0.031207,-0.018657,-0.025475,0.004029,0.003790
-0.000565,-0.036112,-0.056392,0.012311,0.034805,-0.023491,-0.035533,-0.013795,-0.038826,0.025831,0.040088,-0.010179,-0.037909,0.015540,0.003110,0.000197
-0.001197,-0.028972,-0.029856,0.027588,-0.015277,0.059005,-0.024928,-0.032771,0.053059,0.033240,0.064308,0.007651,0.003497,-0.038889,0.025440,0.025229
-0.005930,-0.030513,-0.058883,0.008535,0.050154,-0.150603,-0.022724,0.038771,-0.021999,-0.061224,-0.013741,0.027654,-0.042199,0.223727,0.053656,0.047529
0.001101,-0.010257,-0.039397,0.016517,0.022480,0.009097,-0.036925,0.002659,-0.002414,-0.005546,0.021697,0.015787,-0.005620,0.011315,0.004306,0.005333
-0.002268,-0.050337,-0.002210,0.052801,0.012565,0.058991,-0.007036,-0.045259,0.092604,-0.053705,0.013318,-0.044378,0.026357,0.027267,0.092614,0.099289
0.010100,-0.038444,-0.073381,0.025401,-0.003815,0.006783,-0.062713,0.024008,-0.013249,0.015623,0.121838,-0.003222,-0.045466,0.004580,-0.010240,-0.013252
-0.013773,-0.001987,-0.011993,0.010413,-0.025282,0.023121,0.006147,-0.052903,0.072156,0.063094,0.013587,0.059984,0.011139,-0.013110,0.041301,0.034338
0.015278,-0.034342,-0.027322,0.044697,0.026924,0.106828,-0.056862,-0.016309,0.000201,-0.051901,0.060790,-0.062258,-0.006638,-0.071032,0.020378,0.029779
-0.000806,-0.020574,-0.005692,0.042895,0.034030,0.072122,-0.021104,-0.029056,0.059004,-0.050891,-0.021788,-0.023607,0.047706,-0.013093,0.040892,0.052093
-0.011779,0.031634,-0.047520,-0.025283,-0.008999,-0.024820,-0.017863,-0.021729,-0.035346,0.127311,0.022691,0.101486,-0.032563,-0.049970,-0.043249,-0.057609
0.020615,0.043879,0.038087,0.051832,-0.060771,0.255042,-0.042016,-0.031427,0.094407,-0.053786,0.086575,-0.004971,0.013372,-0.208368,0.052176,0.056122
0.034335,-0.052812,-0.109747,0.050912,0.039615,0.039524,-0.133380,0.106414,-0.062499,-0.092174,0.156948,-0.058618,-0.030286,0.011766,-0.069000,-0.054533
-0.005969,-0.015634,-0.075704,-0.007996,0.082472,-0.122188,-0.043457,0.040233,-0.074607,-0.015360,-0.045531,0.041152,-0.007621,0.137332,-0.033700,-0.031283
-0.005498,-0.003739,-0.035632,0.009610,-0.007019,0.006199,-0.020833,-0.016978,0.022866,0.044685,0.035610,0.045860,-0.009488,-0.004690,0.009669,0.004142
-0.000501,-0.066588,-0.059191,0.039587,0.001394,-0.022023,-0.034837,0.006543,0.059972,-0.014675,0.076961,-0.007732,-0.000461,0.093461,0.041096,0.043108
-0.005029,0.000229,-0.022534,0.018213,-0.030771,0.015779,-0.016572,-0.003022,0.081209,0.005448,0.036081,0.067286,0.014386,0.040600,0.039914,0.036553
-0.018663,0.074374,-0.012859,-0.031121,-0.026316,-0.054798,0.009482,-0.005770,0.017888,0.077424,-0.038031,0.160483,-0.013293,0.033681,0.005621,-0.012599
0.016933,-0.009833,-0.042349,0.017768,0.035594,0.030666,-0.067063,0.040893,-0.048388,-0.073119,0.047273,-0.015990,-0.034382,0.017694,0.006290,0.011176
-0.003949,0.028623,-0.019245,0.009220,-0.024754,0.035933,-0.019518,-0.006672,0.041348,0.035884,0.030737,0.071056,-0.000885,-0.031447,0.008854,0.002127
-0.006589,0.013275,-0.008242,0.012638,-0.004932,0.040694,-0.009596,-0.032901,0.044661,0.019115,-0.003706,0.048053,0.013012,-0.023700,0.028991,0.026455
0.021344,-0.101302,-0.058056,0.071284,0.022932,0.156904,-0.082890,-0.017617,0.036449,-0.038007,0.132944,-0.117703,0.028255,-0.102529,-0.003528,0.018523
-0.009627,-0.100046,-0.093432,0.027367,0.044071,-0.119901,-0.027021,-0.006431,-0.006740,0.037826,0.063465,-0.032248,-0.034900,0.140254,0.021410,0.018202
-0.002010,0.018755,-0.030122,0.005840,0.032464,-0.009597,-0.028107,0.004739,-0.025656,-0.002006,-0.013112,0.034271,-0.014946,0.009088,-0.000631,-0.003686
0.009508,0.029385,-0.027841,0.022808,-0.042573,0.043984,-0.050582,0.051779,0.067528,-0.050258,0.068664,0.081366,0.005761,0.034503,0.018481,0.017155
0.002283,-0.006261,-0.030156,0.020138,0.007248,-0.000346,-0.031451,0.010451,0.018787,-0.034214,0.028651,0.022954,-0.016126,0.050826,0.036937,0.034975
-0.014988,-0.010002,-0.041308,0.004474,0.000920,-0.022854,-0.003673,-0.042937,0.014918,0.099131,0.021546,0.046455,-0.013162,-0.016323,0.000615,-0.009198
-0.003878,0.039387,-0.040928,-0.009753,0.023674,-0.045068,-0.035526,0.038012,-0.019818,-0.005585,-0.028691,0.095907,0.003401,0.061328,-0.024205,-0.026811
0.013919,0.051932,-0.004804,0.032334,0.020931,0.162567,-0.063188,-0.000426,0.009907,-0.047499,-0.007489,0.021237,0.051673,-0.157704,-0.044021,-0.030877
0.003560,-0.016673,-0.004737,0.033797,0.008757,0.104688,-0.025842,-0.046879,0.039893,-0.016284,0.022385,-0.021088,0.014539,-0.073916,0.038894,0.044519
0.008341,-0.006064,-0.029374,0.023960,0.025723,0.032703,-0.037981,-0.014306,-0.045163,-0.012813,0.050627,-0.033461,-0.062892,-0.043397,0.025534,0.019489
0.010465,-0.020637,-0.013916,0.040125,0.014665,0.096121,-0.040186,-0.029957,0.015977,-0.044657,0.045009,-0.041098,-0.010769,-0.060371,0.040984,0.045533
0.004523,-0.012476,-0.015096,0.022872,0.104114,0.058535,-0.027694,-0.078395,-0.126806,0.001283,-0.035160,-0.107404,-0.059976,-0.139803,0.004673,0.004735
0.009764,0.011770,-0.004092,0.018717,0.036988,0.119007,-0.041598,-0.033277,-0.033308,-0.021630,0.000449,-0.026406,-0.004037,-0.125473,0.002183,0.008601
-0.007550,0.004235,0.018968,0.038426,0.001233,0.141286,0.001705,-0.098864,0.076784,0.034806,-0.017606,-0.006600,0.046919,-0.152396,0.034884,0.038790
0.000232,0.002372,-0.015566,0.014087,-0.022584,0.051477,-0.021359,-0.023775,0.038037,0.014851,0.046482,0.037023,-0.014258,-0.026625,0.037448,0.032618
-0.018998,0.072904,0.054831,-0.006032,0.048330,0.075471,0.032763,-0.100597,0.012846,0.012741,-0.167655,0.055622,0.047042,-0.101650,0.040419,0.040136
-0.022104,0.033165,-0.080619,-0.030620,0.006498,-0.187468,-0.008746,0.039778,-0.037892,0.110412,-0.001014,0.145592,-0.048350,0.136378,-0.040138,-0.062823
-0.016207,0.011020,-0.040309,-0.014630,0.053093,-0.088357,-0.002249,-0.022488,-0.058608,0.060771,-0.051143,0.048046,-0.032693,0.042896,-0.004673,-0.015193
-0.000217,0.000277,-0.020655,0.018363,0.006030,0.044667,-0.026931,-0.018212,0.024511,-0.000778,0.015920,0.024304,0.005268,-0.022110,0.018850,0.019462
-0.002737,-0.007453,-0.035152,0.015714,0.005879,0.016196,-0.027746,-0.011167,0.020436,0.019570,0.026155,0.031328,0.001209,-0.002718,0.007322,0.006211
0.042031,0.011763,-0.044721,0.038690,0.006828,0.138872,-0.124451,0.098121,-0.032747,-0.158364,0.115502,-0.016801,-0.016873,-0.041914,-0.023224,-0.007554
-0.004362,0.018292,-0.014427,0.008101,0.001294,0.022058,-0.015615,-0.015807,0.021492,0.010958,-0.000247,0.048708,-0.002992,-0.007610,0.023528,0.019353
-0.001280,0.002741,-0.014282,0.016739,0.016577,0.055558,-0.022796,-0.033531,0.012335,0.005526,-0.000737,0.014456,0.006087,-0.047690,0.016865,0.018067
0.015733,-0.021680,-0.071934,0.014770,0.055961,0.047648,-0.081575,0.016581,-0.103451,0.013105,0.069544,-0.039683,-0.039687,-0.090697,-0.067179,-0.061759
0.004398,-0.005962,-0.001980,0.028943,0.042685,0.088702,-0.028662,-0.040509,0.000728,-0.043009,-0.020640,-0.031435,0.012902,-0.063725,0.030507,0.038452
0.000386,0.016546,-0.028673,0.006560,0.031554,0.003513,-0.028428,-0.013628,-0.048393,0.010976,0.004454,0.014024,-0.042127,-0.028525,0.003803,-0.002938
0.007449,0.043227,-0.001878,0.006420,0.059818,0.068142,-0.041421,0.000534,-0.052254,-0.060951,-0.059758,0.011236,0.006849,-0.058032,-0.006951,0.000100
0.002739,0.001967,-0.038304,0.016416,-0.006582,0.047602,-0.042827,0.000939,0.021647,0.017540,0.048146,0.041166,0.006253,-0.034883,-0.011747,-0.010972
-0.008605,0.011940,0.009759,0.018302,0.040514,0.019388,0.006519,-0.055654,0.007170,-0.018470,-0.060640,-0.001614,-0.006209,-0.009301,0.061074,0.057823
-0.002342,-0.029914,-0.074026,-0.001644,0.017195,0.038047,-0.055229,-0.015064,-0.019744,0.100049,0.050781,0.040935,0.027388,-0.077903,-0.081348,-0.074363
0.008758,-0.026419,-0.045313,0.016187,0.063727,0.029548,-0.054839,-0.001305,-0.065194,-0.026973,0.013172,-0.037928,-0.018351,-0.024040,-0.012542,-0.005169
-0.009247,-0.010684,-0.042081,0.006219,0.005862,-0.004842,-0.019783,-0.017574,0.022777,0.056729,0.016166,0.050162,0.011071,0.003158,-0.006409,-0.008371
0.004438,-0.047327,-0.054405,0.019526,0.010381,-0.004711,-0.042063,-0.002253,-0.005480,-0.000249,0.074672,-0.009398,-0.036131,0.037906,0.025851,0.024441
0.032232,0.002961,0.005712,0.055317,-0.019441,0.129323,-0.077144,0.072861,0.085285,-0.231820,0.064934,-0.005886,0.018196,0.074180,0.093778,0.109695
-0.026587,0.029062,0.007590,0.007167,-0.045381,0.059670,0.024663,-0.068578,0.156097,0.096078,-0.047821,0.133951,0.104200,-0.042534,0.014672,0.014866
-0.008443,-0.007438,-0.042780,0.003451,-0.060758,-0.006125,-0.014632,-0.008028,0.071634,0.082683,0.090454,0.091288,-0.016264,0.023341,0.022516,0.010320
0.001027,0.000158,-0.023084,0.018603,-0.000613,0.048295,-0.029576,-0.016325,0.023948,0.004342,0.030094,0.024931,-0.001122,-0.028915,0.017239,0.016707
-0.002300,-0.007058,-0.030592,0.007360,0.036144,-0.023753,-0.022581,-0.009508,-0.026254,-0.011060,-0.006425,0.011748,-0.028374,0.039941,0.027766,0.024391
0.005426,0.008506,0.001585,0.025753,0.061446,0.094675,-0.035089,-0.028425,-0.010375,-0.065624,-0.056154,-0.023463,0.034519,-0.064380,0.012872,0.025976
0.014216,0.007320,-0.029019,0.018728,-0.004043,0.076281,-0.060124,0.025814,0.007032,-0.046281,0.058229,0.024208,-0.005532,-0.025853,0.004452,0.008962
0.004592,-0.017992,0.010062,0.069593,0.013479,0.135287,-0.026471,-0.032918,0.116866,-0.090257,-0.004909,-0.036395,0.075820,-0.044043,0.058284,0.074349
0.007386,-0.014123,-0.052478,0.005112,0.042459,-0.013591,-0.050707,0.013999,-0.073019,-0.010194,0.036541,-0.007071,-0.052768,0.012591,-0.004823,-0.006972
0.014362,-0.015926,-0.014925,0.034141,0.001848,0.115360,-0.048196,-0.020922,0.009513,-0.037739,0.068262,-0.034160,-0.018912,-0.081181,0.033562,0.037679
0.009997,-0.026463,-0.057559,0.027158,-0.014161,0.084886,-0.071090,0.024337,0.051751,-0.001814,0.084351,0.036209,0.047023,-0.032855,-0.037021,-0.024261
0.000905,-0.040723,-0.011194,0.051927,0.013398,0.124405,-0.022946,-0.074595,0.057799,0.010110,0.035948,-0.054957,0.028008,-0.114703,0.031980,0.039822
-0.023631,0.075902,-0.011383,-0.021609,0.031733,-0.049743,0.013541,-0.032210,-0.017875,0.083550,-0.105822,0.119686,0.013159,-0.018563,-0.027947,-0.039797
-0.006698,-0.009023,-0.007496,0.019395,0.022485,0.043201,-0.011390,-0.037654,0.048128,-0.012034,-0.033503,0.021176,0.039856,-0.000205,0.034539,0.040657
0.015037,-0.021570,-0.025903,0.044108,0.030246,0.051216,-0.053657,0.017874,0.005244,-0.102238,0.041140,-0.042530,-0.016157,0.023216,0.045035,0.051550
-0.017073,0.052565,0.010122,-0.006974,0.023671,0.036126,0.011755,-0.065090,0.009449,0.060448,-0.087512,0.073142,0.027244,-0.078783,0.001890,-0.002644
-0.017052,0.045256,0.051209,0.026293,0.040195,0.049752,0.037616,-0.093200,0.051399,-0.029288,-0.129209,0.011580,0.026306,-0.040552,0.089875,0.086057
0.000716,0.012374,-0.019306,0.022915,-0.007805,0.031707,-0.027074,0.001678,0.042969,-0.019454,0.024777,0.040531,0.001439,0.008001,0.028965,0.026839
-0.002542,-0.020977,-0.025327,0.016572,0.075191,0.037563,-0.028246,-0.041425,-0.036829,-0.004526,-0.047191,-0.030886,0.019377,-0.044366,-0.005667,0.003876
-0.006216,0.050155,-0.013499,-0.022024,0.045909,-0.006501,-0.010590,-0.034215,-0.099036,0.056477,-0.043735,0.037070,-0.060044,-0.072473,-0.010626,-0.023371
0.007851,-0.004032,-0.031146,0.016717,0.031374,0.042085,-0.042423,-0.016651,-0.050490,-0.006167,0.035621,-0.021195,-0.045288,-0.055383,0.007573,0.005260
0.000165,-0.045832,-0.050065,0.035834,-0.021928,0.031712,-0.034280,-0.012591,0.063094,0.030329,0.097102,0.005544,-0.001659,0.000365,0.021447,0.020630
0.011855,-0.055274,-0.075882,0.028735,0.054975,0.036270,-0.075964,0.014759,-0.049145,-0.006555,0.065736,-0.047730,-0.002911,-0.031371,-0.045851,-0.033934
0.003757,-0.007847,-0.038549,0.019103,-0.000264,0.055051,-0.043360,-0.006091,0.013767,0.018517,0.053093,0.021330,0.001064,-0.046463,-0.008814,-0.007230
-0.013875,-0.068805,-0.091245,0.026520,0.018850,-0.107278,-0.019758,-0.011109,0.007525,0.090160,0.076674,0.000299,-0.035970,0.082338,-0.002642,-0.012805
