-0.002195,0.037587,0.003641,-0.018254,0.014656,0.018098,0.008777,-0.009208,-0.004199,0.016888,0.002773,0.009934,0.044789,0.027610,-0.007408,0.012346
0.005885,-0.029259,0.024188,-0.098684,-0.074852,0.051861,-0.039648,-0.035431,-0.128169,-0.011774,-0.014765,-0.037343,0.140117,-0.037676,0.024591,0.034811
-0.001103,0.042460,0.010387,-0.019664,0.007303,0.028444,0.008207,-0.008063,-0.005908,0.007073,0.001628,0.009144,0.047853,0.014183,-0.005550,0.012681
-0.003494,0.019247,-0.018691,-0.016171,0.013952,0.020285,-0.004144,-0.013671,0.001269,0.021483,-0.002142,0.003322,0.066229,0.038239,-0.006914,0.018205
-0.002549,-0.035562,0.009134,-0.039221,0.080885,0.004508,0.047050,-0.044763,-0.065117,0.064224,0.015340,0.022459,0.004444,0.069806,-0.004439,0.020986
-0.005233,0.069972,-0.026595,0.003080,0.026873,-0.066825,-0.021145,0.008585,0.054610,0.056792,0.015768,0.067758,0.051627,0.110987,-0.031653,-0.018781
-0.001377,0.044298,0.009981,-0.019621,0.005683,0.027800,0.008263,-0.008325,-0.004796,0.008562,0.001657,0.010112,0.048233,0.014671,-0.006251,0.012670
-0.003253,0.108275,0.046965,-0.010987,-0.009970,0.040071,0.045450,0.005368,0.010977,-0.003847,0.004420,0.001105,0.001780,-0.021920,-0.009522,0.011094
-0.001219,0.041522,0.003058,-0.020936,0.015509,0.011799,-0.002340,-0.004725,0.000607,0.013831,-0.000876,0.007373,0.056391,0.029458,-0.006845,0.007976
0.002669,0.052205,0.028777,-0.044218,-0.065679,0.082171,-0.014357,-0.013728,-0.029841,-0.029613,-0.008449,0.002190,0.103839,-0.052472,0.005720,0.024939
0.012787,0.050909,0.089540,-0.008177,-0.002692,0.224529,0.055560,-0.034566,-0.034277,-0.109053,-0.013686,0.019774,0.028668,-0.163412,0.010160,0.025739
-0.000852,0.296473,0.138398,-0.037998,-0.210578,0.090019,0.028370,0.062395,0.038447,-0.096834,-0.005796,-0.030294,0.049958,-0.177301,0.001596,0.011463
-0.003137,0.034875,-0.007002,-0.004579,0.008789,0.023667,0.010664,-0.003177,0.003364,0.003185,0.002084,-0.004689,0.039418,0.023996,-0.005767,0.016576
-0.000324,0.018301,-0.005132,-0.049306,0.035650,-0.031989,-0.028607,-0.010267,-0.018276,0.043576,-0.008158,0.001279,0.088730,0.068271,-0.005067,0.000185
-0.000009,0.035737,0.001022,0.055072,-0.235143,0.263973,0.040729,-0.078881,-0.016475,-0.071226,0.069215,0.240563,0.058396,-0.139670,-0.034724,0.056453
-0.003671,0.123611,0.051904,-0.002933,-0.081372,0.048649,0.046985,-0.024990,0.005836,0.032603,0.047633,0.154159,-0.002803,-0.013352,-0.038637,0.000514
0.002779,0.053002,0.045484,-0.039974,0.053319,0.058052,0.019613,0.007457,-0.018252,-0.028803,-0.029864,-0.086875,0.039627,-0.039994,0.017378,0.018461
-0.006071,0.041113,0.021981,-0.001310,0.070497,0.122216,0.078673,0.002008,0.000617,-0.039047,-0.036600,-0.153314,-0.019580,-0.073903,0.023242,0.057280
0.002266,-0.119832,-0.100631,-0.018469,-0.063913,-0.022315,-0.098128,-0.052918,-0.060554,0.054197,0.050587,0.168224,0.156354,0.129047,-0.020530,0.009932
-0.000264,0.036792,0.014370,-0.021966,-0.010482,0.026827,0.008358,-0.011259,-0.019688,0.005830,0.010942,0.028232,0.046872,0.014477,-0.006121,0.012403
-0.000987,0.076061,0.020290,0.005257,-0.011976,0.073021,0.023534,-0.008210,0.022681,-0.013128,0.007156,0.041272,0.029836,-0.023220,-0.014317,0.012033
-0.006626,0.033798,-0.011731,0.024947,-0.089179,0.096733,0.041123,-0.034645,-0.003165,0.004672,0.046917,0.112099,0.017296,-0.012111,-0.022861,0.038589
0.000676,0.057918,0.027808,-0.036740,0.014030,0.016309,0.001684,0.007317,-0.014062,-0.007245,-0.013271,-0.040544,0.054326,-0.000822,0.005215,0.009691
0.000308,0.022730,0.012733,-0.044167,0.041294,0.072553,-0.001179,0.026141,-0.018845,-0.064742,-0.057088,-0.199981,0.082842,-0.055935,0.043459,0.047327
-0.003360,0.144659,0.065773,0.017355,0.028332,0.108323,0.081937,0.025577,0.051701,-0.058061,-0.020107,-0.076416,-0.036786,-0.090266,0.002268,0.023401
-0.001449,0.166781,0.094756,0.009642,0.025609,0.042149,0.090439,0.010996,0.036970,0.001749,0.024158,0.063331,-0.075731,-0.031925,-0.026296,-0.012352
0.000638,0.005224,-0.010356,-0.041321,0.082087,-0.004915,-0.022874,-0.000440,-0.006375,0.011979,-0.034100,-0.074823,0.087774,0.046808,0.009224,0.008921
-0.007390,0.106598,0.036522,-0.010071,0.010579,-0.010474,0.053762,0.000634,0.015714,0.051041,0.024132,0.043616,-0.026529,0.033995,-0.022925,0.003612
-0.009216,0.079959,-0.034853,0.012314,-0.023648,-0.012640,-0.008867,0.010970,0.060716,0.027205,0.006807,0.021423,0.060656,0.060139,-0.021912,0.010057
-0.014270,-0.015134,-0.094274,-0.021669,-0.117328,-0.043683,-0.053535,-0.026111,-0.013694,0.091038,0.039726,0.081333,0.122617,0.113061,-0.021814,0.038633
0.005020,0.026350,0.036613,-0.007217,-0.020559,0.090497,0.030326,-0.035254,-0.039755,-0.022730,0.020764,0.082799,0.024917,-0.032359,-0.012392,0.009298
0.002222,0.066459,0.031767,-0.019537,0.071732,-0.070418,0.008566,0.001551,0.008063,0.046967,0.019950,0.078147,0.012326,0.098640,-0.026032,-0.035481
0.010700,-0.003445,0.037994,-0.035082,-0.035628,0.244101,-0.004165,-0.024983,-0.043675,-0.125672,-0.042493,-0.078246,0.125541,-0.176688,0.039751,0.062542
0.000939,0.030563,0.014390,-0.013083,0.024925,0.046855,0.016128,-0.013544,-0.008934,-0.004466,0.000770,0.013568,0.039215,0.005825,-0.004782,0.011708
-0.004306,-0.011056,0.008261,-0.023123,0.121325,0.017672,0.054606,0.003046,-0.030625,0.017773,-0.012519,-0.110502,-0.024085,0.029301,0.019973,0.035536
-0.002736,0.029170,-0.006534,-0.011041,0.017093,0.037277,0.007519,-0.005799,0.004103,0.003393,-0.003079,-0.012278,0.050411,0.016371,-0.001823,0.021550
0.003119,0.115762,0.035964,-0.031565,-0.072111,0.056015,-0.030354,0.010252,0.021651,-0.042148,-0.017133,0.007587,0.116026,-0.046901,-0.004650,0.001999
-0.000786,-0.023292,-0.006252,-0.042259,0.008715,-0.001055,-0.002113,-0.030792,-0.059029,0.041472,0.015909,0.033734,0.060200,0.056987,-0.003255,0.017769
0.004868,-0.023303,-0.017201,-0.056085,-0.035917,0.046772,-0.065343,-0.002475,-0.045289,-0.036346,-0.020461,-0.051451,0.157804,-0.007104,0.024922,0.031177
-0.001772,0.047042,0.010842,-0.019594,0.007768,0.022292,0.010224,-0.007324,-0.004060,0.012366,0.002819,0.010786,0.043697,0.018390,-0.007153,0.011609
0.002152,0.095253,0.062380,-0.030626,-0.013432,0.050948,0.026914,-0.001904,-0.010475,-0.011647,0.004546,0.024130,0.028438,-0.034524,-0.005460,0.004906
0.001915,0.061578,0.048598,-0.010800,-0.043946,0.045020,0.038136,-0.032409,-0.028197,0.019138,0.049932,0.153395,0.006411,0.006476,-0.027654,-0.001425
-0.005708,0.077710,-0.038060,0.010651,-0.036287,-0.008432,-0.033354,0.006109,0.062664,0.016079,0.002528,0.045422,0.093344,0.057638,-0.025971,-0.000839
0.002189,0.071971,0.033431,-0.027933,0.078060,0.038703,0.006483,0.028328,0.024345,-0.040673,-0.043180,-0.116252,0.054992,-0.020534,0.018368,0.011104
-0.004382,0.149543,0.027253,0.036408,0.081360,0.043086,0.048007,0.030212,0.114083,-0.023042,-0.023514,-0.031820,-0.006905,-0.001923,-0.018940,-0.006802
-0.010332,-0.008879,-0.040756,-0.062448,0.163867,-0.142613,-0.012312,0.013852,-0.005936,0.113217,-0.032624,-0.132657,0.046439,0.169061,0.006785,0.006125
0.006771,0.039129,0.051617,-0.041959,-0.043046,0.069288,0.004264,-0.024827,-0.053756,-0.022216,0.012927,0.061542,0.066649,-0.035394,-0.002113,0.008433
-0.007664,0.044592,-0.016588,0.009056,-0.046778,0.034457,0.022734,-0.011000,0.011561,0.019406,0.029438,0.054129,0.030324,0.028425,-0.016093,0.028293
-0.000458,-0.052110,-0.033051,-0.056489,0.071131,0.023428,-0.031688,-0.010132,-0.047816,0.005037,-0.045218,-0.135005,0.107404,0.024348,0.028178,0.037501
0.002110,0.135921,0.050839,0.041592,-0.038821,0.102634,0.043483,0.009478,0.062975,-0.056197,0.026181,0.098963,-0.005216,-0.057682,-0.025173,-0.003086
-0.016981,0.091920,-0.035482,0.050582,0.074017,-0.000493,0.063977,0.039160,0.099391,0.022037,-0.003376,-0.088165,-0.047239,0.053653,-0.009195,0.032278
0.008315,-0.009458,-0.004374,-0.028225,0.001646,0.069610,-0.046119,-0.017551,-0.024989,-0.038591,-0.015312,0.011648,0.120823,-0.013797,0.005285,0.008357
0.002359,0.025905,0.070015,-0.082653,0.016872,-0.032065,0.033350,-0.033862,-0.101229,0.064367,0.024841,0.054931,0.015878,0.044884,-0.005754,-0.001385
0.001507,0.049251,0.029752,-0.014458,-0.073541,0.201988,0.020793,-0.012344,-0.012383,-0.090987,-0.021877,-0.057167,0.082458,-0.147780,0.023101,0.063294
-0.002932,0.066003,0.003409,-0.006324,-0.002680,-0.007133,0.004622,0.001323,0.016016,0.018661,0.011661,0.036203,0.038656,0.043063,-0.017162,-0.000215
0.019804,0.098008,0.104859,-0.004643,-0.105703,0.259883,0.007433,-0.016485,-0.016899,-0.177868,-0.013708,0.057252,0.096644,-0.222229,0.010576,0.013984
0.009616,-0.061018,0.043125,-0.113874,0.124551,0.006857,-0.011145,-0.030752,-0.119558,0.006308,-0.054635,-0.131413,0.103616,0.019989,0.037048,0.014692
0.001268,0.038333,0.005792,-0.013976,0.054545,0.019522,0.000350,-0.004697,0.011808,-0.002201,-0.015287,-0.010616,0.057003,0.028849,-0.006000,-0.000069
-0.001762,0.155046,0.064796,-0.032146,0.009240,-0.002631,0.021867,0.024492,0.034190,0.005854,-0.013380,-0.019399,0.026223,-0.009765,-0.010794,-0.009933
-0.009092,-0.009364,-0.034726,0.002252,0.050486,-0.038302,0.032690,-0.027317,-0.007778,0.088225,0.038784,0.074022,-0.008122,0.119043,-0.025310,0.013028
0.001276,-0.114727,-0.060143,-0.083115,0.032544,-0.019281,-0.069987,-0.069899,-0.096339,0.083887,-0.011292,0.027360,0.163407,0.104227,-0.000951,0.018950
-0.000014,-0.029106,-0.041787,-0.024854,-0.059283,0.029617,-0.044564,-0.027311,-0.036891,0.002115,0.009875,0.041002,0.125622,0.037896,-0.003096,0.024466
-0.013789,0.121523,0.029968,-0.048114,0.014744,-0.041083,0.048146,0.008683,0.010313,0.072729,-0.013879,-0.073287,0.009469,0.039568,-0.008025,0.020821
0.001578,-0.121059,-0.064221,-0.053794,0.176689,-0.068666,-0.042669,-0.029967,-0.048605,0.063361,-0.032366,-0.070680,0.107185,0.158615,0.011704,0.005704
-0.008844,0.020563,-0.008278,-0.064039,0.100460,-0.118651,0.004841,0.014051,-0.031513,0.090942,-0.017680,-0.108768,0.024053,0.120821,0.006048,0.007782
0.005446,0.037766,0.087652,-0.003118,0.011292,0.224140,0.104101,-0.023611,-0.055169,-0.098152,-0.007250,-0.054977,-0.041013,-0.171462,0.024958,0.056388
-0.000950,0.031448,0.005618,-0.025050,0.004999,0.032201,0.001979,-0.010038,-0.012545,0.005842,-0.001919,-0.001056,0.059528,0.012163,-0.001806,0.017014
-0.001598,-0.031179,-0.007539,-0.015062,0.027535,0.050210,0.029001,-0.043843,-0.047795,0.035039,0.023071,0.055658,0.020661,0.032372,-0.008631,0.026382
-0.003130,0.018634,-0.042223,0.026960,-0.014368,0.089093,-0.007748,-0.006573,0.040148,-0.030950,-0.002193,0.006966,0.073703,-0.005298,-0.005706,0.031457
-0.007560,0.042364,-0.030052,-0.009727,0.008472,-0.033152,-0.008884,0.003717,0.021808,0.047060,0.008831,0.010047,0.051440,0.077125,-0.014233,0.010765
-0.001346,-0.035970,-0.044785,-0.003716,-0.011143,0.041053,-0.019017,-0.026918,-0.017684,0.008628,0.016112,0.046293,0.083639,0.046141,-0.005674,0.026726
0.002836,0.057857,0.012777,-0.035278,0.000843,-0.020466,-0.031601,-0.019052,0.005784,0.037778,0.008826,0.098873,0.096848,0.064068,-0.025804,-0.021483
0.009174,-0.004739,0.050260,-0.096717,0.044708,0.037489,-0.026618,-0.010953,-0.083699,-0.013900,-0.033758,-0.077942,0.109344,-0.024479,0.030743,0.016772
0.003154,0.006305,0.013185,-0.032544,0.052851,0.020627,0.000109,-0.014337,-0.026973,0.006013,-0.005942,-0.001595,0.056084,0.028290,0.001178,0.006179
0.000668,0.057075,0.025815,-0.028638,-0.019952,0.063747,0.003477,0.003803,-0.010616,-0.029055,-0.010067,-0.033115,0.064412,-0.036778,0.008827,0.024280
-0.000192,0.064220,0.023668,-0.028544,0.049309,0.011821,0.005801,0.014490,0.011687,-0.003884,-0.018627,-0.051969,0.047894,0.012230,0.004834,0.007553
-0.004149,0.104926,0.080079,-0.008812,-0.013725,0.053094,0.100800,-0.017567,-0.026170,0.023114,0.040233,0.071205,-0.072287,-0.026853,-0.019276,0.014313
-0.002340,0.059491,0.011480,-0.002352,-0.010005,0.052479,0.020916,-0.006610,0.009328,-0.004894,0.006380,0.019741,0.032947,-0.005688,-0.009462,0.016733
0.006942,0.146891,0.070270,0.006885,-0.057065,0.119365,0.013353,0.007687,0.043863,-0.078979,-0.002938,0.059611,0.053001,-0.097559,-0.014592,-0.006726
-0.006343,0.027283,-0.035580,0.001096,0.027039,0.014233,-0.003629,0.004362,0.030963,0.013629,-0.007331,-0.031491,0.058103,0.045361,-0.003631,0.023440
0.000761,0.095978,0.070522,-0.023372,-0.111360,0.190457,0.048760,-0.012714,-0.030967,-0.076834,-0.001852,-0.017789,0.040064,-0.165402,0.014209,0.055741
-0.003591,0.175229,0.044900,0.025774,0.014938,-0.012362,0.039217,0.009106,0.087184,0.032654,0.021995,0.118195,-0.019998,0.036681,-0.050539,-0.036834
0.007543,0.183548,0.164396,0.059677,-0.051508,0.184418,0.168309,-0.031947,0.001346,-0.061842,0.082543,0.243215,-0.168719,-0.143680,-0.048313,-0.015831
0.001883,0.099464,0.057208,-0.024495,-0.019121,0.030254,0.023669,0.002028,-0.004732,-0.012708,0.007318,0.031221,0.030192,-0.015925,-0.009496,-0.001983
0.010734,-0.022305,0.016736,-0.033625,0.052989,0.098810,-0.019323,-0.023340,-0.035736,-0.057031,-0.031324,-0.030492,0.105078,-0.033600,0.016058,0.013500
-0.007876,0.050425,-0.003834,-0.018542,0.010425,-0.026111,0.021219,-0.015688,-0.000571,0.072324,0.022282,0.051581,0.016972,0.070895,-0.022753,0.008523
-0.000403,0.090165,0.040586,-0.011870,0.045594,0.040433,0.031798,0.016138,0.025168,-0.019209,-0.013815,-0.041083,0.016743,-0.015176,0.001054,0.008357
-0.000202,0.050251,0.069495,-0.133817,-0.127436,-0.030932,-0.017538,-0.051834,-0.132990,0.099240,0.037215,0.115188,0.106650,0.021930,-0.010464,0.011954
0.004913,-0.099898,-0.087841,-0.026026,0.016354,0.095276,-0.094265,-0.017130,-0.020003,-0.062270,-0.055118,-0.108777,0.205275,-0.002828,0.031527,0.046162
-0.005084,-0.109721,-0.167394,0.036312,0.076682,0.087124,-0.089597,0.000541,0.067034,-0.063918,-0.081299,-0.189618,0.194797,0.043288,0.026052,0.058320
-0.004891,-0.001487,-0.020737,-0.009932,0.028590,-0.018311,0.014951,-0.027610,-0.013509,0.063384,0.030266,0.076154,0.026818,0.092273,-0.020853,0.009271
-0.005363,-0.072920,-0.055228,-0.047602,0.207197,-0.221572,-0.012595,-0.027498,-0.037599,0.169533,0.012304,0.032797,0.020619,0.287020,-0.028249,-0.038867
-0.002655,0.058825,0.024296,-0.035987,0.093892,-0.052160,0.019694,0.003438,0.001703,0.057853,-0.004376,-0.013239,0.010446,0.075244,-0.010313,-0.009595
-0.000891,0.037329,0.008320,-0.019380,0.015626,0.025392,0.007154,-0.005861,-0.006769,0.005507,-0.000259,-0.000011,0.046375,0.016714,-0.003553,0.012698
0.002211,0.103581,0.048131,-0.014878,0.003113,0.083460,0.017399,0.017459,0.024084,-0.055933,-0.025244,-0.054132,0.048622,-0.066131,0.007046,0.013990
-0.001887,0.039939,-0.001907,-0.009508,0.003544,0.028242,0.003828,-0.006683,0.004558,0.005288,0.003006,0.013956,0.050388,0.020229,-0.008156,0.012836
-0.009969,-0.004708,-0.061977,-0.013917,0.046970,-0.085419,-0.015710,-0.022713,0.007701,0.107726,0.017514,0.053358,0.052622,0.154102,-0.029367,0.000425
-0.000614,0.067996,0.018114,-0.003500,0.008717,0.041870,0.017157,-0.004469,0.019487,-0.005446,0.002621,0.027142,0.038322,0.004998,-0.012174,0.005914
-0.003808,0.018593,-0.054912,-0.011729,-0.040009,0.027164,-0.054521,-0.006090,0.021412,0.001687,-0.014812,-0.008297,0.133161,0.029649,-0.005946,0.021800
-0.000662,0.118809,0.085494,-0.015534,0.060473,0.067761,0.082290,0.022369,0.011571,-0.034956,-0.014146,-0.076870,-0.039866,-0.058693,0.010163,0.017469
-0.003039,0.062053,0.033258,-0.048836,0.067464,-0.082085,0.020771,-0.000915,-0.022448,0.074525,0.007805,0.010231,0.006746,0.091448,-0.014558,-0.014938
-0.001337,0.033086,-0.033919,0.004811,-0.072972,0.079314,-0.036433,-0.012999,0.021367,-0.020366,0.005297,0.050197,0.109354,-0.014180,-0.011306,0.023982
-0.012423,0.009949,-0.063036,0.014777,-0.012208,0.015735,0.008995,-0.005016,0.021767,0.030301,0.006973,-0.024624,0.042885,0.054723,-0.007952,0.041487
0.002079,0.037820,0.021118,-0.033630,0.017239,0.038463,-0.001848,-0.009310,-0.016982,-0.002672,-0.008974,-0.005141,0.063846,-0.001945,0.000515,0.010185
-0.002073,0.063531,0.027513,0.025210,-0.104968,0.187302,0.058456,-0.032364,-0.003350,-0.054481,0.029144,0.078349,0.014933,-0.111312,-0.010106,0.049944
-0.001823,0.071544,0.025674,-0.012199,0.025510,0.092987,0.029581,0.008616,0.016969,-0.039748,-0.030759,-0.089228,0.036974,-0.059452,0.012040,0.032072
-0.007224,0.116371,0.045315,-0.000509,0.016818,0.032699,0.070176,0.000279,0.032427,0.030035,0.018890,0.034182,-0.030545,0.004772,-0.019101,0.013030
-0.008671,0.206297,0.103355,-0.085581,-0.066337,0.002397,0.040693,0.017503,-0.015459,0.057699,-0.009871,-0.045079,0.006078,-0.069079,-0.006242,0.013927
-0.001507,0.027000,0.012458,-0.045090,-0.027115,0.020036,-0.001678,-0.013097,-0.042752,0.015906,0.004023,-0.002295,0.066530,0.009640,0.002230,0.022607
-0.001590,0.088627,0.027237,-0.007670,-0.031108,0.117644,0.022063,0.003722,0.020801,-0.052774,-0.023338,-0.054130,0.056553,-0.083318,0.006659,0.034493
-0.000529,0.052375,0.015440,-0.010995,-0.000669,0.031690,0.013601,-0.012148,-0.000757,0.007641,0.010208,0.043023,0.038101,0.014037,-0.013506,0.006011
-0.001548,-0.042481,-0.070627,-0.003161,0.020817,-0.011683,-0.051511,-0.005748,0.001565,0.012711,0.001164,0.003136,0.104127,0.086273,-0.002494,0.014998
-0.005540,-0.028013,-0.016108,-0.037297,0.028257,0.010325,0.019076,-0.024638,-0.054795,0.044166,0.005731,-0.029243,0.036094,0.046703,0.006006,0.037335
-0.001027,0.053645,0.082144,-0.127597,0.119005,-0.170866,0.022791,0.000241,-0.098989,0.132126,-0.000055,-0.041101,-0.004401,0.127699,0.000726,-0.026352
0.003620,0.101401,0.113663,-0.021426,0.009215,0.064873,0.097790,-0.010267,-0.047825,-0.013142,0.032854,0.056803,-0.072277,-0.053959,-0.007907,0.002924
-0.016822,-0.003290,-0.034447,-0.004311,0.008974,-0.013536,0.067751,-0.033323,-0.026227,0.101575,0.042095,0.033519,-0.031623,0.091464,-0.017926,0.046494
-0.003338,-0.141517,-0.054922,-0.177420,0.265923,-0.293933,-0.085247,-0.006539,-0.137676,0.183697,-0.074411,-0.242268,0.136739,0.286232,0.036160,-0.012558
-0.001246,0.043616,-0.019738,0.073326,-0.059265,0.209108,0.037684,-0.018514,0.063156,-0.091937,0.014141,0.061655,0.036933,-0.093767,-0.011188,0.047090
0.002077,-0.082083,-0.063268,-0.085169,0.090208,-0.055212,-0.096672,-0.020677,-0.046607,0.053782,-0.048536,-0.085361,0.185563,0.111328,0.016996,0.010567
0.002940,0.123922,0.046638,0.047692,-0.052537,0.232066,0.050160,0.024690,0.070212,-0.161346,-0.029442,-0.072777,0.036299,-0.181007,0.016175,0.046395
-0.008509,0.025344,-0.007629,-0.052582,0.064060,-0.094818,0.009839,-0.007049,-0.028885,0.097371,0.000341,-0.029277,0.027124,0.116763,-0.009630,0.004127
-0.008509,-0.095885,-0.056528,-0.043085,-0.003746,-0.065376,0.001192,-0.071200,-0.100991,0.147056,0.066466,0.144682,0.030785,0.155645,-0.026860,0.023142
-0.017891,-0.005717,-0.064135,-0.000900,-0.051928,-0.078170,0.026883,-0.032553,-0.031112,0.128854,0.065560,0.102440,-0.006757,0.143199,-0.035267,0.028407
0.000087,0.085201,0.012265,0.019660,0.056971,0.085575,0.019761,0.020840,0.068698,-0.059013,-0.033686,-0.067916,0.041773,-0.035425,0.002474,0.013463
0.004517,0.045185,0.033546,-0.018699,0.009543,0.015801,0.008767,-0.021065,-0.021333,0.011850,0.020302,0.091704,0.033522,0.025825,-0.020135,-0.013693
0.007696,0.120417,0.031217,0.036612,-0.062374,0.120133,-0.013395,0.023145,0.071510,-0.109508,-0.000160,0.056735,0.075768,-0.079723,-0.011304,-0.004733
-0.008914,-0.161555,-0.114016,-0.083311,0.051908,-0.070328,-0.070963,-0.031845,-0.101068,0.094360,-0.019871,-0.120377,0.148287,0.144292,0.029613,0.059382
0.002011,0.091826,0.079396,-0.050759,0.028764,-0.044647,0.039962,-0.029063,-0.042394,0.080334,0.035144,0.131551,-0.016625,0.054933,-0.034884,-0.032587
0.001994,0.041778,0.032838,-0.032109,0.041467,0.082400,0.017872,0.014805,-0.008940,-0.056920,-0.036885,-0.122212,0.058170,-0.052869,0.028271,0.034277
-0.001343,0.046405,0.012123,-0.022436,0.011192,0.020957,0.007842,-0.005339,-0.005083,0.010013,0.000086,0.002897,0.046976,0.017465,-0.005011,0.011426
-0.001919,0.039888,0.011696,-0.021801,-0.008438,0.022308,0.012087,-0.002805,-0.018413,0.003141,0.006247,-0.003813,0.039915,0.011344,-0.000958,0.018229
0.000796,0.052695,0.052645,-0.095679,-0.033027,-0.007038,-0.009117,-0.001188,-0.079449,0.011311,-0.019361,-0.074027,0.089192,-0.011760,0.019038,0.019963
-0.009137,0.082915,0.001344,-0.001432,-0.035600,-0.017527,0.029343,-0.005119,0.017400,0.050241,0.031859,0.066600,0.011729,0.056794,-0.026704,0.009582
-0.001699,0.068730,0.054093,-0.007232,0.082819,0.046547,0.076383,-0.007995,-0.001865,0.016423,0.006583,0.001030,-0.049938,-0.005552,-0.007974,0.009563
-0.001503,0.058013,-0.017438,-0.023225,-0.015286,0.014717,-0.044189,0.019605,0.029086,-0.015652,-0.022723,-0.047748,0.113779,0.012246,0.004073,0.013997
-0.007127,0.002526,-0.010969,-0.008902,-0.002484,-0.052089,0.036205,-0.043080,-0.041316,0.105487,0.066454,0.157570,-0.018281,0.120129,-0.038717,0.000464
0.004296,-0.056057,-0.096957,-0.090994,-0.059051,-0.177494,-0.196763,-0.014745,-0.046687,0.098451,0.006050,0.102661,0.264489,0.200657,-0.020522,-0.037567
-0.001255,0.035318,0.009574,-0.020568,-0.000474,0.034850,0.010032,-0.010914,-0.014184,0.006980,0.004881,0.011380,0.045720,0.009123,-0.004181,0.017001
0.000817,-0.009517,-0.014081,0.016146,0.013345,0.079969,0.021753,-0.034234,-0.010595,-0.014890,0.011961,0.053491,0.036224,0.009131,-0.012579,0.018284
-0.013658,0.109902,0.002230,-0.025245,0.072714,-0.097135,0.028223,0.037956,0.042841,0.078135,-0.010883,-0.088665,-0.011135,0.091642,-0.008573,0.004703
-0.002848,0.064809,0.005957,0.002860,-0.020789,0.055202,0.017304,-0.005833,0.018486,-0.009737,0.005125,0.022272,0.041705,-0.005720,-0.011441,0.016811
-0.004789,0.036241,0.011818,-0.031821,0.001429,-0.011421,0.022872,-0.015664,-0.030640,0.049718,0.019108,0.029069,0.021581,0.047231,-0.010907,0.014039
-0.005715,0.242827,0.085058,0.025321,-0.066250,0.067407,0.067670,0.035590,0.099023,-0.030417,0.015339,0.053656,-0.026063,-0.070586,-0.029820,-0.003840
-0.008472,0.025073,-0.046894,0.026060,-0.032518,-0.003034,0.005946,-0.001325,0.023943,0.023563,0.033112,0.053477,0.030086,0.069638,-0.019717,0.020240
0.006337,0.072250,0.072648,0.005320,0.030154,0.157314,0.061299,-0.000252,0.005779,-0.076348,-0.000133,-0.000930,-0.009444,-0.106183,0.009596,0.024922
0.001982,0.082914,0.039558,-0.016803,-0.145374,0.167352,0.009909,-0.035029,-0.021617,-0.057404,0.005699,0.066805,0.093002,-0.122110,-0.008053,0.035808
0.004667,0.097274,0.014013,-0.103009,0.091280,-0.081933,-0.107973,0.057602,0.037982,-0.007541,-0.100746,-0.206504,0.200537,0.041681,0.028296,-0.020151
-0.014719,0.059464,-0.044018,0.036975,-0.083501,-0.038267,0.031704,-0.024236,0.031200,0.091627,0.079592,0.187667,-0.008094,0.115619,-0.053796,0.009564
-0.007025,0.031922,-0.035648,-0.022930,0.016510,-0.070425,-0.021418,-0.004262,0.009982,0.063371,0.002538,0.012408,0.072914,0.111838,-0.018640,-0.000797
-0.012963,0.042199,-0.083773,0.030201,-0.089458,0.018311,-0.032970,0.018925,0.064187,0.003877,0.016514,0.004034,0.093191,0.047312,-0.010209,0.042302
0.001973,0.057977,0.031079,-0.031209,0.016042,0.038296,0.005125,-0.001705,-0.006970,-0.012390,-0.012081,-0.015703,0.058974,-0.008551,0.001136,0.008183
-0.001936,-0.012705,-0.008374,-0.047586,0.046261,-0.069586,-0.007146,-0.024756,-0.052579,0.079184,0.017199,0.041657,0.044352,0.110805,-0.013502,-0.003895
0.012725,0.052046,0.070002,-0.073977,0.084300,0.027638,-0.025464,0.001192,-0.031292,-0.027380,-0.042914,-0.048985,0.094291,-0.022310,0.013895,-0.017684
0.003116,0.000948,0.003446,-0.026560,0.046944,-0.009744,-0.004897,-0.033752,-0.026241,0.037385,0.010493,0.076836,0.059376,0.073409,-0.019501,-0.011972
-0.003414,-0.040567,-0.062868,-0.078033,0.057551,-0.137224,-0.088231,-0.015876,-0.035319,0.114559,-0.009786,0.001624,0.144819,0.175441,-0.009158,-0.009833
-0.005516,0.099017,0.028854,-0.013386,0.020917,0.054528,0.037560,0.017561,0.028820,-0.013069,-0.021295,-0.079672,0.018701,-0.033383,0.005209,0.027287
0.002031,0.084957,0.054894,-0.027512,0.062744,0.039877,0.029538,0.020048,0.010737,-0.026333,-0.021500,-0.066106,0.020835,-0.024115,0.010261,0.007990
-0.000977,-0.010356,-0.032912,-0.038143,0.098846,-0.181863,-0.036952,-0.050594,-0.020249,0.166339,0.038727,0.194068,0.054228,0.245430,-0.061356,-0.064418
-0.020060,0.091833,-0.035608,0.020274,-0.038251,-0.092225,0.044184,-0.000963,0.039025,0.129039,0.066077,0.113286,-0.046126,0.132665,-0.048485,0.008941
-0.008910,0.123818,-0.029571,0.026813,-0.095957,0.028094,-0.017244,-0.000631,0.084830,0.017293,0.016901,0.097667,0.081929,0.023847,-0.040062,0.004290
0.002804,0.006865,0.000031,-0.028526,0.011339,0.062516,-0.015962,-0.015172,-0.018563,-0.016892,-0.013495,-0.012369,0.089486,-0.007765,0.005761,0.020155
-0.006328,0.028475,-0.016460,-0.031838,0.010200,-0.034600,-0.004311,-0.007446,-0.011504,0.053809,0.004579,-0.001510,0.055702,0.072210,-0.009152,0.013137
0.006894,-0.023283,0.028662,-0.053443,0.038065,0.083123,0.003753,-0.049148,-0.074506,0.001768,-0.012925,0.012806,0.070069,-0.025068,0.004346,0.016324
-0.000178,0.058244,-0.005540,-0.012707,-0.005533,0.032905,-0.023314,0.003911,0.025361,-0.013165,-0.013945,-0.005946,0.088774,0.006691,-0.005667,0.007517
-0.000145,0.055222,0.015299,-0.003253,-0.005206,0.076270,0.015641,-0.007842,0.009776,-0.018094,0.001348,0.017225,0.041454,-0.025918,-0.005768,0.018295
0.018125,-0.039382,0.083697,-0.100577,0.059128,0.178765,-0.006596,-0.008884,-0.120488,-0.132118,-0.078236,-0.210462,0.122293,-0.163200,0.073456,0.050826
-0.001411,0.044873,0.009636,-0.017847,0.007141,0.027797,0.008895,-0.007010,-0.003064,0.007545,0.002046,0.009428,0.045898,0.014637,-0.006192,0.012565
0.004845,0.140540,0.113619,-0.023688,0.118115,-0.096112,0.075017,-0.001576,0.000835,0.069290,0.035671,0.132167,-0.085208,0.093216,-0.044761,-0.069795
0.022821,0.175111,0.203507,-0.131215,-0.112790,0.123959,-0.012385,-0.012351,-0.097246,-0.081466,-0.016821,0.062052,0.116939,-0.189791,0.011908,-0.022950
-0.000212,0.055414,0.017564,-0.032012,-0.028746,0.031384,-0.005999,-0.010399,-0.012089,0.007909,0.004259,0.029400,0.071136,0.002332,-0.007099,0.011315
-0.001420,0.003149,0.034142,-0.077735,0.044190,0.023598,0.022987,-0.017989,-0.076992,0.028945,-0.019728,-0.087005,0.046722,-0.001075,0.021287,0.035123
-0.001721,0.102048,0.023237,0.069801,-0.016543,0.171387,0.070887,0.009340,0.076362,-0.092720,0.007778,0.016401,-0.020148,-0.095098,-0.008840,0.032228
0.004732,0.016217,-0.004952,0.000558,-0.046304,0.104885,-0.020630,-0.018297,-0.002295,-0.049592,0.005151,0.052260,0.096308,-0.034996,-0.003265,0.019887
-0.001568,0.127504,0.084161,-0.020315,0.109410,0.039127,0.082443,0.034381,0.030329,-0.031148,-0.034483,-0.129221,-0.036120,-0.035235,0.014498,0.011506
-0.017365,0.021719,-0.049526,0.012473,-0.121800,0.051254,0.033135,-0.012598,-0.009215,0.049701,0.058540,0.052888,0.008773,0.016180,-0.009933,0.071385
-0.002875,0.052325,0.003839,-0.006178,0.008335,0.003929,0.014657,-0.011864,0.008856,0.026654,0.014298,0.051674,0.033207,0.046097,-0.019706,0.001866
0.000416,0.105996,0.016197,-0.026916,-0.077200,0.039828,-0.036686,0.004571,0.027622,-0.015845,-0.006807,0.035337,0.117031,-0.020260,-0.012286,0.002821
-0.003695,0.013831,-0.012871,-0.010847,0.005661,0.028423,0.012075,-0.024127,-0.010411,0.027824,0.011647,0.035685,0.045081,0.037371,-0.012111,0.019209
0.000987,0.051342,0.011365,-0.015920,0.035175,0.044217,-0.000809,-0.000005,0.018529,-0.013117,-0.016499,-0.017504,0.064811,0.002023,-0.001336,0.008876
-0.020493,-0.078246,-0.162383,-0.015707,0.058104,-0.197492,-0.063429,-0.050997,0.020728,0.220582,0.033907,0.115433,0.108618,0.314772,-0.054101,-0.001929
0.003528,0.081048,0.071826,-0.045943,0.062543,0.015518,0.033640,-0.003412,-0.017611,0.013103,-0.005672,0.002530,0.013419,0.000141,-0.003481,-0.007134
-0.001779,0.050240,0.033810,-0.043769,0.070297,-0.010473,0.028271,-0.006733,-0.019638,0.037757,-0.010632,-0.031065,0.019882,0.036079,-0.002255,0.004617
-0.003414,0.107164,0.032676,0.024745,0.036585,0.006644,0.054561,0.003013,0.045674,0.024333,0.029325,0.083826,-0.041755,0.035059,-0.032616,-0.013222
0.003297,0.073259,0.074584,0.030273,0.009751,0.206674,0.104522,-0.038192,0.003985,-0.055382,0.021526,0.082232,-0.051164,-0.121561,-0.012378,0.030540
-0.000694,0.056410,0.029981,0.008776,0.022175,0.067077,0.050656,-0.012848,0.007256,-0.005959,0.018141,0.047579,-0.008545,-0.007797,-0.012818,0.012824
-0.002215,0.076394,0.047083,-0.028412,0.044742,-0.008442,0.044822,0.000440,-0.012238,0.029002,0.006554,-0.000455,-0.009749,0.026831,-0.008393,0.001055
0.002866,0.019211,0.020637,-0.049930,0.035286,0.019053,-0.009348,-0.009123,-0.033742,0.005210,-0.014545,-0.027039,0.074003,0.013390,0.007269,0.010291
-0.001986,0.039630,-0.018694,-0.028306,-0.010016,-0.056138,-0.034891,-0.030104,0.003903,0.075702,0.020217,0.124153,0.094062,0.110281,-0.037604,-0.021094
-0.001307,0.047959,0.011503,-0.011006,0.006165,0.034208,0.014681,-0.007005,0.000285,0.003386,0.005412,0.017438,0.036758,0.010475,-0.007963,0.012047
-0.004700,0.047107,-0.014907,-0.049628,0.060562,-0.054286,-0.030456,0.011790,0.013338,0.046479,-0.033158,-0.078168,0.090867,0.073422,0.000876,0.003635
-0.001480,0.078863,0.053149,-0.010222,-0.050014,0.079915,0.057394,-0.022455,-0.023232,-0.001498,0.030961,0.075657,-0.004506,-0.039165,-0.014601,0.020095
-0.005067,0.000418,-0.039656,-0.026742,0.023425,-0.065487,-0.026443,-0.020585,-0.007974,0.080130,0.016952,0.060950,0.073136,0.123817,-0.022494,-0.002255
0.005567,0.064928,0.071917,-0.073430,0.060422,0.018313,0.008796,0.008310,-0.041658,-0.010053,-0.031723,-0.081372,0.051644,-0.024919,0.018347,0.003416
0.000922,0.065150,0.019726,0.021363,-0.053184,0.135629,0.028344,-0.024067,0.023566,-0.038382,0.021531,0.095470,0.040536,-0.057630,-0.017220,0.022826
-0.001029,0.032778,-0.004340,-0.000314,-0.012311,0.075001,0.008376,-0.017140,0.006345,-0.016540,-0.000803,0.018366,0.060945,-0.010220,-0.007013,0.022158
0.004318,0.005623,-0.005989,-0.034806,-0.005498,0.048314,-0.041015,0.003901,-0.020581,-0.040301,-0.021953,-0.051144,0.115673,-0.011721,0.016800,0.020683
-0.001914,0.043548,-0.019943,-0.012037,0.041879,-0.053229,-0.020047,-0.015563,0.026500,0.050581,-0.000092,0.061344,0.075806,0.108484,-0.030629,-0.022384
-0.013249,0.114709,0.017290,0.047647,0.031826,-0.039517,0.101064,-0.017406,0.054826,0.103661,0.073169,0.176696,-0.112707,0.104485,-0.061784,-0.013588
0.000943,0.076880,0.029070,0.011482,0.016438,0.100182,0.031594,0.008536,0.035546,-0.051940,-0.007844,-0.015510,0.026481,-0.049651,0.001100,0.019953
0.004805,0.000819,0.034348,-0.045642,0.033031,0.051651,0.014296,-0.024040,-0.056421,-0.008084,-0.005304,-0.006694,0.054569,-0.005148,0.008577,0.016232
0.002698,0.032633,0.038277,-0.045470,0.039776,-0.012405,0.013199,-0.013246,-0.042458,0.025928,0.006157,0.021432,0.033237,0.039103,-0.005009,-0.004264
-0.019106,-0.006441,-0.127524,0.024831,-0.054857,0.012434,-0.036296,0.017020,0.057634,0.024651,-0.004652,-0.085199,0.102287,0.066288,0.003671,0.068734
0.002873,-0.030890,-0.023985,-0.005515,0.092140,0.031629,-0.005952,-0.027676,-0.002358,0.009073,-0.009330,0.017342,0.064048,0.057803,-0.007009,0.004078
0.001009,0.019171,0.023616,-0.023575,0.046780,0.059372,0.029821,-0.022544,-0.024147,0.002284,-0.004751,-0.002803,0.030004,-0.002759,-0.000204,0.017847
-0.000156,0.080138,-0.011501,0.050183,-0.048001,0.130696,0.005903,-0.001295,0.069886,-0.069286,0.000381,0.046888,0.058590,-0.056781,-0.017339,0.017561
-0.007926,0.094339,-0.005052,0.020588,-0.069012,0.030304,0.022458,-0.011225,0.039761,0.030237,0.038446,0.112699,0.021573,0.024329,-0.035094,0.010492
-0.006513,0.080527,0.001617,-0.003907,-0.036382,-0.021650,0.014224,-0.013751,0.013877,0.056652,0.033482,0.101688,0.023303,0.060930,-0.034541,-0.003338
0.001937,0.053635,0.021542,-0.000803,0.017213,0.037783,0.015953,0.000132,0.004011,-0.017928,0.005872,0.022044,0.024174,0.001428,-0.008226,0.001772
-0.003391,0.086252,0.015861,0.009345,0.009588,0.020940,0.027996,0.001239,0.035404,0.013150,0.016086,0.051166,0.009228,0.023328,-0.021484,0.000871
-0.003387,0.046723,-0.038983,-0.042791,0.054505,-0.147972,-0.066048,-0.008412,0.023296,0.101935,-0.011181,0.049875,0.114858,0.174798,-0.037082,-0.044076
0.000133,-0.028527,-0.019578,-0.066332,0.096289,-0.064396,-0.039532,0.004712,-0.038461,0.043852,-0.025824,-0.086993,0.092096,0.094035,0.016626,0.008204
0.002080,0.000055,0.010997,-0.026250,0.064005,0.036142,0.011169,-0.007967,-0.023905,-0.004322,-0.008223,-0.030686,0.042093,0.016366,0.008824,0.017208
-0.006893,0.019309,-0.010028,0.005330,0.154105,0.035318,0.050789,0.030304,0.038911,-0.005711,-0.031774,-0.160654,-0.020407,0.020671,0.023685,0.039987
0.001726,0.003655,0.009785,-0.045772,0.038343,-0.001283,-0.006706,-0.021266,-0.040196,0.029626,-0.002000,0.011121,0.065429,0.045079,-0.002545,0.005035
0.001003,-0.070650,-0.009699,-0.073752,-0.057564,0.053196,-0.020326,-0.063995,-0.116605,0.041724,0.020303,0.057476,0.111822,0.016647,0.005731,0.042445
-0.005669,0.102469,0.045182,0.036372,0.059729,0.026031,0.099496,0.020846,0.036934,-0.010085,0.022923,-0.002928,-0.091907,0.010018,-0.012964,0.008382
0.009227,-0.118237,-0.050883,-0.072386,-0.012124,0.018867,-0.099854,-0.062359,-0.093064,0.034068,0.005888,0.089856,0.193903,0.071606,0.001570,0.011598
-0.013393,0.030113,-0.079916,0.008481,0.084447,-0.089205,-0.019463,0.021647,0.075511,0.065691,-0.017356,-0.064300,0.063936,0.150417,-0.013832,0.008391
-0.000764,0.030418,0.039686,-0.025466,0.060895,0.022284,0.051325,0.004352,-0.028539,0.000650,0.006877,-0.038274,-0.011140,0.013919,0.010874,0.021791
-0.000708,0.064203,0.005176,-0.016114,0.004686,0.014732,-0.012344,0.016807,0.025922,-0.014551,-0.008223,-0.020169,0.074581,0.019041,0.000537,0.009385
-0.004457,0.144359,0.040310,-0.017849,-0.036772,-0.059701,0.014617,0.014541,0.030017,0.036674,0.020348,0.067278,0.026515,0.058008,-0.031352,-0.022722
-0.001409,0.063276,-0.001396,0.013125,-0.035697,0.044720,0.005205,-0.013004,0.026449,-0.001570,0.021086,0.088156,0.049310,0.015686,-0.024462,0.003881
-0.001165,0.136413,0.057640,0.031619,-0.054808,0.086862,0.063812,0.000776,0.044088,-0.033019,0.037226,0.108219,-0.020101,-0.042641,-0.027278,0.003838
-0.004481,0.007411,-0.025341,-0.020543,0.007353,-0.029081,-0.009075,-0.017918,-0.013441,0.055688,0.019756,0.051126,0.055931,0.085571,-0.016305,0.008144
0.012200,0.083250,0.088056,-0.020988,-0.064795,0.196008,0.018785,0.008488,-0.019068,-0.140844,-0.015913,-0.029906,0.073880,-0.170469,0.027626,0.033212
