1.446166,0.026440,-0.003590,0.017244,-0.024415,0.018495,-0.002818,-0.004750,-0.031669,0.009461,0.003596,-0.006466,-0.020191,0.093179,-0.038526,0.010635
1.798541,0.093185,0.098327,-0.030189,0.056132,-0.164648,-0.272308,-0.287559,-0.034515,0.234408,-0.127559,0.180393,-0.063703,0.192761,-0.020877,0.220477
1.582604,0.040217,0.011366,0.018264,-0.049179,0.009781,-0.051273,0.074094,0.009256,0.116044,-0.033160,0.017607,-0.035192,0.148736,-0.085780,-0.033652
1.353189,0.010621,0.007966,-0.012692,-0.049973,0.015241,-0.039926,0.059064,0.000531,0.090041,0.003698,0.008343,-0.022557,0.112542,-0.017017,0.019549
1.017754,-0.005296,-0.019500,0.013747,-0.003168,-0.000142,-0.006424,0.098986,-0.030085,-0.008126,-0.011450,-0.002862,0.054165,0.055820,-0.031678,0.048682
1.483591,0.024120,0.013745,-0.018793,-0.016963,0.005723,0.005159,-0.103246,-0.068514,-0.024428,0.031253,-0.004026,-0.065068,0.050941,0.041836,0.067255
1.562206,0.022292,0.005218,-0.019388,-0.075864,0.071614,-0.052710,0.259209,0.052032,0.201490,-0.037580,0.012885,-0.039904,0.094867,-0.097014,-0.057531
1.235259,0.006509,-0.018858,0.026695,0.017689,-0.014058,-0.015224,-0.009242,-0.030151,-0.039575,-0.019849,0.002199,0.030229,0.093336,-0.024139,0.045013
1.722982,0.065779,0.012714,0.010549,-0.066999,0.081995,-0.000475,0.132008,-0.022800,0.125207,-0.010106,-0.002660,-0.061320,0.047550,-0.128374,-0.045179
0.995585,-0.009144,-0.022868,0.015731,-0.012167,0.008122,0.014108,0.092699,-0.034534,-0.030837,0.006706,-0.017990,0.049348,0.057011,-0.019985,0.037725
0.985178,-0.030589,-0.020404,-0.003838,-0.003982,-0.021711,0.002764,0.002399,-0.031129,-0.062082,0.020751,-0.015223,0.031564,0.086022,0.055736,0.065020
1.117847,-0.026885,-0.036193,0.013082,0.018005,0.001959,-0.000796,0.018933,-0.003269,-0.070492,-0.002087,-0.018136,0.038460,0.100652,0.024557,0.038293
1.466246,0.039797,-0.003056,0.037284,0.010932,-0.024016,-0.012298,-0.057751,-0.061735,-0.025259,-0.029768,0.013334,-0.002484,0.082430,-0.061474,0.032879
0.965404,-0.007858,-0.001563,0.002161,0.017076,-0.050614,-0.033830,-0.053285,-0.048402,-0.044411,0.004002,0.011940,0.038807,0.094160,0.043782,0.112720
1.147706,0.015788,-0.000309,0.001604,-0.061824,0.024206,0.051086,0.075950,-0.083281,-0.003926,0.043179,-0.027288,-0.003872,0.007281,-0.029522,0.023611
1.713222,-0.064684,-0.089872,-0.009529,0.144077,0.085172,-0.100948,-0.069825,0.164687,-0.073157,-0.078275,0.007345,0.025441,0.182360,0.073906,0.053834
1.169047,-0.016013,-0.028234,0.001130,-0.026885,0.027804,0.034094,0.079333,-0.033702,-0.031671,0.018958,-0.027099,0.018483,0.037893,-0.006614,0.016020
1.796606,0.091502,0.000228,0.037179,-0.112140,0.120191,-0.014555,0.437935,-0.004256,0.305038,-0.089526,0.028985,0.004121,-0.027139,-0.348431,-0.131684
1.373564,0.023691,-0.020088,0.015502,-0.001305,0.058490,0.017527,0.071044,-0.036287,-0.007236,-0.005409,-0.013456,0.008332,0.017442,-0.064374,0.025528
1.183148,-0.046328,-0.051924,-0.010330,0.000250,0.050635,0.025864,0.094477,0.013383,-0.054809,0.010210,-0.034246,0.028219,0.050773,0.028733,0.014082
1.492606,0.079789,0.009811,0.038941,0.009504,0.039501,-0.022060,0.001891,-0.071400,0.045575,-0.027766,0.022929,0.009366,0.018661,-0.137598,0.064937
1.286734,-0.009488,-0.043219,0.016342,-0.061746,0.111614,0.054569,0.263679,0.031020,0.024729,0.015568,-0.060157,0.007902,0.064329,-0.072384,-0.090137
1.317790,-0.087414,-0.066035,-0.040992,-0.024116,0.119051,-0.067889,0.310340,0.204746,0.111458,-0.028715,-0.030877,0.011422,0.205060,0.041100,-0.080819
1.142785,0.018624,-0.006787,0.027420,-0.011144,-0.016450,-0.006524,0.050359,-0.053224,-0.001591,-0.014462,0.004338,0.036211,0.066473,-0.057190,0.039740
1.578742,-0.012805,-0.042287,-0.002395,0.023613,0.077727,-0.006053,-0.002857,0.037733,-0.034622,-0.004011,-0.022092,-0.018576,0.093183,0.012483,0.010121
1.244096,-0.031458,-0.043318,-0.014871,0.006206,0.049341,0.030333,0.016344,-0.023988,-0.062841,0.022536,-0.024920,0.021648,0.010360,0.026486,0.055613
2.857138,0.128217,-0.038897,0.033720,0.009233,0.284001,0.091053,0.062553,-0.021082,0.040202,-0.033318,-0.041550,-0.150470,-0.114786,-0.247026,-0.117556
1.772834,0.014367,-0.045182,0.035896,0.124235,0.061201,-0.038766,-0.231375,0.045680,-0.155622,-0.025156,-0.015471,-0.027300,0.169725,0.049253,0.063530
1.532265,0.034262,0.003480,0.019192,0.074772,-0.042096,-0.118702,-0.129513,0.003288,0.025480,-0.077561,0.063027,0.009457,0.148588,-0.026671,0.108027
1.163853,-0.023688,-0.031640,0.010452,-0.017986,0.010831,-0.001402,0.082061,0.005947,-0.012206,-0.002272,-0.016942,0.031182,0.105337,-0.007372,0.002834
1.078358,0.070402,0.021865,0.066944,0.015680,-0.009573,-0.112429,0.100991,0.015418,0.109913,-0.062933,0.039985,0.067968,0.191591,-0.137867,0.054067
1.438695,-0.013488,-0.029243,0.000285,0.025289,0.075577,-0.076021,0.046298,0.109905,0.035564,-0.018144,-0.009200,-0.004989,0.203314,0.021980,0.011124
2.470270,0.086466,0.003351,-0.020519,-0.082245,0.175626,0.062076,0.056196,-0.042428,0.118767,0.012726,-0.022997,-0.171433,-0.055885,-0.136867,-0.093281
1.295505,0.124550,0.056237,0.023426,-0.033653,-0.016742,-0.058893,0.161314,-0.160037,0.216762,-0.078634,0.093404,0.048877,-0.119695,-0.267738,0.121064
0.929286,-0.035828,-0.035943,0.013055,0.041713,0.001002,0.005850,-0.075301,-0.009313,-0.144943,0.035815,-0.035300,0.046249,0.123989,0.093785,0.088884
1.000550,-0.018479,-0.023971,0.010708,-0.016695,0.001658,0.011758,0.083897,-0.024783,-0.033342,0.010319,-0.020248,0.042308,0.075877,0.000123,0.030636
1.276390,0.051985,0.001752,0.018888,-0.059465,0.059957,0.022129,0.204461,-0.071669,0.099422,-0.009560,0.000836,0.023684,-0.036114,-0.158518,0.006696
1.059888,-0.028060,-0.038477,0.008112,0.011120,0.021728,0.014830,0.049461,-0.011023,-0.070061,0.010263,-0.026144,0.044422,0.068745,0.020072,0.043335
2.163330,0.017591,-0.063335,0.027902,0.069795,0.141215,-0.123901,0.148589,0.181943,0.143541,-0.137286,0.033345,-0.001990,0.178711,-0.154393,-0.072679
1.002584,0.010026,-0.004075,0.023700,-0.017199,-0.023829,-0.014005,0.067505,-0.045735,0.004618,-0.006496,0.002953,0.047819,0.082885,-0.040701,0.048793
1.934600,-0.073214,-0.121725,0.005884,0.143474,0.072959,-0.088198,0.134732,0.172167,-0.020903,-0.174851,0.029646,0.054982,0.108258,-0.051395,-0.042721
1.638489,0.052439,-0.027450,0.052723,0.076264,0.034843,-0.043166,-0.021975,-0.017210,-0.014496,-0.080039,0.028158,0.031649,0.056454,-0.125886,0.048570
0.979819,0.015181,0.002910,0.016803,-0.016594,-0.044110,-0.016911,0.049107,-0.078624,0.016166,-0.012185,0.020063,0.056242,0.039575,-0.052258,0.080430
1.184112,-0.061412,-0.067403,-0.026749,0.038834,0.086421,0.040844,0.018102,0.013205,-0.121865,0.034510,-0.047338,0.029428,0.010860,0.083630,0.066684
1.168612,0.013557,0.059025,-0.031823,-0.074341,-0.058441,-0.166597,0.062111,0.069728,0.230295,-0.016071,0.055640,-0.037468,0.284680,0.033357,0.046062
1.195034,0.029854,-0.010301,-0.000804,-0.038978,0.082320,0.046287,0.155930,-0.076711,0.033543,0.022058,-0.018109,0.022175,-0.070284,-0.092018,0.045558
1.052875,-0.074031,-0.053155,-0.009927,0.139576,-0.021697,-0.107769,-0.143329,0.102620,-0.142062,-0.035724,0.007228,0.055672,0.227107,0.176393,0.140997
1.776997,0.030923,-0.003696,-0.009860,-0.030971,0.075720,-0.042957,0.080327,0.032123,0.117542,-0.026955,0.010565,-0.056287,0.091881,-0.068591,-0.020576
1.223493,-0.071525,-0.062226,-0.044306,0.072928,0.034676,-0.024439,-0.023051,0.025400,-0.081976,-0.014212,0.001291,0.043689,0.018845,0.095474,0.117730
1.425430,-0.086042,-0.052809,-0.099454,0.009378,0.098627,-0.037413,0.001211,0.067000,0.033517,0.030687,-0.000643,-0.008473,0.012999,0.124267,0.107595
0.895871,-0.009560,-0.019947,0.008595,0.027989,-0.023243,-0.020278,0.035940,-0.056049,-0.032502,-0.015487,0.015427,0.084813,0.021013,-0.017281,0.117757
1.773829,-0.016132,-0.075214,-0.014256,0.020229,0.170857,0.044773,0.133000,0.036017,-0.010684,-0.014238,-0.035616,-0.006034,-0.047344,-0.065946,-0.020822
1.443792,-0.018842,-0.033970,-0.073008,-0.061240,0.138377,0.149815,0.164490,-0.108214,-0.051387,0.074048,-0.065147,-0.064395,-0.216941,0.021358,0.019991
2.134825,0.056077,-0.034812,0.020868,-0.032578,0.165240,0.114584,-0.010774,-0.050337,-0.059526,0.038575,-0.067877,-0.109854,-0.027273,-0.088525,-0.083730
1.484027,-0.106065,-0.036355,-0.129055,-0.044292,0.032510,-0.042452,0.085236,0.062296,0.095356,0.006658,0.015160,-0.052239,0.023131,0.146884,0.048569
1.502087,0.045456,0.001419,0.002548,0.011190,0.041166,-0.030719,-0.019316,-0.051121,0.046637,-0.017518,0.025668,-0.001227,0.008667,-0.073643,0.086990
1.009066,-0.103407,-0.026223,-0.049128,-0.002884,-0.073332,-0.115512,-0.008489,0.116714,0.023991,-0.011720,0.015710,0.016056,0.282261,0.178407,0.046910
2.169314,0.044442,-0.001904,-0.013582,0.015840,0.066598,-0.033023,-0.127520,0.008339,0.024639,-0.023820,0.010168,-0.122438,0.094014,-0.007874,0.002287
1.270295,0.025040,-0.017771,0.050300,0.018083,0.007461,-0.016785,-0.034899,-0.018681,-0.042296,-0.009366,-0.007437,0.033132,0.133402,-0.049455,0.032964
0.973654,-0.023897,-0.009645,-0.014485,-0.029723,-0.028584,-0.003279,0.054837,-0.047984,-0.001709,0.013749,0.000497,0.034110,0.050038,0.022790,0.066977
1.316973,0.022404,-0.003436,0.046785,0.051634,-0.050648,-0.121924,-0.052891,0.043763,0.031531,-0.073662,0.044083,0.039730,0.239047,-0.038888,0.053747
3.143374,0.177423,0.107428,-0.036515,-0.185430,0.085854,-0.124507,0.113507,0.013660,0.508311,-0.087532,0.095270,-0.289185,0.118600,-0.268753,-0.171459
1.362527,-0.014134,-0.058587,0.003058,-0.026881,0.131968,0.085452,0.180921,-0.012260,-0.038297,0.026632,-0.060224,0.014898,-0.036471,-0.058439,-0.032622
1.345033,0.079047,0.010738,0.019830,0.023099,0.038755,-0.015745,0.039170,-0.115884,0.054892,-0.035463,0.040855,0.040983,-0.091934,-0.154225,0.127852
1.606245,0.110790,0.008307,-0.015655,-0.139449,0.237981,0.145546,0.391244,-0.165290,0.190481,0.050842,-0.034348,-0.028019,-0.328942,-0.297602,-0.017449
1.118294,-0.017611,-0.034310,0.016255,0.008576,0.016756,0.014494,0.045398,-0.015204,-0.065926,0.004080,-0.024407,0.036655,0.077697,0.004829,0.030547
1.144705,-0.034184,-0.027981,0.001164,-0.030000,-0.001844,0.000967,0.069275,0.009778,-0.018677,0.009388,-0.022458,0.015234,0.126443,0.027374,-0.004737
1.091192,-0.000690,-0.034155,0.032072,0.063077,0.006436,-0.006445,-0.049575,-0.034637,-0.107400,-0.010138,-0.007134,0.064409,0.065150,-0.002582,0.097148
1.191404,-0.027352,-0.019490,-0.033284,-0.032576,0.057377,-0.032994,0.141045,0.037396,0.077070,0.007732,-0.004932,0.012048,0.076034,0.010107,0.034186
1.052013,0.043270,0.033869,0.031627,-0.078097,-0.014207,-0.053656,0.155601,0.001562,0.123086,-0.000886,0.002037,0.002333,0.196086,-0.069944,-0.017912
1.071728,-0.015436,-0.027842,0.010567,-0.008131,0.001723,0.002208,0.088801,-0.027247,-0.014437,-0.008516,-0.006110,0.051958,0.052710,-0.027225,0.037477
1.375322,-0.045596,-0.115740,-0.030633,0.157380,0.168366,0.093511,0.000333,-0.069897,-0.217572,-0.013452,-0.027507,0.096367,-0.280967,-0.007076,0.183221
1.676644,-0.045248,-0.048559,-0.040646,-0.008431,0.092026,-0.027556,0.121386,0.095551,0.050912,-0.022689,-0.015247,-0.040912,0.101986,0.028087,-0.037531
1.212221,-0.015733,-0.048575,0.014139,0.016449,0.062536,0.031399,0.082877,-0.011386,-0.063076,0.001400,-0.030680,0.042626,0.025952,-0.025503,0.025833
0.912993,-0.014616,-0.006165,-0.004450,-0.021124,-0.019544,-0.003315,0.044518,-0.046055,-0.018292,0.022304,-0.007134,0.037656,0.066362,0.025513,0.075014
1.452390,0.018638,-0.031723,0.018616,0.057939,0.059319,0.008631,-0.123152,-0.040130,-0.097418,0.010428,-0.012676,0.011969,0.031750,-0.006785,0.094711
1.794904,0.043568,-0.003945,0.006181,-0.031513,0.069668,-0.024607,0.072509,0.006860,0.098444,-0.029161,0.007540,-0.051973,0.075508,-0.096397,-0.029820
1.517348,0.028678,-0.040494,0.021590,0.026207,0.097791,0.024128,0.130184,-0.027448,-0.002581,-0.038460,-0.008770,0.025957,-0.041886,-0.120701,0.015906
1.044214,-0.084652,-0.039060,-0.046811,0.010537,-0.005229,-0.046310,-0.009947,0.059296,-0.035489,0.018846,-0.009597,0.021864,0.148633,0.145432,0.074465
0.992623,-0.004956,-0.005080,0.001789,0.001336,-0.032821,-0.011320,-0.045758,-0.065314,-0.040634,0.018014,0.005128,0.040050,0.059426,0.023752,0.107109
1.140412,-0.072956,-0.077441,-0.071085,-0.109212,0.230571,0.194410,0.356247,-0.021295,-0.046567,0.125167,-0.128923,-0.017236,-0.175677,0.028184,-0.061406
2.155591,-0.005266,-0.040224,0.001238,0.045105,0.118933,-0.080296,-0.149551,0.167328,-0.006555,-0.010157,-0.025737,-0.108067,0.299946,0.070791,-0.049727
1.481674,0.062508,0.028364,0.016499,0.021670,-0.024655,-0.095062,-0.073735,-0.034802,0.079335,-0.047263,0.055801,-0.008606,0.111099,-0.064449,0.097418
1.457935,0.043628,0.007469,-0.009384,-0.074489,0.057774,0.049904,0.129431,-0.094500,0.069666,0.017831,-0.009428,-0.034612,-0.061063,-0.097331,0.004420
1.666713,-0.027828,-0.038109,0.017259,0.001766,0.047701,-0.100035,0.080252,0.176483,0.069465,-0.052482,-0.009804,-0.031589,0.327610,0.012548,-0.095503
1.778532,0.055270,0.015184,-0.000935,0.045114,0.021465,-0.134324,-0.065222,0.031162,0.127289,-0.074889,0.068720,-0.027981,0.129120,-0.066963,0.087150
1.175522,-0.027575,-0.044498,0.021180,0.035892,0.016655,-0.032679,0.060040,0.043084,-0.040736,-0.031183,-0.009521,0.051500,0.137867,0.001008,0.022883
1.173750,0.007941,-0.006949,0.004035,-0.033748,0.009839,0.023898,0.053621,-0.060707,-0.010519,0.019068,-0.014592,0.006959,0.034413,-0.020463,0.034125
