2.864126,-0.115484,0.027606,0.132845,-0.015808,-0.181322,-0.013233,-0.074603,0.026010,0.059802,0.027731,-0.061155,0.021762,-0.071727,0.122855,0.120651
5.312220,-0.079073,-0.049026,0.393216,-0.223469,-0.254409,-0.037222,-0.213242,0.134070,0.079570,0.163788,-0.302182,-0.130126,-0.366775,0.088806,0.173751
3.139559,-0.000379,0.003929,0.008919,0.013351,-0.067843,-0.022750,0.004587,0.000974,0.118360,0.014239,-0.019294,-0.069444,0.033840,0.095733,-0.039592
3.499857,-0.060617,-0.131458,-0.015226,-0.018368,-0.015804,0.056528,0.091968,0.018145,0.131630,0.017374,0.108594,-0.121441,-0.122775,0.011756,-0.037999
1.931020,0.055397,0.091410,-0.173208,0.130538,-0.010196,-0.027998,0.063717,-0.046626,0.122956,-0.036777,0.085008,-0.028585,0.282985,0.120431,-0.122344
3.005624,-0.064013,-0.001417,0.069419,0.020629,-0.044497,-0.018240,-0.045988,-0.027495,0.206079,-0.054982,0.007237,-0.020319,0.001315,0.107991,-0.006981
4.034014,0.035280,0.024849,0.057764,-0.023685,-0.037630,-0.022039,-0.085657,-0.008100,0.207611,-0.002537,-0.056158,-0.128697,0.003932,0.093925,-0.042372
4.328316,0.014436,0.033131,-0.036556,-0.012089,-0.082936,0.022244,-0.026969,-0.007507,0.061331,0.070620,-0.060863,-0.156701,0.013727,0.120288,-0.029241
3.077117,0.003871,0.017305,0.044521,0.004385,-0.062900,-0.045519,-0.027670,0.018995,0.159308,0.021145,-0.057767,-0.061903,0.060923,0.112828,-0.060421
4.058388,0.179105,0.001286,-0.070209,0.006414,-0.057211,-0.037380,0.059471,-0.059429,0.047187,-0.010931,-0.008772,-0.184921,-0.004898,0.013670,-0.053901
2.889140,-0.070510,0.095010,0.113693,-0.067354,-0.232342,-0.004722,-0.124723,0.165706,0.017003,0.198310,-0.132044,-0.042080,0.022647,0.133668,0.092701
3.897827,-0.009533,0.002525,0.028037,-0.020516,-0.074339,0.021737,-0.045122,-0.006186,0.127148,0.010781,0.003267,-0.116333,-0.057488,0.069256,0.022829
4.171587,-0.000621,-0.029352,-0.010259,-0.017989,-0.061471,0.024984,0.009122,-0.016434,0.089237,0.030517,-0.009354,-0.144710,-0.061083,0.074981,-0.019758
2.937579,0.130913,0.057659,-0.121847,0.044148,0.000384,-0.061179,0.047371,0.042702,0.143944,0.085866,-0.055414,-0.142185,0.267940,0.121010,-0.225394
4.212387,-0.001953,-0.107847,0.010062,-0.006248,-0.033616,0.005835,0.077783,-0.079737,0.093498,-0.047344,0.016846,-0.126768,-0.148380,0.044131,-0.025456
3.459155,-0.078174,0.047688,0.079652,-0.030587,-0.140013,-0.001658,-0.088079,0.060471,0.087920,0.097508,-0.104107,-0.057938,0.009618,0.152992,0.026338
2.608959,0.030023,0.036697,-0.124481,0.075096,-0.092941,-0.015356,0.096367,-0.026960,-0.011401,0.030209,0.019460,-0.054979,0.129426,0.106500,-0.052235
2.853478,-0.039780,0.050559,0.049150,0.052931,-0.124735,-0.074055,-0.012007,-0.061793,0.057906,-0.025748,-0.112954,0.022533,0.068888,0.181408,-0.003755
3.688282,-0.096916,-0.079514,0.081529,-0.006452,-0.006176,0.018109,-0.020469,-0.043327,0.232858,-0.068700,0.038844,-0.063953,-0.109084,0.080374,-0.012773
3.686233,-0.019608,-0.002886,0.034368,-0.009140,-0.058639,0.004512,-0.036829,-0.008494,0.150806,0.002129,-0.010035,-0.096046,-0.026760,0.088101,-0.009290
2.699531,-0.017177,0.044235,-0.000639,0.016483,-0.094560,-0.012320,-0.020228,0.043768,0.106137,0.051873,-0.009466,-0.048645,0.084126,0.104955,-0.019027
3.334340,-0.036656,0.045996,0.026396,-0.033192,-0.160235,-0.014415,-0.028422,0.103675,0.008811,0.177366,-0.140723,-0.086145,0.064640,0.156842,-0.026705
2.845956,-0.023460,-0.061127,-0.064166,0.053316,-0.005084,0.019963,0.090102,-0.049777,0.139479,-0.061084,0.126265,-0.063134,-0.002517,0.041856,-0.047242
2.874876,0.049800,0.051380,-0.105066,0.050429,-0.052549,0.002231,0.030462,-0.001395,0.089437,0.024629,0.048556,-0.095298,0.131289,0.080787,-0.060321
3.679874,-0.007390,-0.003324,0.014527,-0.007092,-0.056812,0.005137,-0.021758,-0.002903,0.137443,0.015408,-0.009453,-0.106466,-0.012033,0.086201,-0.023970
3.230219,-0.011640,0.147345,-0.033046,-0.034662,-0.228161,0.011556,-0.075481,0.159471,-0.078041,0.269895,-0.158285,-0.106376,0.154904,0.177433,0.015652
2.026708,-0.237653,-0.015058,0.065607,-0.022443,-0.152372,0.063663,-0.023614,0.164229,0.078004,0.160042,0.022909,0.027495,0.002551,0.134141,0.053028
4.015696,-0.112014,-0.035763,-0.038434,-0.063462,-0.185855,0.127251,0.028431,0.095940,-0.093871,0.185830,0.038776,-0.146798,-0.155803,0.052722,0.117083
2.873080,-0.061407,0.088727,0.051648,-0.028084,-0.213528,-0.015802,-0.064132,0.118735,-0.022298,0.181541,-0.140229,-0.036988,0.072192,0.164161,0.042468
4.131499,-0.108398,-0.001944,0.011153,-0.069660,-0.120684,0.112581,-0.068593,0.100438,0.070017,0.147129,0.026441,-0.151546,-0.098144,0.075227,0.071641
3.040370,-0.100448,-0.183838,-0.053442,0.085821,0.106279,0.074651,0.138472,-0.178943,0.267638,-0.259757,0.316596,-0.037517,-0.175773,-0.033568,-0.007090
3.438603,-0.087643,-0.042581,0.009172,-0.007054,-0.119104,0.037515,0.036572,0.006332,0.020587,0.048331,0.011080,-0.067013,-0.089220,0.086021,0.044654
0.776679,-0.067901,0.049577,-0.066267,0.051979,-0.094585,-0.002556,0.046257,0.165796,0.105553,0.133496,0.081098,0.026908,0.237060,0.096228,-0.071765
2.616255,-0.061965,-0.055189,-0.025224,0.052361,0.018432,0.033711,0.037974,-0.044763,0.227095,-0.100289,0.171941,-0.036305,-0.012351,0.033025,-0.021734
3.816120,0.044144,-0.018562,0.063312,-0.044908,-0.077787,-0.046099,-0.014145,0.043979,0.120291,0.073999,-0.108386,-0.130579,-0.011784,0.087901,-0.070110
2.811409,-0.082049,0.061032,0.064380,-0.007571,-0.136291,-0.002567,-0.080882,0.067455,0.103539,0.077152,-0.052841,-0.021838,0.047673,0.138124,0.035535
3.047562,-0.112554,-0.078672,-0.018058,0.066919,0.053385,0.039279,0.038440,-0.100187,0.258768,-0.141571,0.151906,-0.028112,-0.029648,0.079413,-0.046788
2.892078,-0.017917,0.002852,-0.019623,0.023717,-0.044248,0.012092,0.002448,0.006948,0.152978,-0.004352,0.064604,-0.067712,0.036068,0.066767,-0.023499
1.031630,-0.175108,0.168684,0.212227,-0.000355,-0.187096,-0.051077,-0.241226,0.161048,0.235500,0.071588,-0.079095,0.142333,0.166788,0.192514,0.104409
4.045637,0.006993,-0.028416,-0.063307,0.044767,-0.052058,-0.030045,0.089655,-0.096333,0.023348,0.001038,-0.088442,-0.103958,0.030211,0.157821,-0.103138
2.043794,-0.036674,0.040369,-0.025136,0.038020,-0.146700,-0.040507,0.052609,0.067727,-0.004194,0.107300,-0.057377,0.000736,0.135160,0.140916,-0.037984
4.627308,-0.020687,-0.165277,0.000158,-0.026033,0.011442,0.051497,0.093860,-0.080182,0.137398,-0.060806,0.087320,-0.171064,-0.225856,-0.000834,-0.027637
3.243356,-0.018686,0.000383,-0.055517,0.057912,0.009589,0.035405,-0.000893,-0.082635,0.202452,-0.102855,0.132346,-0.074361,0.017197,0.059728,-0.014631
3.703337,-0.091688,-0.128989,0.046912,0.001742,-0.042166,0.029241,0.069860,-0.076474,0.116106,-0.077401,0.072148,-0.062548,-0.192912,0.041810,0.030352
2.838414,-0.035883,0.051137,0.078106,-0.001654,-0.060661,-0.012814,-0.107954,0.036796,0.233632,-0.006538,0.006586,-0.038605,0.048654,0.094641,0.005843
2.474329,-0.050604,-0.145261,0.093067,0.045768,0.078023,-0.032626,0.054008,-0.100488,0.351908,-0.226519,0.171670,0.006356,-0.111642,-0.008224,-0.046596
3.276690,-0.017615,0.028846,0.043013,-0.007308,-0.108323,-0.023252,-0.035688,0.026315,0.093619,0.052038,-0.067943,-0.065704,0.024640,0.117663,-0.007813
3.967945,0.082337,0.075765,0.131941,-0.032047,-0.066255,-0.118487,-0.131945,0.009051,0.217097,0.030078,-0.231647,-0.102486,0.097921,0.170634,-0.105679
4.238029,0.030364,0.000462,-0.079592,0.011469,-0.029454,0.032024,0.017708,-0.041690,0.097585,0.019623,0.010180,-0.166115,0.013803,0.089046,-0.060980
2.431562,-0.104407,0.046107,0.046843,-0.008176,-0.109169,0.011884,-0.067127,0.114727,0.141972,0.107707,-0.018016,-0.020956,0.086615,0.132200,-0.004407
3.647900,0.008408,0.005730,-0.008288,-0.013549,-0.091779,0.000929,0.002864,0.025756,0.066221,0.072922,-0.043012,-0.118071,0.008194,0.093893,-0.029903
3.759173,-0.017615,-0.040523,0.016615,0.011225,0.036660,0.035905,-0.039132,-0.065953,0.280857,-0.110963,0.120227,-0.109526,-0.064980,0.031289,-0.017391
1.403864,-0.007334,0.005319,-0.030437,0.124171,0.004949,-0.049323,0.054793,-0.098038,0.223952,-0.185029,0.163033,0.064602,0.109177,0.052013,-0.029109
2.445137,-0.077574,0.147234,0.079515,-0.033553,-0.222462,-0.012976,-0.142700,0.168631,0.036885,0.201024,-0.135734,-0.012736,0.134118,0.176552,0.061838
3.384686,-0.025356,0.038512,0.028140,0.001712,-0.108461,-0.019018,-0.036056,0.011726,0.081961,0.050949,-0.076569,-0.065673,0.038033,0.136523,-0.011008
4.423333,0.106346,-0.027002,-0.030894,-0.097553,-0.130357,-0.005803,0.051679,0.147466,-0.037664,0.259320,-0.147863,-0.250744,-0.006111,0.061474,-0.105315
2.457991,-0.144590,-0.127315,0.064249,-0.006727,-0.064534,0.059835,0.058339,0.024027,0.146365,-0.040957,0.176497,-0.007722,-0.181302,-0.012065,0.083580
4.828966,-0.054905,-0.019052,0.086902,-0.074970,-0.115309,0.057937,-0.089418,0.002493,0.092604,0.044913,-0.036602,-0.153025,-0.187833,0.070019,0.094182
4.277819,0.011373,-0.050522,0.026162,-0.036973,0.001313,0.026753,-0.029605,-0.003357,0.216596,-0.003152,0.026506,-0.167994,-0.074732,0.042888,-0.051171
3.683700,0.017511,0.046441,0.011882,0.013584,-0.010606,-0.007314,-0.082499,-0.029113,0.233906,-0.033670,-0.003891,-0.105506,0.063637,0.106333,-0.053355
3.340546,-0.097223,0.036890,0.038378,0.004102,-0.175984,-0.015750,-0.012803,0.015753,-0.027552,0.099303,-0.138563,-0.023890,0.018507,0.192430,0.025107
0.928487,-0.245899,0.007742,0.049111,0.049206,-0.123071,0.056527,-0.019880,0.090236,0.141075,0.015451,0.155624,0.121970,0.033464,0.098925,0.106464
3.133156,-0.033837,-0.040305,-0.058884,0.048362,-0.044042,0.049698,0.059829,-0.078115,0.096359,-0.083731,0.154474,-0.063933,-0.070308,0.023379,0.045910
2.757458,0.001780,0.016373,0.058123,0.045661,0.013951,-0.062862,-0.050017,-0.048854,0.291891,-0.102903,0.004772,-0.021088,0.089310,0.108393,-0.083823
4.176182,0.006692,0.013578,-0.003844,0.005968,-0.003697,0.017842,-0.058566,-0.053672,0.209071,-0.039051,0.010309,-0.134905,0.002815,0.095996,-0.044021
2.790570,-0.035769,-0.201153,-0.078040,0.134247,0.216416,0.035025,0.161356,-0.255616,0.404540,-0.386423,0.376509,-0.031808,-0.114550,-0.056614,-0.095884
4.353183,0.072940,0.059284,-0.026674,-0.052964,-0.143535,-0.004839,-0.029480,0.075938,-0.015053,0.184240,-0.149409,-0.193134,0.045222,0.119317,-0.044008
2.947592,-0.080651,-0.077721,0.021217,0.022456,-0.078311,0.005272,0.075617,-0.033782,0.072768,-0.028981,0.046705,-0.024786,-0.086181,0.068765,0.015898
3.910788,0.012144,-0.003043,-0.013818,0.003073,-0.012191,0.015400,-0.025891,-0.027988,0.184688,-0.014800,0.020393,-0.132729,0.004628,0.079416,-0.052728
3.770675,0.044603,-0.007453,-0.016717,0.019466,-0.060447,-0.011814,0.021285,-0.072567,0.089299,-0.044633,0.008305,-0.106481,-0.034988,0.062983,-0.006224
1.661054,-0.107238,-0.160984,0.038644,0.098557,0.083686,0.004911,0.107878,-0.138504,0.331217,-0.291828,0.304234,0.071167,-0.120452,-0.036747,0.006668
2.723199,-0.146155,-0.057960,0.104091,-0.019861,-0.042560,0.043776,-0.052158,0.051395,0.246177,-0.018186,0.100522,-0.018455,-0.089561,0.051492,0.041917
3.605785,-0.006207,0.007090,-0.036224,0.021640,0.009727,0.042617,-0.037663,-0.035723,0.224807,-0.050288,0.099364,-0.117385,0.015546,0.058968,-0.030315
2.461447,-0.100369,-0.052562,-0.018168,0.012575,-0.081048,0.047343,0.059980,0.053841,0.084978,0.045055,0.104447,-0.036174,-0.027107,0.051213,0.014045
2.435191,-0.090054,0.129910,-0.008789,0.005650,-0.200891,0.024632,-0.078671,0.118796,-0.006229,0.168918,-0.057104,-0.017193,0.134556,0.165853,0.062868
3.566161,-0.012708,-0.001696,0.014210,-0.001322,-0.054855,0.004596,-0.021531,-0.005726,0.143003,0.007164,-0.000949,-0.096461,-0.006462,0.086677,-0.021737
3.176087,-0.133622,-0.030192,-0.008191,0.021029,-0.059645,0.049141,0.013043,0.000542,0.115897,0.021522,0.042018,-0.044065,-0.012311,0.123435,-0.006514
3.387025,-0.163886,0.014530,0.185785,0.007487,-0.079622,-0.047116,-0.126606,-0.052234,0.226056,-0.063069,-0.127078,0.041181,-0.027653,0.213409,0.019592
4.286301,-0.116663,-0.223531,0.053329,-0.044936,-0.038727,0.094506,0.113139,-0.066064,0.091794,-0.073367,0.161445,-0.118924,-0.373790,-0.047410,0.090500
1.987556,-0.093496,0.064519,0.059788,-0.008529,-0.136912,-0.008770,-0.068931,0.145385,0.123211,0.130428,-0.034598,0.003148,0.116992,0.131443,0.002155
3.382871,-0.004076,0.031183,-0.054406,0.001104,-0.089014,0.047196,-0.010613,0.031577,0.071923,0.061658,0.050985,-0.117011,0.018745,0.063369,0.015619
4.039587,0.051939,0.006967,-0.040598,0.035766,0.023402,-0.002597,-0.016840,-0.097983,0.210458,-0.086929,0.033372,-0.133413,0.028577,0.081952,-0.074101
1.453440,-0.154755,-0.092725,0.079784,0.033887,0.017735,-0.015756,0.034670,0.064973,0.304517,-0.036886,0.106642,0.054539,0.044813,0.079913,-0.089400
3.149819,-0.035977,-0.055559,0.032092,-0.008689,-0.069280,0.003768,0.031985,0.016145,0.114709,0.013100,0.029126,-0.071330,-0.061511,0.052140,-0.006387
2.241507,-0.033731,0.038411,0.021084,0.030315,-0.103499,-0.017002,-0.017185,0.027951,0.114399,0.005629,0.032999,-0.003114,0.058454,0.083111,0.024258
3.399411,-0.206517,-0.000496,0.173180,-0.111147,-0.309910,0.018542,-0.059376,0.190913,-0.126090,0.288556,-0.225800,-0.021622,-0.127339,0.185055,0.130797
3.864868,0.063416,-0.052358,-0.109789,0.038470,0.001206,0.060011,0.076234,-0.110495,0.113290,-0.107490,0.188340,-0.154152,-0.094478,-0.031762,0.016091
