2.130006,0.137745,0.050308,-0.035513,-0.060202,0.161109,-0.069615,0.039142,0.165223,0.062173,-0.050575,0.014683,0.007442,0.051865,-0.090708,-0.036718
1.602693,0.147920,0.194536,-0.140023,-0.117999,0.033834,-0.099827,0.151195,0.182398,0.065484,-0.018232,-0.086214,0.021290,-0.050032,0.021018,0.089672
1.402434,0.058672,0.049466,0.053306,-0.005623,0.236390,-0.013061,0.031494,0.066886,0.006158,-0.090790,-0.059550,0.026317,-0.012776,0.015387,0.026680
1.629447,0.074408,0.039135,0.049420,-0.045226,0.211619,0.002552,0.055389,0.080437,0.035792,-0.129571,-0.000278,-0.016990,-0.015477,0.004455,0.030927
0.655409,0.057831,0.062770,0.028244,0.027414,0.318277,0.039448,0.089256,0.058422,-0.045818,-0.107140,-0.081020,0.019741,-0.115345,0.091669,0.100808
2.014488,0.086715,-0.111290,0.001561,0.071002,0.388611,-0.053416,-0.141816,0.071813,-0.092317,0.085116,-0.082679,0.194895,0.123081,-0.159473,-0.088686
2.140010,0.102518,0.033766,0.011371,-0.025382,0.228712,-0.047550,0.050577,0.148666,0.062337,-0.094782,0.019565,-0.048754,0.012192,-0.075285,-0.066328
1.446030,0.108698,-0.012676,0.145821,0.021884,0.355072,0.042720,-0.036769,0.056651,0.018697,-0.137820,0.010831,0.016841,0.059088,-0.118548,-0.088383
1.551640,0.105587,0.012739,-0.032072,-0.044066,0.238012,-0.004183,0.040494,0.095798,-0.015546,-0.051309,-0.020582,0.058951,-0.012991,-0.015052,0.062408
0.607977,0.099456,0.037620,0.047077,-0.052375,0.230188,0.064516,0.012560,0.003784,-0.051140,-0.086369,-0.063188,0.138717,-0.005860,0.046265,0.157732
1.185704,0.047089,0.016588,0.012194,-0.010692,0.268106,0.016378,0.041323,0.041139,-0.047334,-0.068803,-0.072108,0.065797,-0.056707,0.062422,0.104713
1.522545,0.042899,-0.081785,0.029096,0.031978,0.359208,0.016705,-0.046329,0.027911,-0.086126,-0.023700,-0.055491,0.116767,0.008034,-0.014614,0.040193
1.617228,0.092941,0.017784,0.117346,0.023384,0.274294,-0.024492,-0.059483,0.070121,0.023337,-0.076055,-0.040816,0.060948,0.099554,-0.107376,-0.089534
1.141340,0.081722,-0.013335,0.067936,-0.001428,0.275325,0.005191,-0.105883,-0.013494,-0.076426,0.011560,-0.128478,0.226358,0.096990,-0.058354,0.045185
2.105884,0.075814,-0.011753,0.037118,0.051616,0.352964,-0.035838,0.036053,0.149466,0.031143,-0.096692,0.016371,-0.075138,-0.015532,-0.084250,-0.121130
1.447048,-0.022615,-0.080437,0.176410,0.071878,0.423691,0.097209,0.084193,0.053317,0.011751,-0.281612,0.112433,-0.183950,-0.119620,0.093838,0.002049
0.657398,0.023871,0.059533,0.171584,0.048181,0.274073,0.016723,-0.055572,-0.030604,-0.037397,-0.088484,-0.148344,0.125287,0.037729,0.035263,0.035672
2.366449,0.125107,-0.047024,0.097817,-0.071335,0.229825,0.026800,0.031119,0.135081,0.108626,-0.212922,0.184092,-0.114583,0.067048,-0.112795,-0.075009
0.573300,0.186467,0.217098,-0.004331,-0.121183,0.035775,-0.022713,0.061384,0.085326,0.047226,-0.056433,-0.112890,0.138588,0.044395,-0.005158,0.120932
1.231523,0.049121,-0.006114,0.111997,0.031015,0.322624,0.034801,0.006666,0.043797,-0.011988,-0.133510,-0.016718,0.010412,-0.010431,0.009004,0.009885
1.842825,0.122449,0.068692,0.004176,-0.066749,0.157816,-0.040971,0.047407,0.127833,0.061011,-0.085324,-0.000654,0.005505,0.032622,-0.055633,-0.005112
1.343017,0.082845,0.009393,0.055576,-0.011484,0.293068,0.034064,0.041682,0.069951,-0.001328,-0.124674,-0.000704,0.003692,-0.028708,-0.004021,0.031027
2.468961,0.072680,-0.069527,0.062754,0.027198,0.343423,-0.021037,0.006604,0.138894,0.045048,-0.122413,0.081852,-0.085605,0.026948,-0.110441,-0.130569
2.028132,-0.037200,-0.255786,0.234612,0.108157,0.540236,0.108904,-0.113962,-0.029196,-0.065069,-0.189566,0.108353,-0.026231,0.036863,-0.049091,-0.079445
1.321970,0.028051,-0.015308,0.108603,0.029471,0.321228,0.032332,0.008283,0.031815,-0.019282,-0.129925,-0.026736,0.009697,-0.023031,0.027656,0.022572
0.923709,0.043705,0.053625,0.067830,0.028133,0.311551,0.038313,0.095669,0.068453,-0.008297,-0.155391,-0.035890,-0.044162,-0.107460,0.084575,0.061577
2.480673,0.130510,-0.028506,0.028447,0.004091,0.266369,-0.082567,-0.083663,0.136164,0.034381,0.000774,-0.008066,0.071925,0.150538,-0.209546,-0.161338
1.782433,0.092345,-0.006095,0.030507,-0.060620,0.224821,0.012085,0.024197,0.075006,0.017496,-0.104677,0.021426,0.022590,0.015684,-0.031675,0.035501
1.377861,0.073698,0.009848,0.005852,0.025337,0.324002,-0.006227,0.019975,0.077798,-0.041921,-0.040783,-0.074137,0.059880,-0.031818,-0.014683,0.015619
1.899863,0.023778,0.008605,-0.058142,0.057236,0.378041,-0.037043,0.116183,0.136108,-0.029358,-0.056116,-0.066406,-0.075366,-0.156674,0.033879,-0.016146
0.706268,0.057480,0.023245,0.161271,0.031465,0.270731,0.026392,-0.090771,-0.026162,-0.045627,-0.071297,-0.111013,0.167027,0.088708,-0.006929,0.038182
1.135225,0.108596,0.087630,-0.025648,-0.031815,0.176024,-0.050517,-0.011782,0.064190,-0.035594,0.029212,-0.148540,0.177643,0.041803,-0.017373,0.070933
0.862586,0.075590,0.040038,0.019240,-0.008653,0.281240,0.039503,0.065248,0.054912,-0.039397,-0.097177,-0.053379,0.047500,-0.072130,0.063068,0.109908
0.764325,0.174021,0.074555,-0.004592,-0.008001,0.302478,0.023253,0.027826,0.099030,-0.027970,-0.042799,-0.068509,0.105839,-0.000707,-0.073187,0.024483
1.661420,0.124223,0.058043,0.051127,-0.008424,0.210438,-0.061808,-0.054480,0.092801,0.023635,-0.015545,-0.080076,0.111025,0.115353,-0.123870,-0.071105
1.553631,0.099467,0.114069,0.048535,-0.056711,0.124643,-0.057577,0.004618,0.074865,0.048922,-0.055692,-0.094929,0.076488,0.064586,-0.043508,0.001269
0.970577,0.089657,0.026773,0.010197,-0.017062,0.291568,0.040507,0.048626,0.052800,-0.044601,-0.079999,-0.054212,0.068207,-0.055279,0.029535,0.097065
0.902254,0.042518,0.040158,-0.033165,-0.030434,0.242520,0.023509,0.073710,0.029023,-0.073841,-0.049627,-0.106680,0.094538,-0.102334,0.121193,0.184337
1.290964,0.081257,0.024129,0.035683,0.004451,0.285895,0.005929,0.022923,0.071571,-0.018174,-0.076155,-0.048904,0.047355,-0.014776,-0.008139,0.026633
1.179305,0.015962,-0.014468,0.150843,0.098859,0.404595,0.033022,0.006143,0.045990,-0.019705,-0.149345,-0.033059,-0.032837,-0.039181,0.015468,-0.045711
1.568939,0.043135,0.014089,0.077879,-0.029447,0.250387,0.035412,0.087108,0.073059,0.036463,-0.189234,0.041629,-0.082223,-0.065030,0.054175,0.048220
2.472759,0.053508,0.024694,-0.005574,-0.031618,0.175246,-0.094342,0.016604,0.121048,0.046079,-0.037617,-0.039117,0.001626,0.035158,-0.050037,-0.048183
0.365191,0.228168,0.137330,0.019282,-0.121880,0.124024,0.048187,0.015876,0.060434,0.011300,-0.072088,-0.049049,0.180460,0.077313,-0.060650,0.126981
0.358088,0.135070,0.081120,-0.029733,-0.009300,0.245379,0.008704,-0.003120,0.045971,-0.088142,0.023548,-0.151068,0.219523,0.006056,0.014114,0.134625
1.668566,0.134244,0.110977,-0.020217,-0.057541,0.118002,-0.082591,0.019521,0.130174,0.046860,-0.017653,-0.072806,0.079702,0.067517,-0.065312,-0.004383
1.080363,0.090951,0.046176,-0.006104,0.035162,0.355917,0.018338,0.093096,0.111862,-0.027031,-0.090194,-0.049034,-0.014919,-0.105465,0.015003,0.022965
1.600809,0.098245,-0.007200,0.005726,-0.006017,0.262726,-0.033135,-0.058975,0.060312,-0.043784,0.017783,-0.088413,0.156740,0.073665,-0.079246,0.003972
2.032170,0.095796,0.000895,0.017778,-0.009894,0.269156,-0.032981,0.015563,0.120060,0.026048,-0.070590,0.000769,-0.000324,0.023921,-0.081780,-0.056044
1.609912,0.060951,0.019220,-0.004084,-0.009434,0.228037,-0.038948,0.009057,0.076827,-0.022551,-0.026797,-0.072606,0.078064,0.005635,0.005118,0.042299
1.287272,0.043286,-0.100215,-0.012644,0.047367,0.383287,0.014242,-0.073840,0.010343,-0.143839,0.043221,-0.104532,0.201490,0.009407,-0.002693,0.082897
1.960237,0.120974,0.035284,-0.105638,-0.038336,0.194023,-0.093887,-0.007434,0.126303,-0.026824,0.075582,-0.106126,0.145657,0.047475,-0.080957,0.011329
1.316849,0.008301,-0.066765,0.077951,0.031733,0.370884,0.068589,0.047831,0.033530,-0.047070,-0.155388,0.020588,-0.029073,-0.089659,0.080760,0.076060
3.091980,0.155286,-0.066687,-0.117116,-0.031748,0.283230,-0.104928,-0.027484,0.199768,0.017800,0.058317,0.021798,0.048432,0.089904,-0.230733,-0.145549
1.063730,0.138716,0.086003,-0.047457,-0.032087,0.222649,-0.019101,0.048210,0.106588,-0.021003,-0.018359,-0.085777,0.101909,-0.013704,-0.019557,0.065286
2.427831,0.074663,0.036538,-0.010177,-0.097940,0.101393,-0.064528,0.056619,0.123238,0.077733,-0.092673,0.025072,-0.028920,0.027356,-0.019971,0.015063
2.373575,0.104165,0.006369,-0.029372,-0.036103,0.216283,-0.070054,0.017677,0.145148,0.038537,-0.035061,-0.000569,0.009282,0.041707,-0.097185,-0.058472
2.393188,0.194740,0.128430,-0.032379,-0.105275,0.065590,-0.114038,0.040586,0.207684,0.137794,-0.050000,0.014121,-0.006482,0.115609,-0.173754,-0.108649
2.023946,0.063920,-0.044876,0.046288,0.042881,0.368906,-0.006623,0.024899,0.117834,0.008160,-0.104973,0.026351,-0.054983,-0.020867,-0.064702,-0.082279
1.404482,0.015038,-0.075953,0.009517,0.006452,0.349763,0.048367,0.022615,0.016322,-0.089695,-0.069986,-0.038295,0.064241,-0.077988,0.070919,0.118470
1.565455,0.129874,-0.001772,-0.175673,0.036817,0.437416,-0.011829,0.122385,0.178788,-0.082094,0.023403,-0.063890,0.011739,-0.162180,-0.041910,0.012361
1.802305,0.089225,-0.029061,0.070970,0.014384,0.296010,-0.017793,-0.055735,0.074140,-0.003421,-0.054034,-0.020526,0.070997,0.081566,-0.100698,-0.060771
2.234940,0.113203,0.066316,-0.027901,-0.020492,0.273088,-0.033466,0.171162,0.220110,0.103238,-0.166873,0.078168,-0.203543,-0.105890,-0.048380,-0.088499
0.478913,0.061122,0.100340,0.043263,0.051331,0.311635,0.022385,0.093633,0.073426,-0.033289,-0.108477,-0.101449,0.010651,-0.111497,0.094012,0.076812
1.261845,0.146020,0.133019,-0.016563,-0.080016,0.128815,-0.029319,0.077625,0.120615,0.048605,-0.076541,-0.047896,0.040993,0.003139,-0.018202,0.054305
1.297667,0.067226,-0.055771,0.003745,0.040888,0.383335,0.021851,-0.019631,0.048379,-0.091874,-0.017523,-0.067530,0.111677,-0.021373,-0.018413,0.040132
1.372111,0.188839,0.129740,-0.061720,-0.193435,-0.000302,-0.016160,0.063822,0.096677,0.055817,-0.057419,-0.018675,0.119847,0.058112,-0.026265,0.151007
1.214045,0.091017,0.124335,0.051291,0.013589,0.201489,-0.065467,-0.001435,0.082872,0.016186,-0.028265,-0.144051,0.088588,0.040752,-0.037433,-0.027639
2.075862,0.133839,0.174735,-0.035783,-0.084624,0.019721,-0.161897,-0.016920,0.128497,0.076012,0.055602,-0.165637,0.135960,0.129958,-0.115955,-0.053053
2.960900,0.127434,-0.109985,0.054835,0.021212,0.349723,-0.058946,-0.099082,0.149237,0.044038,-0.036861,0.073792,0.010343,0.158444,-0.265172,-0.229669
1.322154,0.130608,-0.119718,-0.102052,-0.041200,0.363872,0.063371,-0.021508,0.048877,-0.137990,0.029383,-0.011191,0.196928,-0.011448,-0.038674,0.146747
0.891279,0.050985,0.028314,0.013869,0.032012,0.331496,0.022496,0.043832,0.044120,-0.070135,-0.056186,-0.105743,0.072447,-0.081651,0.059377,0.086060
0.680505,0.027821,-0.149716,-0.022339,0.055920,0.426150,0.057503,-0.138790,-0.076598,-0.247179,0.110864,-0.174864,0.356895,0.019269,0.039410,0.191992
2.418608,0.078858,0.023304,-0.041282,-0.055620,0.206271,-0.045596,0.118882,0.169451,0.070915,-0.119592,0.056736,-0.115999,-0.059951,-0.015654,-0.016811
1.157609,-0.020614,-0.074395,0.062655,0.076324,0.443493,0.070767,0.054830,0.020158,-0.089969,-0.128238,-0.032654,-0.019301,-0.142049,0.108122,0.080478
1.898329,0.153240,0.094921,-0.030270,-0.052894,0.180136,-0.060473,0.071789,0.174868,0.073748,-0.069610,-0.004200,-0.019882,0.017649,-0.092897,-0.051159
1.249171,0.032654,-0.073135,0.078747,-0.007966,0.283140,0.041607,-0.069545,-0.024680,-0.080800,-0.054194,-0.050300,0.157500,0.045494,0.026901,0.108453
1.143557,0.156451,0.096191,-0.033442,-0.069061,0.144128,-0.042391,-0.019642,0.076017,-0.016861,0.027612,-0.119960,0.195899,0.079826,-0.064075,0.067305
1.252743,0.054243,-0.029849,0.007412,0.038764,0.387622,0.037831,0.051071,0.068428,-0.064361,-0.080366,-0.036995,0.018713,-0.092149,0.028830,0.050092
1.861276,-0.029922,-0.049760,-0.077589,0.027728,0.459795,0.086000,0.321019,0.163202,-0.008724,-0.263421,0.121406,-0.339821,-0.397973,0.213306,0.109128
3.246709,0.036443,-0.002640,0.141705,0.017186,0.283724,-0.056275,0.102479,0.205146,0.192084,-0.269934,0.167350,-0.332419,-0.015871,-0.109637,-0.257015
1.272453,0.049454,-0.203071,-0.014599,0.037035,0.532252,0.136584,0.009692,0.015258,-0.159677,-0.079646,0.048509,0.069879,-0.112254,0.026748,0.125640
1.865021,0.214082,0.015187,-0.103132,-0.052804,0.254356,-0.053637,-0.035240,0.149871,-0.019920,0.071327,-0.050846,0.168558,0.098602,-0.203095,-0.045863
2.095509,0.121095,-0.077146,0.015258,-0.000031,0.345437,0.004728,-0.013472,0.123927,0.000434,-0.073384,0.065034,0.010894,0.043793,-0.127499,-0.068498
1.895820,0.067816,0.109298,-0.002799,-0.070487,0.078830,-0.094367,0.025343,0.088412,0.047002,-0.026944,-0.105863,0.067353,0.042403,-0.002881,0.029695
1.739753,0.034897,-0.005973,0.100814,0.032209,0.296900,-0.015389,-0.013742,0.059089,0.006895,-0.098968,-0.037654,0.007520,0.019664,-0.027162,-0.045228
1.930582,0.154857,0.006463,-0.015088,-0.124674,0.136324,-0.005200,0.005885,0.099603,0.038279,-0.069941,0.047674,0.076722,0.084311,-0.086920,0.050108
0.743478,0.050082,-0.078013,0.025509,-0.013972,0.348606,0.111497,0.030210,-0.004490,-0.108311,-0.108574,0.002157,0.094377,-0.079930,0.103698,0.198977
1.340458,0.037819,0.058559,0.084904,0.099517,0.339528,-0.049669,0.004348,0.089493,-0.007449,-0.059918,-0.117833,0.011176,-0.014378,-0.019434,-0.084112
