-0.002011,0.027995,-0.001845,-0.003208,0.006739,0.023398,-0.000282,-0.037271,0.008903,0.002292,0.015604,0.034017,-0.000483,-0.004795,0.001902,-0.003949
-0.000243,0.027089,-0.012796,0.011471,0.042553,0.099645,0.007358,-0.033547,0.056236,0.052581,0.047108,0.039653,0.005068,-0.018053,-0.024118,-0.006048
-0.003019,-0.001970,-0.007605,-0.023708,0.016620,-0.010833,-0.019996,-0.035668,-0.030525,-0.041320,-0.002272,0.021849,-0.005903,0.017666,0.023289,0.007285
-0.003982,0.016156,0.030307,0.014057,0.038020,0.063987,0.033094,-0.076662,0.014814,-0.014163,0.015878,0.001765,0.030535,-0.055923,-0.006598,0.007468
-0.002540,0.029708,-0.028534,-0.020789,-0.027202,-0.011269,-0.034874,-0.015118,0.018901,-0.000061,0.010694,0.089869,-0.012446,-0.021527,-0.016358,-0.019451
-0.003350,0.017326,-0.048677,-0.059392,-0.055881,-0.105873,-0.076036,0.007141,-0.041401,-0.047137,-0.027786,0.121816,-0.056177,0.041128,0.021556,-0.020588
-0.002666,-0.002570,-0.020512,-0.015089,0.035404,0.001323,-0.016553,-0.013727,-0.006603,0.017516,0.021473,-0.011827,0.013815,0.035702,0.008273,0.000514
-0.001620,0.003076,-0.026310,-0.002781,0.058087,0.036585,-0.009738,-0.013255,0.025031,0.026458,0.035448,0.004794,-0.001258,0.031777,-0.006462,-0.001441
-0.002810,0.012857,0.008313,0.002298,0.034109,0.032221,0.012761,-0.045440,0.001670,0.000480,0.018560,-0.008843,0.018061,-0.000600,0.006727,0.005421
-0.001031,-0.004740,-0.020617,0.001259,0.086583,-0.012725,-0.003825,-0.008425,-0.004449,-0.064165,0.019875,-0.025363,-0.044032,0.102287,0.031090,0.019672
-0.000783,0.024332,-0.018723,-0.004838,0.002864,-0.005836,-0.009909,-0.005721,-0.008078,0.056559,0.033297,-0.042744,0.026446,0.049178,0.012042,-0.007855
-0.007506,-0.080181,-0.035160,-0.023800,0.178096,0.119355,-0.004620,0.007917,0.069795,0.108038,0.053757,0.004731,0.064131,0.019170,-0.040660,0.015659
-0.003492,0.017502,-0.004105,-0.010286,0.017077,-0.005009,-0.001344,-0.019968,0.002428,0.007932,0.011389,0.019994,0.006880,0.023426,0.008205,-0.001165
-0.001906,0.024537,-0.003788,-0.001054,0.018667,0.020342,0.004848,-0.021231,0.009996,0.028686,0.025086,0.001262,0.013860,0.024778,0.006491,-0.000968
-0.000207,-0.022049,-0.085317,-0.037597,0.066055,-0.046939,-0.069304,0.060842,0.002946,0.010667,0.032845,0.016182,-0.048442,0.147982,0.016422,-0.001292
-0.006610,-0.032307,0.008997,0.007366,0.109791,-0.042411,0.023095,-0.019735,-0.008428,-0.074925,0.013405,-0.092506,0.024416,0.064305,0.019591,0.029527
-0.002841,0.019223,-0.005127,-0.013415,-0.007524,0.063998,-0.008397,-0.041644,0.018717,0.070008,0.025677,0.043272,0.044306,-0.055459,-0.020168,-0.013511
-0.004821,0.063248,-0.000691,-0.033390,-0.081633,-0.015308,-0.018330,-0.019430,0.025099,0.028082,-0.015846,0.181173,-0.011361,-0.046910,-0.012671,-0.027307
-0.003161,0.071357,0.061899,0.046982,0.011737,0.104154,0.077307,-0.090772,0.070119,-0.009045,0.024497,0.051850,0.023017,-0.095503,-0.025102,0.002968
-0.002996,-0.001745,0.018720,-0.004174,0.045669,-0.010664,0.007759,-0.067167,-0.042637,-0.119144,-0.013129,-0.004967,-0.028344,0.021552,0.041074,0.024645
-0.002311,-0.012931,-0.029826,-0.018230,0.050353,-0.030967,-0.023237,0.007728,-0.018937,-0.002506,0.022082,-0.040834,0.004962,0.086233,0.023847,0.008766
-0.005384,-0.033688,-0.071636,-0.042519,0.071627,-0.129740,-0.063244,0.056066,-0.010420,-0.056892,0.000314,0.022838,-0.054573,0.138735,0.016138,-0.000974
-0.005319,-0.017434,-0.042896,-0.033157,0.035102,-0.007073,-0.035538,0.021231,0.019871,0.087784,0.029759,0.014309,0.044988,0.026185,-0.020409,-0.013860
-0.003858,0.015142,-0.041302,-0.048602,0.008042,-0.000358,-0.044330,0.017064,0.031655,0.018177,-0.004960,0.182448,-0.054648,0.038763,-0.003011,-0.012668
-0.003059,0.007500,-0.064258,-0.025004,-0.008712,-0.025587,-0.046540,0.056611,0.033303,0.172155,0.060986,-0.037443,0.081379,0.040845,-0.035651,-0.033982
-0.005790,-0.051115,-0.040808,-0.043136,0.055266,-0.011548,-0.043944,0.014352,-0.012644,0.054561,0.025368,-0.030953,0.064028,0.032928,-0.004166,0.003049
-0.003089,-0.001914,-0.032082,-0.024306,0.019642,-0.006629,-0.032637,-0.007253,0.001469,0.018049,0.018011,0.026223,0.007288,0.018140,-0.003525,-0.007663
-0.001038,-0.005239,0.025587,0.013685,0.077550,0.034479,0.029335,-0.065696,-0.036896,-0.077018,0.013793,-0.078689,-0.000092,0.047755,0.047220,0.035121
-0.002762,0.039423,0.025669,0.024896,0.045937,0.057076,0.045878,-0.050151,0.037333,0.012448,0.025290,0.008276,0.006644,-0.001319,-0.001836,0.004156
-0.005110,-0.012784,-0.042064,-0.062446,0.014493,-0.078413,-0.064241,0.009090,-0.021393,-0.104824,-0.036342,0.162656,-0.084666,0.062949,0.026969,0.004053
-0.005672,0.019319,-0.030423,-0.030959,0.032019,-0.070955,-0.021456,0.038693,0.036692,-0.038100,-0.009505,0.136722,-0.065045,0.092657,0.008168,-0.001822
-0.003160,0.028603,0.004358,0.004111,0.013893,0.032664,0.014395,-0.036570,0.016841,0.059287,0.026415,-0.004053,0.034463,-0.012008,-0.008599,-0.010507
-0.000559,0.028681,0.017101,0.013580,0.064946,0.130847,0.032805,-0.057897,0.053539,-0.005257,0.027020,0.086108,-0.025922,-0.013010,-0.001563,0.015369
-0.003301,-0.012938,-0.039602,-0.035083,0.019684,-0.007979,-0.047337,-0.007999,-0.003315,-0.003291,0.011171,0.051814,-0.002800,0.009911,-0.003979,-0.005964
-0.003004,0.014335,0.020882,-0.007705,0.037612,0.056738,0.016198,-0.057146,0.006115,-0.048620,-0.001814,0.075094,-0.018865,-0.006539,0.018352,0.017989
-0.007605,-0.044845,-0.091083,-0.042490,0.086044,-0.063614,-0.058148,0.097402,0.052327,0.156544,0.052518,-0.019806,0.053964,0.106087,-0.042319,-0.026350
-0.003189,0.002242,-0.034488,-0.023269,0.029094,-0.060239,-0.028552,0.018503,-0.010297,-0.001899,0.011940,0.002455,-0.013353,0.087806,0.018538,-0.002013
-0.002161,0.009926,-0.011936,0.001367,0.030597,0.105242,0.000597,-0.038192,0.046786,0.101243,0.051105,0.010165,0.060042,-0.058254,-0.037983,-0.012411
-0.001506,0.070718,0.014485,0.005761,-0.057062,0.096050,0.011405,-0.083220,0.035155,0.089185,0.020717,0.094336,0.025332,-0.121379,-0.036020,-0.035562
-0.000887,0.045270,-0.000243,-0.003004,-0.038943,0.019858,-0.010593,-0.057476,-0.000861,-0.015882,0.009564,0.053984,-0.004947,-0.049088,-0.003143,-0.013540
-0.003673,-0.000010,-0.038214,-0.024225,0.040103,0.011982,-0.028398,0.005246,0.030302,0.043766,0.022335,0.063559,-0.005589,0.026981,-0.015141,-0.011467
-0.002411,-0.027305,0.003450,0.020034,0.116218,-0.037746,0.021934,-0.028130,-0.039085,-0.088312,0.025264,-0.162514,0.006997,0.108502,0.045775,0.035698
-0.003637,0.000568,-0.051063,-0.017879,0.063824,-0.069759,-0.026319,0.045415,0.015156,0.027727,0.023043,-0.001261,-0.028301,0.129234,0.009021,-0.008109
-0.001499,0.046435,-0.082806,-0.038673,-0.073796,-0.027797,-0.077014,0.050869,0.053958,0.150187,0.041812,0.111305,0.013963,-0.004399,-0.053163,-0.059108
-0.002121,0.006622,0.011085,-0.023725,-0.020108,-0.004881,-0.016749,-0.074000,-0.071157,-0.045516,-0.013071,-0.005980,0.010100,-0.017752,0.037894,0.005449
-0.001766,0.013047,-0.027562,-0.000205,0.040150,0.036545,-0.012512,-0.006940,0.049278,0.010091,0.038133,0.040477,-0.001795,0.005458,-0.022222,-0.003663
-0.004413,-0.005054,0.004031,0.019519,0.084958,-0.008565,0.027880,-0.032334,-0.003357,0.017354,0.032126,-0.117302,0.039217,0.044618,0.006007,0.005356
-0.002712,0.003000,-0.035706,-0.017804,0.016831,0.017817,-0.033023,-0.015491,0.019428,0.034977,0.027494,0.035164,0.012896,-0.014707,-0.022259,-0.015613
-0.003424,0.046021,0.070677,0.007765,-0.018444,0.106934,0.058299,-0.097328,-0.001122,0.028107,0.003934,0.034565,0.061063,-0.080341,0.015379,0.013802
-0.001639,0.022295,-0.008826,-0.002685,0.027969,-0.032278,-0.000336,-0.009814,-0.011869,-0.025070,0.012490,-0.012718,-0.020745,0.078347,0.029639,0.006031
-0.002777,0.010125,0.001648,0.003751,0.065216,-0.013988,0.020463,-0.005334,-0.004569,0.002775,0.020760,-0.049277,0.001746,0.098365,0.032131,0.015041
-0.002077,0.003704,-0.001913,0.005882,0.066741,-0.028586,0.012269,-0.017833,-0.022563,-0.037373,0.016878,-0.070000,-0.010075,0.094894,0.037730,0.017073
-0.003867,0.000499,0.009826,-0.001328,0.022098,0.077565,0.000839,-0.080307,0.017620,-0.017626,0.017571,0.036129,0.036230,-0.104664,-0.026971,-0.000272
-0.003407,0.034494,-0.039887,-0.013776,-0.025353,-0.034666,-0.032265,0.005816,0.029990,0.067285,0.026419,0.041956,0.014096,-0.006129,-0.031487,-0.035526
-0.003865,-0.001904,-0.030431,-0.013715,0.050203,-0.028770,-0.018193,0.007051,0.013173,0.003065,0.019677,0.008166,-0.006373,0.057284,0.000212,-0.002577
-0.001671,0.032077,-0.021427,-0.004965,0.014834,0.017178,-0.004723,0.000385,0.027122,0.074628,0.032992,0.020662,0.007689,0.039944,-0.004692,-0.014039
-0.006872,0.057931,-0.067280,-0.057771,-0.156237,0.034038,-0.081951,0.026415,0.106492,0.265687,0.041254,0.220436,0.111319,-0.195006,-0.129589,-0.093509
-0.001863,0.001363,0.039153,0.017315,0.065655,0.005993,0.037886,-0.081567,-0.057511,-0.101015,0.000199,-0.095705,-0.002331,0.043202,0.057077,0.034336
-0.002739,-0.001667,-0.027002,-0.025682,0.021264,-0.015101,-0.026532,-0.004020,-0.018665,0.037176,0.016764,-0.006906,0.013980,0.050361,0.014474,-0.004416
-0.002761,0.000955,0.032280,-0.003048,0.029364,0.045565,0.016212,-0.088371,-0.036414,-0.074519,-0.004352,-0.002975,0.010300,-0.032228,0.029256,0.022841
-0.000307,0.071658,0.029959,0.029984,0.015453,-0.096968,0.044080,-0.034164,-0.038708,-0.125095,-0.013752,-0.037883,-0.085199,0.134814,0.073737,0.015700
0.001076,0.046760,-0.015353,0.006818,0.030608,0.038940,0.001641,-0.025424,0.029137,-0.015917,0.020698,0.073511,-0.067823,0.049713,0.011657,-0.002928
-0.005560,-0.021655,-0.002958,-0.016768,0.024215,-0.003943,-0.018876,-0.054495,-0.016384,-0.052859,0.004405,-0.003760,0.037453,-0.056676,-0.009103,0.004591
-0.003051,0.023653,0.019943,0.012724,0.043312,0.055637,0.028975,-0.051390,0.031299,-0.024980,0.018190,0.032969,0.002801,-0.017450,-0.002154,0.010645
-0.004368,-0.019854,-0.032037,-0.029037,0.031240,0.063547,-0.033818,-0.014210,0.037277,0.061100,0.033241,0.058248,0.049172,-0.050121,-0.037401,-0.007969
-0.009263,-0.000504,-0.044371,-0.026775,0.034691,-0.052950,-0.021176,0.070516,0.085673,0.101774,0.033445,0.066504,0.052146,0.033227,-0.052971,-0.022105
-0.002232,0.009490,-0.012035,-0.006700,0.030963,0.015336,-0.007160,-0.027281,0.001834,0.004930,0.020127,0.004409,0.003514,0.018456,0.005097,-0.000247
-0.005672,0.009191,0.001196,-0.042893,-0.015360,0.030141,-0.019753,-0.035190,0.004783,0.014656,-0.012968,0.137198,0.010368,-0.044238,-0.002567,-0.004280
0.000614,-0.007687,-0.077225,-0.019148,0.030097,-0.044601,-0.066434,0.024449,-0.005899,0.009417,0.041378,-0.033654,-0.019206,0.076592,-0.002138,-0.015117
-0.002766,-0.028482,0.064385,0.008286,0.094471,0.058529,0.044345,-0.126971,-0.074438,-0.185001,-0.021507,-0.054920,-0.012667,-0.002573,0.070342,0.061209
-0.002378,0.009785,-0.041266,-0.012032,0.021367,0.002575,-0.034483,-0.006673,0.035090,-0.002535,0.026834,0.057483,-0.013838,-0.004686,-0.025769,-0.014349
-0.005576,-0.033919,-0.068096,-0.031267,-0.005801,0.075976,-0.078130,-0.035274,0.063515,0.101962,0.054074,0.060747,0.097231,-0.192365,-0.112298,-0.046742
0.000897,0.054419,-0.036770,-0.013737,-0.017856,0.024588,-0.030424,-0.000166,0.046190,0.000802,0.019056,0.146088,-0.066581,0.023565,-0.007450,-0.016505
-0.001346,0.046942,-0.031462,-0.011775,-0.020315,0.029863,-0.020990,-0.004936,0.043684,0.087850,0.030549,0.085657,-0.002733,-0.006588,-0.025525,-0.030278
-0.005514,-0.008469,-0.045926,-0.034359,0.031682,0.003743,-0.037569,0.019166,0.038802,0.083889,0.025322,0.068029,0.023321,0.010139,-0.031276,-0.019964
-0.000092,0.010723,-0.008007,0.004417,0.041763,0.028404,-0.001771,-0.040095,-0.008125,-0.029461,0.024788,-0.023050,-0.010591,0.029902,0.017766,0.009382
-0.006336,-0.043353,-0.020503,-0.017643,0.105200,-0.027661,-0.005369,0.018110,0.003513,0.000481,0.023536,-0.054979,0.033603,0.086794,0.011204,0.020497
-0.002410,-0.009069,-0.018546,-0.007816,0.027720,0.031308,-0.018872,-0.049029,-0.016583,0.041352,0.030581,-0.052691,0.045882,-0.028732,-0.009793,-0.010013
-0.002266,-0.005798,-0.007667,-0.000802,0.076319,0.022847,0.008828,-0.008418,0.006580,0.006130,0.030472,-0.037299,0.011207,0.071973,0.019230,0.017838
-0.004706,0.010280,0.032356,0.001730,0.024976,0.123569,0.030310,-0.086756,0.023968,0.070963,0.023721,0.024288,0.073852,-0.106853,-0.025010,-0.001988
-0.005597,-0.003576,-0.001837,-0.009139,0.057994,0.019355,0.007244,-0.014531,0.031703,0.003467,0.016818,0.034072,0.019018,0.010168,-0.008328,0.007731
-0.003325,0.009762,0.039736,-0.014488,-0.013353,0.043676,0.012091,-0.096777,-0.055441,-0.030564,-0.011604,0.000914,0.038581,-0.058916,0.030710,0.012859
-0.005099,-0.110421,-0.119792,-0.072718,0.100917,-0.025884,-0.115526,0.073181,-0.003291,0.099793,0.054782,-0.053073,0.067601,0.071691,-0.031353,-0.008309
0.000226,0.013871,-0.058997,0.003673,0.042393,-0.035801,-0.029184,0.033629,0.019363,0.056302,0.056028,-0.070041,0.000878,0.098469,-0.005113,-0.015611
0.001040,0.034020,-0.057431,-0.008359,-0.021736,0.004375,-0.048308,0.003230,0.028470,0.053778,0.045333,0.029093,-0.004733,0.003160,-0.026703,-0.030480
-0.002592,-0.001674,0.000763,-0.008919,0.032821,-0.009110,-0.006394,-0.038642,-0.022648,-0.075348,0.004158,-0.004283,-0.006288,0.022583,0.024918,0.017460
0.001039,0.053890,0.006762,0.016665,-0.007406,-0.001595,0.012116,-0.049286,-0.016481,-0.032609,0.015765,-0.017621,-0.026936,0.031752,0.027711,-0.001674
0.000640,0.039586,0.044252,0.075470,0.114631,0.041583,0.081066,-0.091038,0.014834,-0.132024,0.030633,-0.107191,-0.050092,0.045974,0.029081,0.030674
-0.003212,0.031023,-0.035613,-0.002709,0.047778,-0.027149,-0.004287,0.042369,0.063063,0.037028,0.031359,0.057491,-0.030337,0.093263,-0.010476,-0.009906
-0.005182,-0.046397,-0.088374,-0.072891,0.063477,-0.060971,-0.083603,0.077065,0.003589,0.058431,0.011541,0.080268,-0.023507,0.130067,0.005451,-0.008251
-0.003815,0.007205,-0.018279,-0.023225,0.011239,0.007928,-0.020780,-0.019241,0.006150,0.027103,0.011749,0.048923,0.010721,-0.001669,-0.005284,-0.008971
0.000061,0.082497,-0.000029,0.030899,-0.041811,0.169880,0.024887,-0.047965,0.119123,0.189565,0.078454,0.075125,0.078673,-0.144708,-0.086291,-0.043376
-0.002774,0.018301,-0.024775,-0.019621,-0.005743,0.037423,-0.026741,-0.020870,0.032104,0.039368,0.022487,0.083059,0.012074,-0.038718,-0.025966,-0.016434
-0.002065,-0.021071,-0.050360,-0.034616,0.023498,-0.031980,-0.056425,0.003036,-0.025535,-0.001148,0.018855,-0.007727,0.003931,0.045189,0.008729,-0.003839
-0.002254,0.009264,-0.042820,-0.028693,-0.005989,-0.009791,-0.044018,0.001489,0.003278,0.051964,0.022746,0.035981,0.010429,0.014805,-0.009483,-0.019414
-0.003133,0.039745,0.017360,-0.003692,-0.013123,0.094024,0.013138,-0.071340,0.033023,0.049328,0.013755,0.096341,0.022561,-0.091348,-0.023645,-0.013996
-0.001444,0.011531,0.045339,0.022258,0.041127,0.058661,0.037267,-0.109393,-0.032783,-0.098213,0.005629,-0.048847,0.009538,-0.041337,0.028971,0.026803
-0.001716,-0.001202,0.029004,0.019141,0.072550,0.072555,0.034344,-0.076965,-0.007520,-0.051931,0.022792,-0.052856,0.019335,-0.008192,0.019588,0.027649
-0.002771,0.001597,0.015981,-0.009537,0.042049,0.044204,0.010990,-0.054085,-0.016493,-0.028575,0.004505,0.015062,0.004222,0.009481,0.025972,0.018510
-0.005870,0.006449,-0.035435,-0.030674,0.044086,-0.015459,-0.016390,0.039582,0.042593,0.095032,0.019558,0.072284,0.004956,0.073163,-0.011030,-0.014215
-0.000737,0.040116,0.020346,0.020439,0.019043,0.124213,0.030552,-0.071985,0.046554,0.039518,0.037939,0.038076,0.026307,-0.070831,-0.021416,-0.001907
-0.004010,-0.031785,-0.003039,-0.002032,0.095497,-0.001459,0.005835,-0.026968,-0.018337,-0.042130,0.020231,-0.077694,0.020770,0.055992,0.022454,0.024937
-0.001902,-0.022591,-0.022587,-0.012249,0.069937,-0.022933,-0.018567,-0.019266,-0.037704,-0.041666,0.015861,-0.063136,-0.008179,0.078946,0.033068,0.015421
-0.000117,-0.007022,-0.057326,-0.017578,0.035751,-0.026384,-0.048737,0.014425,-0.005804,0.002479,0.035284,-0.025312,-0.011804,0.071675,0.005874,-0.004977
-0.010138,-0.038695,0.006995,-0.008934,0.082231,-0.023342,0.016448,-0.029596,-0.006075,0.053438,0.015710,-0.091176,0.092490,-0.007407,-0.014934,-0.000237
-0.003458,-0.002365,-0.073504,-0.022330,0.030256,-0.056559,-0.050173,0.076713,0.054025,0.074234,0.052234,0.004099,0.025425,0.080852,-0.030971,-0.018047
-0.004576,0.021487,-0.019499,-0.030952,-0.029902,-0.054369,-0.036669,-0.031217,-0.016623,-0.035721,-0.016442,0.088817,-0.025459,-0.017933,0.000129,-0.019197
-0.004337,-0.039018,0.033576,0.023947,0.216812,-0.070327,0.067669,0.005078,-0.026713,-0.226587,-0.007532,-0.105973,-0.086106,0.257183,0.105537,0.088985
-0.000741,-0.003996,-0.037972,-0.023449,0.041006,-0.001777,-0.032669,0.006682,-0.008264,0.005238,0.022815,0.010294,-0.017860,0.079463,0.020908,0.004874
-0.001705,-0.008858,-0.034934,-0.003138,0.089768,-0.054760,-0.012121,0.023093,-0.004745,-0.046060,0.024124,-0.049365,-0.038819,0.143116,0.032518,0.016018
-0.003625,-0.041900,-0.010726,0.003087,0.132579,-0.044427,0.007067,-0.009346,-0.031072,-0.089868,0.017359,-0.114967,-0.011600,0.126677,0.044019,0.036371
-0.003287,0.035577,0.087388,-0.009303,-0.029461,0.215516,0.053751,-0.166073,-0.014316,0.054408,-0.011347,0.112783,0.066391,-0.186223,0.005507,0.009379
-0.002924,0.012478,-0.025519,-0.017759,0.012008,0.015491,-0.019828,-0.005617,0.018094,0.061376,0.026710,0.029764,0.021583,0.010393,-0.011208,-0.012903
0.001210,0.085832,-0.008108,0.005679,-0.098529,0.154443,-0.012502,-0.072649,0.081740,0.132790,0.049804,0.147555,0.044189,-0.186319,-0.075983,-0.049690
-0.006041,-0.028617,-0.016872,-0.036209,0.042994,-0.037930,-0.034957,-0.044344,-0.034962,-0.086035,-0.021900,0.053141,-0.026811,-0.001288,0.013134,0.004790
-0.001677,-0.012626,-0.009434,-0.012066,0.042326,0.014856,-0.014677,-0.044004,-0.033027,-0.032385,0.014353,-0.033873,0.007531,0.021010,0.022871,0.012160
-0.003120,0.043115,-0.042811,-0.025327,-0.046437,0.042465,-0.038552,0.019625,0.086800,0.108255,0.038417,0.153620,0.027257,-0.059619,-0.061379,-0.036136
-0.003660,-0.001225,-0.024035,-0.023319,0.022949,-0.018037,-0.024170,-0.019538,-0.020362,0.033347,0.010489,-0.002534,0.009774,0.028587,0.007472,-0.010965
-0.002781,0.064959,0.004799,0.003144,-0.030388,-0.015147,0.004699,-0.042239,0.026956,-0.040319,-0.004164,0.109162,-0.044802,-0.024306,-0.006577,-0.017436
-0.005884,-0.081721,-0.085766,-0.063068,0.119985,-0.056185,-0.072027,0.094627,0.010779,0.033169,0.030972,0.000989,0.011781,0.159408,0.008393,0.017191
-0.002035,0.023499,0.002792,-0.001225,0.017195,0.038345,0.004127,-0.045452,0.010545,-0.007699,0.015385,0.035870,-0.001279,-0.012239,0.002058,0.000640
-0.005003,0.023585,0.063346,0.009984,0.010642,0.107695,0.049048,-0.126114,-0.001981,-0.012048,-0.002966,0.035856,0.048006,-0.126412,-0.003970,0.008213
-0.004071,-0.030601,-0.029789,-0.020191,0.054208,0.035807,-0.025011,-0.004268,0.017773,0.051108,0.040442,-0.023191,0.062250,-0.003182,-0.019734,0.002630
-0.003868,0.010538,-0.018533,-0.019778,0.053629,-0.149649,-0.012960,0.023661,-0.042166,-0.136917,-0.027853,0.018006,-0.098993,0.182232,0.069367,0.019414
-0.001924,0.032995,-0.016149,0.011144,0.034278,0.002191,0.007135,-0.002511,0.038667,0.025450,0.034934,0.003135,-0.004432,0.042961,-0.007820,-0.007530
-0.001444,0.015304,-0.006521,0.004371,0.049495,0.178314,0.016221,-0.044129,0.071456,0.171179,0.063936,0.035100,0.067645,-0.065957,-0.046183,-0.014582
-0.003601,0.074255,0.061113,0.020836,-0.007546,0.072331,0.060760,-0.097805,0.031985,-0.039066,-0.012637,0.120378,-0.028284,-0.068800,0.004103,0.001006
-0.004533,-0.036472,-0.030413,-0.006772,0.087950,0.016021,-0.012327,0.005294,0.022075,0.044872,0.048265,-0.073567,0.061827,0.030891,-0.017619,0.006609
-0.002231,0.016183,-0.034067,-0.013833,0.024152,0.046335,-0.022402,-0.007555,0.045626,0.060787,0.032961,0.071962,0.000441,-0.005438,-0.027009,-0.016887
-0.004429,-0.000598,-0.048088,-0.024731,0.024297,0.079499,-0.030094,0.016336,0.074546,0.185053,0.058034,0.056134,0.074728,-0.039724,-0.063598,-0.032309
0.000607,-0.004484,0.034091,0.027401,0.082056,0.039339,0.035649,-0.085603,-0.048233,-0.131129,0.015873,-0.110571,-0.008657,0.041094,0.056203,0.045418
-0.002586,0.021067,0.062720,0.051039,0.040121,0.162351,0.065343,-0.148947,0.031748,-0.015967,0.040339,-0.054400,0.082895,-0.179454,-0.037615,0.009531
-0.002350,0.005954,-0.033034,-0.004800,0.031558,0.028929,-0.017174,-0.004675,0.030374,0.080120,0.046415,-0.017137,0.039303,0.004396,-0.025281,-0.015442
0.000663,0.010461,-0.018603,0.006570,0.062668,-0.016290,-0.003171,-0.004201,-0.006683,-0.068268,0.025459,-0.035416,-0.042053,0.108243,0.037156,0.020824
-0.004874,0.047843,0.035772,0.011177,-0.002149,0.027619,0.045136,-0.059118,0.002209,0.089609,0.012938,-0.019503,0.052356,-0.022581,0.001264,-0.015033
-0.003913,-0.008299,0.013450,-0.004794,0.058750,0.011149,0.010599,-0.050052,-0.016489,-0.069338,0.001535,-0.004705,-0.001678,0.016833,0.023766,0.022062
-0.004546,-0.008441,0.010011,0.002322,0.084866,0.123933,0.030895,-0.034258,0.052688,0.104768,0.045880,0.000710,0.069195,-0.022914,-0.023611,0.007649
-0.004096,0.047730,-0.009786,-0.021806,-0.062605,-0.054969,-0.024322,-0.020431,0.002226,-0.014217,-0.008201,0.094258,-0.008199,-0.025599,-0.005859,-0.022567
-0.002307,0.032488,-0.007866,-0.012627,-0.009191,0.011322,-0.008189,-0.016527,0.016606,0.015167,0.014317,0.061982,0.000480,0.006290,0.000996,-0.005830
-0.004582,-0.015394,0.037666,-0.006003,0.073856,0.145411,0.035127,-0.073996,0.026831,0.012577,0.018548,0.047686,0.051458,-0.060857,-0.002098,0.029281
-0.003105,-0.021370,-0.014403,-0.016685,0.058607,-0.027373,-0.011686,-0.002475,-0.029648,-0.018993,0.017763,-0.061931,0.020386,0.082125,0.032543,0.019538
-0.001794,-0.010956,-0.019668,-0.024199,0.055466,-0.027360,-0.025522,-0.005023,-0.014781,-0.124155,-0.004638,0.056953,-0.062057,0.085514,0.040603,0.029287
-0.002922,-0.042555,-0.029306,-0.019349,0.081149,-0.004878,-0.028365,-0.016950,-0.026370,-0.037616,0.021365,-0.054740,0.011598,0.051557,0.017529,0.017631
-0.006122,-0.033863,0.023495,-0.008218,0.088021,0.103477,0.018929,-0.074723,0.020417,-0.030970,0.011907,0.034916,0.041070,-0.069927,-0.012196,0.025157
-0.001334,0.007273,-0.039673,-0.016730,-0.002801,-0.017705,-0.039967,-0.007400,-0.007483,0.028582,0.029797,-0.016277,0.019346,0.013800,-0.005859,-0.014941
-0.004502,-0.020569,-0.034556,-0.001732,0.093730,-0.027906,-0.006618,0.013443,0.011852,0.046815,0.038856,-0.081700,0.025272,0.082238,-0.003901,-0.002449
0.002789,0.078096,0.019125,0.020920,-0.048056,0.094162,0.019532,-0.079493,0.011839,0.035920,0.030456,0.034570,0.002836,-0.056719,0.001298,-0.013568
-0.002341,0.012189,-0.050195,-0.056989,-0.040549,-0.120308,-0.079982,-0.002923,-0.057613,-0.111542,-0.037519,0.120721,-0.093219,0.060826,0.037273,-0.011768
-0.003196,0.022135,0.032302,0.015709,0.008373,0.122414,0.031686,-0.099919,0.019355,0.071087,0.033711,-0.014801,0.082219,-0.125998,-0.030591,-0.008824
-0.002153,-0.005919,0.009934,-0.001004,0.113950,-0.091630,0.024652,-0.001860,-0.062656,-0.145573,-0.017258,-0.065810,-0.086536,0.220276,0.101576,0.048857
-0.000126,-0.018484,-0.042945,-0.012066,0.045601,-0.022096,-0.042600,-0.011889,-0.023180,-0.058452,0.027755,-0.046081,-0.012225,0.051149,0.014804,0.008499
-0.003114,-0.034450,-0.018239,-0.005724,0.121148,0.044737,0.004723,-0.003291,0.011321,0.027425,0.038611,-0.055186,0.020618,0.081960,0.013257,0.021929
-0.000413,0.021986,-0.022704,0.003571,0.014229,0.006650,-0.012138,-0.017296,0.006845,0.022422,0.036854,-0.030419,0.012184,0.023055,-0.001559,-0.007907
-0.001721,0.042485,0.010367,-0.004850,-0.022137,0.021832,0.002466,-0.046409,0.005563,-0.025746,0.004717,0.067999,-0.008608,-0.021898,0.008049,-0.001040
-0.000883,0.025596,0.001050,0.010576,-0.003311,0.053035,-0.000144,-0.065293,0.007379,0.006469,0.031614,-0.013832,0.032390,-0.063779,-0.015567,-0.008142
-0.006502,-0.026428,-0.049269,-0.013821,0.085857,-0.069809,-0.018587,0.057135,0.027231,0.076018,0.042697,-0.075862,0.045996,0.106172,-0.013900,-0.007032
-0.003928,0.025519,-0.042948,-0.044460,-0.090397,0.058184,-0.059865,-0.027605,0.023030,0.204694,0.034270,0.083988,0.097568,-0.136570,-0.067255,-0.061153
-0.002257,0.002065,0.070998,0.018015,0.054257,0.104320,0.062350,-0.116040,-0.045379,-0.036528,0.008752,-0.081315,0.056769,-0.032549,0.045332,0.039735
0.002336,-0.020935,-0.051747,0.026384,0.104303,-0.026999,-0.023606,-0.008654,-0.013182,-0.075685,0.058897,-0.161338,-0.021510,0.100381,0.014706,0.013816
-0.006741,-0.021758,-0.008761,-0.027886,0.071447,-0.145744,-0.008942,-0.000984,-0.078431,-0.083817,-0.030963,-0.058335,-0.040537,0.154327,0.068427,0.015839
-0.003179,0.001061,0.011596,0.002167,0.050823,0.039056,0.016083,-0.050425,-0.004994,-0.003043,0.018745,-0.027440,0.025165,0.002189,0.010586,0.011185
-0.005595,-0.020879,-0.021349,-0.019305,0.103957,-0.046411,-0.002545,0.036191,0.020699,-0.047755,0.008083,0.026667,-0.031599,0.132213,0.025492,0.025371
-0.001730,0.026437,-0.018383,0.007417,0.038602,0.017890,0.009429,0.019860,0.044590,0.077373,0.050220,-0.023820,0.029759,0.064229,-0.006500,-0.003042
-0.005150,0.039483,0.031541,-0.033051,-0.069772,0.079058,-0.006755,-0.098847,0.006137,-0.010268,-0.026826,0.194980,0.011051,-0.156699,-0.017743,-0.013620
-0.001472,-0.012643,-0.061114,-0.033347,0.034534,-0.071808,-0.059291,0.028441,-0.020792,-0.034332,0.013672,0.008502,-0.039697,0.104520,0.021649,-0.001189
-0.000783,0.050512,-0.052811,0.016555,0.029963,0.027825,-0.004958,0.049293,0.105737,0.141874,0.075535,0.023865,0.013636,0.050329,-0.051831,-0.032881
-0.002426,-0.001576,-0.014874,-0.007734,0.025711,0.010511,-0.011928,-0.025799,-0.011432,0.033710,0.029830,-0.049759,0.041585,0.010369,0.002060,-0.002238
0.000070,-0.046369,-0.072255,0.002818,0.117836,0.090257,-0.030146,0.034595,0.052170,0.163469,0.106284,-0.140491,0.092635,0.054843,-0.041007,-0.004281
-0.002560,-0.027218,-0.069821,0.018031,0.153482,-0.090221,-0.014278,0.068561,0.037254,-0.017291,0.059708,-0.130191,-0.029261,0.190328,0.001430,0.007206
-0.002638,-0.007510,-0.021211,-0.001895,0.087336,-0.024807,-0.000457,0.004219,-0.000694,-0.021119,0.022668,-0.040932,-0.019959,0.107662,0.024788,0.013638
-0.006501,0.015002,-0.077121,-0.040904,0.026915,-0.055271,-0.054766,0.088357,0.104691,0.052271,0.021708,0.190306,-0.042640,0.062244,-0.051131,-0.028915
-0.001429,0.000096,-0.019869,-0.014648,0.052831,-0.003235,-0.014890,-0.014569,-0.013241,-0.034490,0.010551,0.014072,-0.034414,0.074131,0.028929,0.011198
-0.002426,0.009210,-0.034441,0.006242,0.059085,0.001892,-0.002200,0.017719,0.033467,0.095445,0.053972,-0.063597,0.034121,0.066219,-0.014665,-0.012959
-0.002709,0.018225,-0.055131,-0.048523,-0.033923,-0.064429,-0.072126,0.004079,-0.006257,-0.039089,-0.012973,0.142899,-0.063704,0.019179,-0.000330,-0.023230
-0.006585,-0.006440,0.040432,0.011289,0.049723,0.043168,0.034133,-0.101474,-0.009395,-0.044775,0.002021,-0.030206,0.048646,-0.087745,-0.007833,0.009718
0.001008,-0.017040,-0.003989,0.003434,0.048709,0.112374,-0.006725,-0.075361,-0.018107,0.012448,0.045443,-0.070866,0.050237,-0.042270,0.003053,0.013880
0.000629,-0.013332,-0.017494,0.010903,0.098784,-0.011195,0.003458,-0.010910,-0.031719,-0.045496,0.034813,-0.122483,-0.015856,0.132005,0.048372,0.027386
0.001752,0.064785,0.036892,0.025368,-0.026238,0.065793,0.026054,-0.108815,-0.008852,-0.097163,0.003404,0.046612,-0.037657,-0.063919,0.019259,0.006842
-0.001842,0.020714,0.039558,0.026673,0.028845,0.104778,0.044213,-0.113640,-0.019045,0.062140,0.032097,-0.093493,0.072569,-0.078586,-0.001585,-0.003179
-0.003797,-0.006720,0.001844,-0.016996,0.023278,0.016720,-0.007954,-0.044725,-0.019901,-0.012463,0.007968,-0.001169,0.028601,-0.012067,0.010535,0.007576
0.000681,0.030058,0.007881,-0.001316,-0.003721,0.050251,-0.005877,-0.088475,-0.028264,-0.064505,0.000377,0.043091,-0.036328,-0.035197,0.021282,0.002184
-0.002937,0.017132,-0.009112,-0.027927,-0.014040,0.021240,-0.021789,-0.040435,-0.012618,0.025172,0.001436,0.067370,0.004738,-0.020600,0.004527,-0.010875
-0.000428,-0.042134,-0.061073,-0.021669,0.044822,0.058315,-0.055418,-0.010467,-0.010967,0.119235,0.067485,-0.105699,0.087970,-0.007956,-0.024702,-0.013404
-0.006988,-0.021818,0.023458,-0.029614,0.015853,-0.064737,0.001072,-0.035622,-0.072393,-0.043971,-0.017980,-0.060861,0.055009,0.033218,0.046819,0.022220
-0.002651,0.014403,-0.019381,-0.021031,-0.005732,-0.014853,-0.026328,-0.024216,-0.012531,0.001457,0.007719,0.031944,-0.000264,0.006010,0.005274,-0.009598
0.000416,0.027971,0.009838,0.001635,-0.002311,0.062582,-0.000165,-0.075034,-0.011938,-0.041137,0.013205,0.029278,-0.008102,-0.038159,0.013114,0.005815
-0.002033,0.023443,-0.015627,-0.001653,0.019313,0.010523,-0.005395,-0.015064,0.020740,0.019581,0.026678,0.016471,0.003266,0.018327,-0.004755,-0.006597
0.004260,0.099788,-0.024634,0.020790,-0.056156,0.051271,-0.008249,-0.029619,0.053325,0.041402,0.041056,0.093070,-0.053003,-0.013161,-0.019019,-0.034373
-0.001557,0.003730,-0.034143,-0.004896,0.057354,-0.010395,-0.017232,-0.003506,0.006281,0.003789,0.027248,-0.012806,-0.021775,0.068482,0.006935,-0.003112
-0.002727,0.002445,0.020095,-0.013503,0.021517,0.045003,0.000878,-0.087449,-0.034431,-0.070816,-0.011555,0.042109,-0.011733,-0.038525,0.024198,0.014003
-0.004148,-0.045740,-0.018316,-0.015904,0.116306,0.033263,-0.005904,-0.010218,0.001344,-0.005731,0.026224,-0.034092,0.016755,0.063653,0.013605,0.024758
-0.001013,0.020762,0.018275,0.011405,0.030843,0.032099,0.017582,-0.068814,-0.015938,-0.061761,0.010359,-0.013428,-0.010592,-0.000516,0.023316,0.014044
-0.005433,-0.039564,-0.037506,-0.035752,0.056674,0.020749,-0.036262,0.010499,0.018677,0.051391,0.030322,0.013786,0.053010,0.008915,-0.018911,0.002196
-0.000118,0.041119,0.023457,0.009641,-0.008839,0.048258,0.017414,-0.076408,-0.016362,-0.026266,0.011124,0.006099,0.000783,-0.026431,0.019889,0.004325
-0.004476,0.000021,0.001199,-0.024416,0.009485,-0.008253,-0.014116,-0.038607,-0.018159,-0.045256,-0.006718,0.045992,0.004203,-0.008435,0.013651,0.007230
-0.000516,0.052048,0.043236,0.015526,-0.001704,0.035113,0.037401,-0.086819,-0.025157,-0.066508,-0.005416,0.018509,-0.026024,-0.003774,0.039902,0.013534
0.000529,0.022276,-0.042977,0.017825,0.036444,-0.029400,-0.017017,0.014462,0.028925,-0.006328,0.053587,-0.061575,-0.005519,0.065653,-0.008662,-0.006585
0.000023,0.029978,0.013021,0.022604,0.031651,-0.002623,0.019126,-0.059301,-0.020834,-0.082917,0.014398,-0.048862,-0.025273,0.031850,0.030602,0.013246
-0.002331,-0.013588,-0.029308,-0.025484,0.035646,-0.031055,-0.033948,-0.007484,-0.026369,-0.039845,0.009152,-0.002209,-0.011964,0.058604,0.023539,0.008571
0.000977,0.022937,-0.024898,0.006168,0.038243,0.007812,-0.007019,-0.008816,0.002170,0.009296,0.036536,-0.034011,-0.017934,0.075257,0.017874,0.000723
0.004074,0.052531,-0.025626,0.031043,0.024689,0.036143,0.007250,-0.012479,0.017419,0.063438,0.063489,-0.080149,-0.006844,0.074512,0.009053,-0.011108
-0.007700,0.017839,0.060111,0.032815,0.118083,0.098688,0.100860,-0.046283,0.059412,0.106515,0.032404,-0.040647,0.068607,0.019044,-0.004649,0.015776
-0.001149,0.012235,-0.070088,-0.016775,0.026624,-0.017951,-0.039517,0.062452,0.037104,0.153207,0.062561,-0.032690,0.033201,0.097209,-0.019254,-0.027519
-0.001126,0.008244,-0.104886,-0.055845,-0.016837,-0.127029,-0.101449,0.088058,0.002390,0.018472,0.016522,0.080556,-0.060921,0.134257,0.003884,-0.028851
-0.003359,-0.012686,-0.003529,-0.021235,0.048740,-0.004395,-0.007605,-0.025573,-0.031001,-0.026875,0.002907,-0.008309,0.001296,0.054530,0.033691,0.017006
-0.003489,-0.021515,-0.025880,-0.002762,0.076091,-0.037767,-0.010273,0.002160,-0.010105,-0.007197,0.031330,-0.091071,0.023065,0.076315,0.011656,0.009093
-0.000757,0.006808,-0.036310,0.001348,0.047212,-0.041782,-0.021557,-0.001210,-0.004130,-0.036069,0.027683,-0.040926,-0.026860,0.077209,0.012808,-0.000173
-0.002814,0.028655,0.028388,0.037971,0.071879,0.035652,0.056164,-0.042184,0.032884,-0.011435,0.034947,-0.060273,0.019596,0.026770,0.004767,0.015071
-0.002154,-0.009889,-0.028637,-0.012074,0.057799,-0.012584,-0.020351,-0.005580,-0.005327,-0.020156,0.021829,-0.017022,-0.009967,0.063111,0.013917,0.007214
-0.003307,-0.005390,0.011617,-0.014962,0.029767,0.078603,-0.005660,-0.072406,0.012135,-0.076508,0.001215,0.094691,-0.002696,-0.073739,-0.004628,0.017592
-0.003172,0.020679,-0.004204,0.006867,0.078172,0.040853,0.015681,-0.026871,0.057700,-0.055791,0.011612,0.102911,-0.062397,0.025539,-0.006155,0.008485
-0.002332,0.048912,0.027681,0.021657,-0.008806,0.139042,0.037605,-0.078622,0.057271,0.115844,0.046394,0.025713,0.078246,-0.122010,-0.045163,-0.018554
-0.002481,0.089346,0.044866,-0.007598,-0.087395,0.000973,0.018942,-0.093189,-0.021159,-0.059337,-0.039808,0.153174,-0.052238,-0.061630,0.025912,-0.014108
-0.003182,-0.026150,-0.063543,-0.031597,0.060378,0.013996,-0.050250,0.030176,0.034895,0.062639,0.040897,0.030948,0.013930,0.042486,-0.024163,-0.009313
-0.001942,-0.006371,-0.000054,0.025725,0.109411,0.038146,0.028570,-0.029301,0.021058,-0.021090,0.042539,-0.081942,0.009333,0.055115,0.007719,0.020588
-0.005827,0.016549,0.025342,-0.006344,0.002664,0.110199,0.018791,-0.082561,0.035022,0.076771,0.017009,0.069056,0.069930,-0.132749,-0.040178,-0.013708
-0.001058,-0.002142,0.025815,0.040919,0.129927,-0.057232,0.059301,-0.026080,-0.056719,-0.079765,0.024859,-0.223757,-0.008144,0.185491,0.081372,0.043772
-0.005586,0.027435,0.016191,-0.011708,-0.002730,0.028734,0.005532,-0.066750,0.018675,-0.026971,-0.011261,0.113741,-0.007709,-0.073634,-0.014648,-0.008936
-0.001977,0.028177,-0.006725,-0.008068,-0.005990,0.070489,-0.008536,-0.054657,0.021977,0.049092,0.021672,0.065658,0.015223,-0.062554,-0.021577,-0.017395
-0.002581,-0.008947,-0.041636,-0.041060,-0.012643,-0.019959,-0.059320,-0.017382,-0.028075,0.006275,0.007769,0.035361,0.008674,-0.005302,0.000618,-0.013061
0.000916,0.004323,0.051698,0.017838,0.069833,0.063641,0.048847,-0.094111,-0.071414,-0.080957,0.006555,-0.105181,0.000259,0.060366,0.080232,0.047877
-0.001179,0.003583,0.023340,0.044054,0.097207,0.105352,0.057707,-0.053121,0.026002,0.076158,0.069931,-0.156701,0.086292,0.007523,-0.005021,0.016158
-0.003657,-0.053457,-0.039672,-0.017361,0.091719,0.029561,-0.032840,-0.026227,-0.011462,0.027973,0.037827,-0.074201,0.044682,0.007518,-0.011955,0.002385
-0.003061,0.000317,-0.038337,-0.015899,0.022957,0.005355,-0.029982,0.001286,0.022716,0.055285,0.035405,0.006348,0.028982,0.006381,-0.022136,-0.014737
-0.000938,0.023958,-0.030642,0.067615,0.136706,0.044442,0.051527,0.032821,0.104661,0.145772,0.111175,-0.177809,0.057674,0.097364,-0.045244,-0.011708
