-0.013358,0.004471,0.009520,-0.022191,-0.011704,-0.026608,0.003863,0.022789,-0.014281,0.007057,0.009415,0.020092,0.070205,0.025910,-0.034537,0.087893
0.280549,0.090832,0.025725,-0.012245,-0.032323,-0.138035,0.109217,0.005916,-0.115645,-0.001201,-0.139311,0.180499,0.063950,0.126720,-0.085962,0.046002
-0.290341,-0.001407,-0.010826,0.008930,0.013973,-0.074602,0.015389,0.008163,0.012626,0.026342,0.025076,-0.006434,0.057232,0.015666,-0.091399,0.075187
0.286606,-0.042817,-0.041306,-0.023175,0.018921,-0.038474,-0.022097,0.016208,-0.039263,0.006277,-0.015103,-0.008881,0.093007,0.070223,-0.057003,0.042921
0.831867,-0.045133,-0.001813,-0.070160,-0.017967,0.061885,0.011911,0.034063,-0.079144,-0.050425,-0.026930,0.037330,0.106295,0.003948,-0.028470,0.135830
0.127433,-0.050892,-0.022773,-0.030976,0.033857,0.032838,-0.007322,0.025526,0.008264,0.019191,0.038220,-0.053017,0.049958,-0.038576,-0.066850,0.079772
-0.311536,0.008361,-0.003527,0.003134,0.007627,-0.082185,0.008753,0.002185,-0.000148,0.013728,0.016662,0.011258,0.066361,0.025736,-0.077965,0.091914
0.212502,0.005822,0.017257,-0.024486,-0.034055,-0.006037,0.029568,0.041388,-0.012505,0.023672,0.001923,0.032762,0.067518,0.032373,-0.030430,0.064954
-0.155363,0.005071,0.004120,-0.006771,-0.038656,-0.067207,0.002324,0.014613,0.005294,0.025140,0.016442,0.038316,0.098505,0.055788,-0.033255,0.106625
0.061846,-0.009342,-0.008542,-0.020410,0.079975,-0.011265,0.041007,0.005126,-0.052504,-0.046605,-0.005479,-0.022085,0.013301,-0.068818,-0.140125,0.095669
0.072584,0.067615,0.117481,-0.027074,-0.176129,-0.032193,0.027776,0.043965,-0.031811,-0.089176,0.046573,0.144963,0.170015,0.052319,0.058551,0.261689
-0.153560,0.061438,0.033720,-0.035020,0.023293,-0.007906,-0.007605,0.043738,-0.049992,-0.010694,-0.031819,0.029686,0.005712,0.039760,0.015292,0.010102
0.506070,-0.063017,-0.019464,-0.030271,-0.025188,0.019371,0.012409,0.031083,-0.019749,-0.019668,0.023437,0.000904,0.116589,-0.000754,-0.064369,0.139676
0.235509,0.036926,0.043015,-0.068110,0.081419,0.115259,0.049652,0.054669,-0.074379,-0.064300,-0.032071,-0.001662,-0.057044,-0.122056,-0.046969,0.067218
0.292718,0.090639,0.080839,-0.068426,-0.060352,0.044481,0.051438,0.063955,-0.076464,-0.021918,-0.068367,0.136440,0.033307,0.030597,0.062179,0.090344
0.406072,0.031024,0.029555,-0.031302,-0.058826,-0.041404,0.006476,0.042616,-0.097887,-0.084780,-0.050358,0.101004,0.121920,0.105267,0.012080,0.110433
0.087725,-0.061963,-0.066791,-0.028923,0.174204,0.061287,0.018472,0.018745,-0.036405,-0.030529,-0.000866,-0.113628,-0.049584,-0.142698,-0.168568,0.043883
-0.409054,0.010397,-0.031377,0.006463,0.056688,-0.089077,-0.061560,0.025890,0.007397,0.078403,0.008454,-0.064194,0.018705,0.117055,-0.024760,-0.107983
-0.638117,0.056477,0.022251,0.001188,-0.039838,-0.109668,-0.000612,0.003375,0.021989,0.057244,0.005421,0.069330,0.072586,0.073486,-0.006911,0.094949
-0.561837,0.015092,-0.027111,0.019611,0.081314,-0.101736,0.007412,-0.002506,0.005439,0.038694,0.007399,-0.040096,0.001403,0.012515,-0.121579,0.003285
0.158818,0.089037,0.114379,-0.063166,-0.140963,0.070369,0.060752,0.078049,-0.016361,-0.011865,-0.005887,0.156957,0.074250,-0.001913,0.101164,0.187303
0.026312,-0.037486,-0.018028,-0.021239,0.069423,0.012760,-0.025707,0.023735,-0.028155,-0.048298,0.036138,-0.073786,0.037835,-0.037396,-0.080538,0.069462
-0.074955,-0.023830,-0.028415,-0.003158,0.078446,0.005740,-0.015732,0.049120,0.012999,0.042708,0.031986,-0.102189,-0.012201,0.002095,-0.072924,-0.068211
-0.116046,-0.003837,-0.025682,-0.041619,0.148729,-0.016226,-0.033893,-0.013234,-0.097479,-0.081576,-0.032497,-0.053523,-0.007360,-0.042740,-0.103848,0.054110
-0.005169,0.038863,0.022567,-0.053031,0.041277,0.067770,0.025045,0.057305,-0.010178,0.060097,-0.025219,0.003224,-0.042341,-0.030795,0.000677,-0.014215
-0.138501,0.000464,-0.004484,-0.010032,0.011884,-0.045697,-0.017573,0.021854,-0.019192,-0.012953,0.011955,-0.002904,0.067294,0.037755,-0.040483,0.070322
-0.198197,-0.000311,0.009047,-0.016232,-0.012932,-0.021745,0.028884,0.014819,0.045361,0.090088,0.040223,-0.000416,0.043128,-0.013116,-0.061110,0.074668
0.389346,-0.037068,-0.007885,-0.040914,-0.002635,0.001379,-0.008398,0.016461,-0.052688,-0.042828,0.002522,0.010164,0.104488,0.015526,-0.049596,0.128130
0.611774,-0.069079,-0.051162,0.028003,-0.051748,-0.033042,0.108996,0.059239,0.060299,0.134160,0.010980,-0.004264,0.081893,0.052068,-0.145457,-0.018535
-0.469809,0.009920,-0.003864,0.011441,-0.032715,-0.179622,-0.033560,-0.041935,-0.021781,-0.015468,0.018659,0.053147,0.153992,0.107886,-0.066367,0.161781
0.086183,0.020087,0.013643,-0.032257,-0.004720,-0.031194,-0.030168,0.031945,-0.059969,-0.032993,-0.019770,0.028768,0.075588,0.079488,0.008497,0.049826
-0.424702,0.093666,0.027808,-0.034758,0.158096,-0.006126,0.007338,0.028128,-0.086592,-0.024030,-0.059023,-0.035158,-0.118902,-0.034450,-0.063096,-0.087252
-0.453168,0.014783,-0.025900,0.032616,0.068500,-0.124256,0.018337,0.000768,-0.015535,-0.002617,0.001626,-0.025868,0.024679,0.029822,-0.138736,0.020782
0.647844,-0.087902,-0.056389,0.021119,-0.076222,-0.097653,0.057440,0.014435,0.001478,0.033390,0.015313,0.032367,0.184013,0.091990,-0.142773,0.119732
-0.468086,0.054702,0.066570,-0.063578,0.048309,0.053176,-0.035472,0.015906,-0.034954,-0.064637,0.030935,-0.005289,-0.004708,-0.088718,0.019707,0.143876
0.314832,-0.029900,-0.008002,-0.031054,-0.000417,0.009280,0.034661,0.022533,-0.022129,0.000053,0.002637,0.013865,0.072149,-0.019367,-0.078669,0.116300
0.195341,-0.025826,-0.022180,0.005989,-0.018031,-0.092825,0.020562,0.007260,-0.036068,-0.021221,-0.003167,0.027633,0.121191,0.069442,-0.101102,0.101287
0.511312,-0.041592,-0.005384,-0.030073,-0.041545,0.103193,-0.029229,0.118838,0.020540,0.026022,0.037121,-0.047299,0.060666,0.050965,0.062285,-0.027337
-0.427149,0.014776,0.002590,-0.007206,0.036668,-0.043816,0.002945,0.009767,0.020844,0.048429,0.029582,-0.024582,0.016719,-0.009398,-0.067566,0.046020
-0.289014,0.040526,0.042573,-0.007172,-0.032646,-0.015980,0.030731,0.044177,0.027073,0.032532,0.035291,0.023337,0.034566,-0.001658,-0.020301,0.075074
0.167555,0.060752,0.055497,-0.025594,-0.041601,-0.026812,0.051093,0.044591,-0.056214,-0.021850,-0.026263,0.080217,0.051631,0.043057,-0.021031,0.070029
-0.064343,-0.043346,-0.031179,0.009580,0.024390,-0.073413,-0.016567,0.003864,-0.014114,-0.034900,0.039434,-0.038791,0.098903,0.023972,-0.106392,0.102143
-0.365004,0.024176,-0.009720,-0.037520,0.130839,-0.022768,-0.047508,-0.000975,-0.063084,-0.025680,-0.020436,-0.055137,-0.027836,-0.012074,-0.057254,-0.002307
0.094899,-0.075814,-0.047616,0.054732,-0.055836,-0.086866,0.029597,0.043268,0.071246,0.052223,0.080351,-0.044613,0.134209,0.065134,-0.122235,0.059021
0.241899,0.044978,0.012630,-0.037229,0.008968,0.017889,0.030571,0.068224,-0.046795,0.036360,-0.068571,0.047256,-0.000062,0.062933,0.009161,-0.046377
0.109938,0.085134,0.060707,-0.072849,0.057306,0.099058,0.002466,0.081639,-0.095008,-0.063143,-0.064545,0.029864,-0.058442,-0.021427,0.057742,-0.011175
-0.256617,0.017042,-0.009641,0.044322,-0.029399,-0.170317,0.020665,0.007245,-0.014531,-0.005415,0.004975,0.036736,0.112028,0.119008,-0.100550,0.059143
0.595524,-0.163532,-0.137010,0.015586,0.114031,-0.065959,-0.048024,-0.005503,-0.052438,-0.059178,0.025755,-0.145870,0.123733,0.038328,-0.207542,0.032049
-0.606286,0.015395,-0.006493,0.004147,0.014044,-0.106678,-0.020410,-0.013821,0.020710,0.045193,0.028814,0.001425,0.064333,0.040747,-0.060151,0.083130
0.253338,-0.023798,0.017393,-0.039118,-0.055233,0.045550,0.023626,0.043052,0.016559,0.022413,0.034667,0.026809,0.089471,-0.020821,-0.013721,0.144571
-0.068419,-0.052098,-0.024264,-0.047490,0.045124,0.000761,-0.057471,-0.015644,-0.020851,-0.024675,0.038112,-0.039774,0.087609,-0.031191,-0.050722,0.158545
0.025614,0.065601,0.042394,-0.025442,-0.056080,-0.046277,0.001426,0.051296,-0.051036,-0.006197,-0.040008,0.089998,0.073087,0.115439,0.045653,0.037048
0.018171,-0.034366,-0.007827,-0.004775,-0.015153,-0.037496,-0.037317,0.028308,-0.002823,-0.021476,0.055225,-0.034182,0.107972,0.046903,-0.037963,0.085798
0.020998,0.025079,0.011372,-0.021597,-0.016298,-0.048556,-0.008718,0.029863,-0.049950,-0.024499,-0.023409,0.048882,0.079708,0.075634,-0.006979,0.070516
-0.285941,-0.057804,-0.041184,-0.010811,0.096454,-0.021791,-0.030775,-0.013625,0.007715,-0.009688,0.061509,-0.100697,0.036850,-0.069788,-0.129478,0.100203
0.251217,-0.020771,-0.060538,-0.055688,0.180950,-0.067358,-0.018092,-0.054182,-0.144097,-0.034406,-0.100639,-0.035015,0.000575,0.018512,-0.161564,-0.013247
0.151529,-0.022921,-0.001752,-0.020284,-0.037797,-0.020796,0.019415,0.020439,-0.002769,0.007687,0.014516,0.033671,0.105268,0.018125,-0.049441,0.136457
-0.567335,0.028750,0.003435,0.035115,0.004960,-0.119073,0.032963,0.008193,0.024863,0.023805,0.032159,0.006634,0.048406,0.024199,-0.106032,0.072434
-0.116896,-0.037658,0.020203,-0.000573,-0.056682,0.042170,0.021495,0.060146,0.118308,0.111244,0.128186,-0.068171,0.053420,-0.044685,-0.037767,0.062700
0.446580,-0.085607,-0.021394,-0.033445,-0.055116,0.040482,0.024377,0.024981,0.041302,0.050126,0.058920,-0.005536,0.127218,-0.031665,-0.064752,0.170266
0.469269,-0.029937,-0.014551,-0.000362,-0.062811,-0.040266,0.041276,0.048027,-0.012072,0.017424,-0.002340,0.040441,0.120085,0.079552,-0.059770,0.069488
0.340978,0.001730,-0.007904,-0.044746,0.029702,0.038039,0.040619,0.046309,-0.023348,0.067028,-0.044643,0.011268,0.000903,0.009440,-0.042488,-0.019693
-0.069375,0.002165,-0.027382,0.017247,-0.000060,-0.068161,0.047646,0.038188,0.014428,0.062941,-0.015354,0.019014,0.044519,0.053893,-0.084556,0.010050
-0.178261,0.037085,0.005657,-0.011087,0.016651,-0.089678,0.016819,0.001845,-0.043780,0.007801,-0.031526,0.044993,0.050095,0.057419,-0.065161,0.054128
0.210166,0.019202,0.016702,-0.096528,0.100973,0.084550,-0.019788,0.013498,-0.103255,-0.052137,-0.053668,0.000288,-0.020545,-0.066148,-0.013718,0.072986
0.413823,-0.032117,-0.002889,-0.032412,-0.025567,-0.005380,0.018941,0.021360,-0.040630,-0.029790,0.001765,0.031085,0.109990,0.014393,-0.059639,0.140070
-0.232566,-0.016401,-0.033097,0.016755,0.042482,-0.100686,-0.010534,0.003299,-0.006514,0.015925,0.018579,-0.038192,0.061002,0.053444,-0.106447,0.023358
-0.635505,0.054933,0.055130,-0.033369,0.015385,-0.014191,-0.019302,0.004693,-0.007170,-0.033650,0.040305,0.017431,0.027616,-0.052095,-0.005689,0.160154
-0.334267,0.090311,0.004214,-0.000726,0.077195,-0.054592,0.073909,0.046059,-0.016422,0.108343,-0.082597,0.026343,-0.091038,0.042251,-0.071811,-0.138598
-0.225711,0.036892,0.040235,-0.042569,-0.036900,-0.019213,-0.029547,0.019441,-0.015733,0.004010,0.012175,0.050066,0.077845,0.040671,0.038934,0.117607
-0.348549,0.089593,0.060735,-0.009196,-0.047879,-0.055954,-0.001968,0.053953,-0.028049,-0.017108,-0.012363,0.074333,0.048907,0.088742,0.047518,0.044059
-0.234948,-0.006272,-0.019098,0.018958,0.052693,-0.044149,0.023161,0.035720,0.029960,0.058219,0.034283,-0.067844,-0.001054,0.003574,-0.108810,-0.036042
-0.272652,0.011416,0.013272,-0.015117,0.046010,-0.021616,-0.017429,0.018138,-0.029462,-0.055170,0.028790,-0.027446,0.034862,-0.024249,-0.056757,0.095000
-0.549469,0.004959,-0.013167,0.005462,0.046054,-0.104075,-0.022049,-0.019530,-0.001190,0.006512,0.029622,-0.022216,0.056131,0.017685,-0.092056,0.087640
0.081919,0.011522,0.023825,-0.042881,0.027104,0.020283,0.000193,0.025365,-0.064655,-0.080878,-0.002966,0.015309,0.047788,-0.034175,-0.036786,0.133700
-0.109359,0.023930,-0.010298,0.018965,0.094257,-0.009501,0.085289,0.059766,0.013664,0.071394,-0.004477,-0.067070,-0.084087,-0.040358,-0.146713,-0.111043
-0.013053,0.116999,0.133703,-0.017360,-0.125206,0.062313,0.067565,0.127739,-0.000034,-0.037697,0.027430,0.095797,0.022467,0.011801,0.092490,0.070950
0.371461,0.014843,-0.005821,-0.019570,0.042293,0.005195,0.036869,0.062576,-0.064741,-0.013130,-0.051984,0.003586,0.004784,0.038670,-0.058878,-0.040838
0.258553,0.036381,0.008441,-0.047752,-0.012572,-0.037996,0.017308,0.019369,-0.084867,-0.008677,-0.083976,0.101862,0.072281,0.083065,-0.005322,0.071838
-0.274730,-0.010107,-0.010010,-0.014189,0.020855,-0.066040,-0.023132,-0.009968,-0.001211,0.021065,0.026183,-0.012657,0.073143,0.024376,-0.064179,0.090479
0.412553,-0.068925,-0.095444,0.034392,0.072024,-0.041866,0.046265,0.064722,0.018076,0.104167,-0.019115,-0.092147,0.006693,0.072829,-0.154790,-0.160069
0.762698,0.131205,0.113818,-0.103376,-0.156372,0.078078,0.140629,0.081629,-0.073949,0.079648,-0.142627,0.273097,0.039725,0.065323,0.111067,0.091870
-0.012186,0.116229,0.054966,-0.044019,-0.052616,-0.072885,0.041056,0.030430,-0.083732,0.027015,-0.113147,0.171365,0.045736,0.131285,0.046717,0.032509
-0.408464,0.062843,0.024389,-0.008171,-0.012631,-0.062169,0.009535,0.032917,0.000932,0.050104,-0.017921,0.050489,0.027913,0.066528,0.001577,0.020614
0.295068,-0.054519,-0.028568,-0.016182,-0.031913,-0.052483,-0.028993,0.012121,-0.027896,-0.021028,0.018967,0.007308,0.150152,0.076640,-0.046942,0.120724
-0.051111,-0.080480,-0.050823,0.006074,0.002911,-0.071008,-0.026953,-0.010928,0.021333,0.003153,0.063658,-0.044746,0.135538,0.017749,-0.108632,0.146937
0.703374,0.005365,0.072878,-0.103457,-0.135371,0.075389,0.056308,0.011108,-0.071169,-0.069125,-0.023234,0.183345,0.170204,-0.044771,0.033307,0.363428
0.847188,-0.161113,-0.082432,-0.033104,-0.029451,-0.025344,-0.021334,-0.024918,-0.028014,-0.030483,0.041225,-0.020512,0.225080,0.022127,-0.129972,0.233395
-0.288509,-0.028001,-0.051576,0.006016,0.033261,-0.105262,-0.027406,-0.010791,0.002657,0.040084,0.002204,-0.014272,0.084324,0.069424,-0.082553,0.054335
0.259732,-0.034808,-0.053560,0.005288,0.044064,-0.022936,0.021281,0.054106,-0.008210,0.047025,-0.021761,-0.039783,0.028600,0.056018,-0.088031,-0.059237
-0.102217,-0.044131,-0.035311,-0.032353,0.097842,-0.041312,-0.083476,-0.019809,-0.064019,-0.068993,0.022528,-0.077976,0.068754,0.008629,-0.076420,0.081563
0.167197,-0.105498,-0.062904,-0.003165,0.059065,-0.010446,-0.049644,0.013608,0.011363,-0.007307,0.076375,-0.126936,0.088813,-0.006458,-0.113867,0.055564
-0.400660,0.092646,0.069195,-0.066894,-0.004898,-0.016137,-0.011752,0.000554,-0.063689,-0.030764,-0.039025,0.103295,0.034313,0.005165,0.046410,0.151076
-0.454719,0.026624,0.017239,0.008486,0.038007,-0.088744,0.013124,-0.006850,-0.024356,-0.048091,0.029926,-0.004621,0.045147,-0.017976,-0.109246,0.119260
-0.681738,0.053534,0.037425,0.012053,0.000049,-0.100487,0.006457,-0.000453,-0.004460,-0.036329,0.038489,0.027019,0.055982,0.000454,-0.063487,0.142079
-0.334881,0.043965,0.003501,-0.027725,0.011614,-0.053654,0.018750,0.006391,0.001656,0.091434,-0.035859,0.053341,0.019656,0.040422,-0.025871,0.034206
-0.016467,-0.012306,-0.010043,0.030229,-0.051401,-0.089897,0.048325,0.031737,0.021687,0.022319,0.027101,0.028034,0.106152,0.056360,-0.094291,0.090591
-0.431088,0.026278,-0.005192,0.012602,0.013607,-0.118816,0.037729,-0.012229,0.009158,0.057795,-0.000909,0.028982,0.047339,0.033933,-0.108786,0.065812
0.472158,-0.091882,-0.015662,-0.001118,0.004269,-0.032915,0.050635,-0.016396,-0.037568,-0.109792,0.073265,-0.033347,0.143607,-0.086450,-0.207262,0.254956
0.059567,0.013202,-0.001291,-0.029056,0.023597,-0.031449,-0.009850,0.023565,-0.053645,-0.013554,-0.027698,0.018036,0.051298,0.050657,-0.030626,0.040666
-0.203800,0.007945,-0.010036,0.051585,-0.046997,-0.103460,0.086452,0.044469,0.069570,0.108040,0.031466,0.015649,0.054502,0.055296,-0.117116,0.006412
0.205825,0.005588,0.035077,-0.040906,-0.039130,0.036796,0.016180,0.046939,-0.013639,-0.006784,0.020489,0.028758,0.068357,-0.006320,-0.002397,0.112105
-0.684225,0.032474,0.010960,0.013995,0.015924,-0.138652,0.018055,-0.036514,-0.002475,-0.007242,0.025472,0.032734,0.070894,-0.000015,-0.115604,0.162408
0.133250,-0.017313,0.015159,-0.036442,-0.074461,0.025113,0.016850,0.038364,0.035468,0.058819,0.031865,0.043409,0.100279,0.008935,0.006732,0.137471
-0.027957,0.006728,-0.023067,-0.065705,0.074976,-0.039419,0.034921,-0.051455,-0.059777,0.049884,-0.078672,0.063075,0.025733,-0.030250,-0.105915,0.122526
0.525767,-0.110126,-0.030530,-0.014513,-0.060010,-0.056875,-0.002659,-0.024229,-0.024786,-0.072192,0.068307,0.006344,0.222974,0.007049,-0.126698,0.279680
-0.100511,-0.059422,-0.021019,-0.027441,0.019386,0.112519,0.001381,0.071666,0.148034,0.215566,0.104831,-0.132855,-0.031724,-0.068388,-0.021699,-0.069953
0.291001,-0.061123,-0.018251,-0.004281,-0.021054,-0.017484,0.043267,0.017267,0.017792,0.017772,0.051971,-0.018068,0.101757,-0.023836,-0.122545,0.132168
-0.082691,0.006373,0.032472,-0.072235,0.006197,0.070492,-0.021018,0.020750,-0.004446,0.012634,0.024377,0.008865,0.036382,-0.059056,0.021937,0.139220
-0.422976,0.052586,0.030991,-0.005299,-0.017952,-0.067486,0.053266,0.009341,0.025282,0.076592,0.006692,0.051896,0.027062,0.007151,-0.060737,0.075275
0.277580,-0.083085,-0.044462,0.001621,-0.008513,-0.045332,-0.053662,0.023973,-0.024928,-0.068813,0.053595,-0.049907,0.155188,0.060361,-0.065354,0.119247
-0.373829,-0.043982,-0.028344,0.019038,0.032464,-0.087803,-0.021684,-0.013262,0.012712,-0.034113,0.072622,-0.054811,0.096676,-0.014364,-0.125011,0.147738
0.017577,0.014151,-0.008938,-0.039371,0.064479,-0.008147,-0.031168,0.029014,-0.051128,0.015804,-0.030883,-0.022561,0.007776,0.048301,-0.018802,-0.034804
-0.103612,0.030780,0.044436,-0.013937,-0.068236,-0.059684,0.024910,0.014534,-0.018413,-0.027963,0.021968,0.076476,0.111283,0.028829,-0.029297,0.177154
0.008936,-0.058379,-0.072828,0.046055,0.025843,-0.136812,0.032305,0.001637,0.014851,0.050353,0.016987,-0.038511,0.092554,0.071413,-0.178141,0.018083
0.783188,-0.051815,-0.095042,0.024728,0.065572,-0.165910,0.077933,-0.011787,-0.122801,-0.021170,-0.113228,0.030410,0.098343,0.133756,-0.236697,-0.026722
-0.267205,0.004092,0.006146,0.007533,-0.057086,-0.068639,-0.006911,0.028573,0.019997,0.002103,0.034801,0.036942,0.114107,0.058784,-0.015804,0.129710
-0.147496,-0.062390,-0.003441,-0.102070,0.040308,0.162384,-0.137746,0.034392,0.029165,0.004265,0.081662,-0.092178,0.049873,-0.083468,0.107126,0.142812
-0.123111,0.053154,0.005365,0.022741,0.040022,-0.074454,0.069686,0.049058,-0.027817,0.021725,-0.035448,0.011362,-0.017894,0.043331,-0.104935,-0.057076
0.505360,-0.029086,0.000868,-0.057134,0.017074,0.064071,0.002484,0.042487,-0.050885,-0.026260,-0.005038,-0.007533,0.054087,-0.017561,-0.030688,0.078290
0.137915,0.030433,-0.000085,-0.001027,-0.026341,-0.045880,0.059371,0.054817,-0.016022,0.048758,-0.044257,0.061836,0.042922,0.074804,-0.043628,0.001586
0.663294,-0.041585,0.008584,-0.046212,-0.013723,0.063569,0.059956,0.039672,-0.027251,-0.004826,0.014572,0.005498,0.066017,-0.054582,-0.085249,0.118824
-0.373598,-0.124591,-0.010741,-0.044655,0.029766,0.091784,-0.043369,-0.028899,0.120381,0.036874,0.202832,-0.147944,0.084017,-0.225306,-0.107572,0.293796
-0.461774,-0.029729,-0.046432,-0.007226,0.116256,-0.097420,-0.056968,-0.042006,-0.033111,-0.020908,0.024224,-0.076782,0.044607,-0.001819,-0.127960,0.071457
0.312509,0.000238,-0.016202,0.024924,-0.019501,-0.118674,0.011878,0.037629,-0.094582,-0.111889,-0.036719,0.046864,0.130316,0.130259,-0.080812,0.066680
0.049588,-0.111813,-0.072758,0.013670,-0.009617,-0.060267,-0.076911,0.015576,0.046889,0.032349,0.089534,-0.095436,0.154762,0.078812,-0.063927,0.067980
-0.599517,0.069477,0.036108,-0.007245,-0.019200,-0.118796,-0.016175,-0.007588,-0.027820,-0.010697,-0.006171,0.071885,0.075852,0.073853,-0.010217,0.113442
-0.710171,0.046946,0.022810,0.003142,0.024256,-0.101954,-0.015066,-0.010811,-0.010732,-0.023780,0.025445,0.015176,0.049021,0.011826,-0.057317,0.118599
-0.286000,0.050109,0.023959,-0.003099,-0.013736,-0.085664,0.004177,0.019697,-0.035916,-0.022291,-0.013606,0.054864,0.066359,0.067061,-0.026490,0.078724
0.334413,-0.006933,-0.044507,-0.013085,-0.051276,-0.078652,0.031326,0.033602,0.001552,0.145483,-0.073165,0.078293,0.092239,0.168165,-0.020071,-0.045084
0.096058,0.086087,0.041927,-0.084983,-0.032120,0.015302,0.017947,0.032672,-0.062586,0.068191,-0.109676,0.146326,0.024398,0.078349,0.085361,0.041148
-0.681516,0.049284,0.023942,0.007608,-0.018886,-0.110345,-0.006212,-0.001559,0.012855,0.016098,0.023799,0.042871,0.069969,0.045854,-0.032510,0.114221
0.007533,0.017195,0.019580,-0.032726,-0.036394,-0.052724,-0.008737,0.005130,-0.057406,-0.055328,-0.015730,0.078729,0.118669,0.049442,-0.011655,0.173965
0.073674,-0.035933,-0.029482,0.024652,0.022517,-0.044120,0.013595,0.046019,-0.013797,-0.050511,0.033257,-0.043841,0.071026,0.014214,-0.108315,0.061729
0.163230,-0.021110,-0.023679,0.003782,-0.010910,-0.087445,0.044756,0.003981,-0.014154,0.035050,-0.005975,0.025883,0.092474,0.052376,-0.118354,0.072467
0.073223,0.041387,-0.001452,0.001645,-0.000126,-0.076324,-0.053589,0.071141,-0.084906,-0.060821,-0.048380,0.020956,0.070221,0.180935,0.038052,-0.065777
-0.445877,-0.004278,-0.014230,-0.025584,0.103561,-0.009487,-0.016863,-0.005121,0.007331,0.036573,0.029731,-0.072785,-0.020162,-0.063791,-0.091089,0.038551
0.070493,0.004724,-0.018972,-0.019922,0.068355,-0.025936,0.010663,0.023892,-0.063790,-0.032526,-0.038171,-0.004311,0.019908,0.011768,-0.080694,0.029844
-0.308729,-0.067609,-0.083635,0.045993,0.021702,-0.092223,0.061663,0.007855,0.124804,0.202275,0.052758,-0.064387,0.037791,0.008176,-0.176452,-0.012922
-0.384188,0.072898,0.060881,-0.013274,-0.058963,-0.074574,0.065024,0.002260,0.001422,0.027551,-0.001323,0.108834,0.063020,0.006653,-0.042446,0.159650
-0.416396,-0.015274,-0.033025,0.028405,0.038084,-0.136013,0.013080,-0.020368,0.033846,0.085012,0.038216,-0.043864,0.052927,0.044318,-0.147334,0.014105
-0.170228,0.095881,0.063222,-0.035945,-0.021666,-0.018623,0.017896,0.049701,-0.050593,-0.003330,-0.046128,0.085686,0.014697,0.058929,0.041225,0.029141
0.241662,-0.054138,-0.023362,0.017729,-0.110864,-0.111404,0.066764,-0.002724,0.059434,0.115108,0.043128,0.054887,0.170994,0.079253,-0.116599,0.135521
0.668912,0.016057,0.033075,-0.052171,-0.036365,0.145048,0.088386,0.120017,-0.004994,0.043076,-0.032028,0.041796,-0.011878,-0.036885,0.017863,0.004452
0.148789,0.082714,0.112273,-0.073519,-0.181976,0.030677,0.062814,0.040559,-0.013331,0.011769,-0.016280,0.212910,0.131255,0.021823,0.102460,0.267867
-0.182427,0.032802,0.007113,-0.037027,0.034510,-0.044309,-0.050221,0.012461,-0.076207,-0.058619,-0.034375,0.029966,0.058653,0.060545,0.007695,0.074842
0.059067,-0.057499,-0.035528,0.017512,-0.022365,-0.005485,-0.005428,0.067803,0.076461,0.092611,0.071535,-0.075424,0.067612,0.048014,-0.045882,-0.023463
0.416928,-0.034426,-0.018708,-0.012060,-0.019417,-0.065531,-0.016061,0.018637,-0.073625,-0.073390,-0.009153,0.022212,0.141772,0.091055,-0.060047,0.103896
0.568836,-0.062053,-0.029417,-0.042435,0.056933,0.108498,0.030896,0.066987,0.007472,0.057490,0.016240,-0.083279,-0.008591,-0.060087,-0.076843,-0.027073
-0.249327,0.057531,0.033955,-0.013534,-0.002918,-0.091148,0.030721,-0.003415,-0.049468,-0.018900,-0.023208,0.070504,0.056651,0.035607,-0.062734,0.106528
0.422088,0.052153,0.045307,-0.051840,-0.020231,-0.055790,0.031102,0.003147,-0.142805,-0.103751,-0.077771,0.121155,0.097387,0.064513,-0.037713,0.140881
0.500617,-0.037249,-0.013017,-0.055964,0.006807,0.046500,-0.017317,0.039115,-0.049663,-0.016607,-0.013324,0.000383,0.077317,0.020715,-0.012010,0.073368
0.557484,-0.022355,-0.019600,-0.049587,0.045848,0.035190,0.049301,0.028840,-0.061247,0.008905,-0.050899,0.013251,0.024993,-0.018422,-0.089110,0.042906
0.002890,0.055817,0.024735,-0.029268,-0.037123,-0.056262,-0.009094,0.037918,-0.054139,0.007122,-0.052204,0.084834,0.072611,0.122480,0.037580,0.028758
0.258969,0.068426,0.086736,-0.120182,0.016891,0.165701,0.002385,0.062217,-0.076608,-0.038353,-0.039098,0.055881,-0.030663,-0.083662,0.092078,0.098002
-0.290359,0.051153,0.040508,-0.032971,0.021918,0.009334,-0.040091,0.046162,-0.062856,-0.108701,-0.003204,0.022353,0.036686,0.001791,0.034349,0.112103
0.070117,0.026436,-0.068175,-0.011074,0.081304,-0.168106,0.017482,-0.025492,-0.085393,0.105588,-0.139687,0.053827,0.026029,0.179140,-0.109401,-0.121916
0.046845,0.078805,0.059888,-0.074709,-0.066913,-0.067846,0.084445,-0.045521,-0.083618,0.005834,-0.096359,0.221373,0.102481,0.011353,-0.034063,0.264878
0.202072,-0.026763,0.074597,-0.055027,-0.150907,0.120152,-0.019159,0.077317,0.067610,-0.002294,0.124757,0.022428,0.142416,-0.043289,0.097754,0.237163
-0.118944,0.032547,0.027397,-0.040527,0.000285,-0.015244,-0.007916,0.017552,-0.039606,-0.017546,-0.010640,0.042343,0.053956,0.016400,-0.003958,0.105218
-0.104751,0.004388,-0.018506,-0.029882,0.094085,-0.034915,0.005437,-0.007921,-0.061177,-0.023374,-0.031759,-0.011857,0.010202,-0.022777,-0.103714,0.061875
0.322812,0.011456,-0.037091,-0.046860,0.115374,-0.043727,-0.040041,0.011424,-0.153290,-0.079578,-0.108665,0.004143,0.022772,0.089097,-0.051661,-0.035558
-0.033415,-0.076694,-0.074625,0.029158,0.084017,-0.012614,-0.038729,0.063653,0.056400,0.079589,0.068867,-0.171627,0.006187,0.038066,-0.097837,-0.134947
-0.403814,0.028286,0.027318,0.022419,-0.050187,-0.153508,0.034684,-0.023705,-0.005536,-0.017889,0.034181,0.064384,0.124255,0.045260,-0.105656,0.180698
0.313415,0.011707,0.049108,-0.079867,-0.049680,0.001988,-0.086895,0.010031,-0.128523,-0.164823,-0.010779,0.079112,0.166705,0.068751,0.078781,0.229904
-0.434494,0.005922,-0.023593,-0.012932,0.096825,-0.048071,-0.036020,0.002886,-0.022101,0.002145,0.004670,-0.053725,0.002147,0.000272,-0.071359,0.017778
0.352369,0.119678,0.105848,-0.107682,-0.061866,0.094045,0.046205,0.067246,-0.098373,-0.016475,-0.103272,0.173911,0.010062,0.020762,0.122174,0.093423
-0.315149,0.144478,0.140802,-0.110893,-0.043256,0.078465,0.045528,0.017012,-0.059525,-0.017685,-0.045118,0.165397,-0.010884,-0.085270,0.092510,0.213386
-0.643173,0.000671,0.008236,0.007783,0.011841,-0.079580,-0.010572,-0.014329,0.038764,0.014120,0.075511,-0.025602,0.066828,-0.026309,-0.085897,0.144497
-0.026076,-0.099780,-0.073447,-0.048844,0.126559,-0.028364,-0.082675,-0.059428,-0.037256,-0.013930,0.035802,-0.108082,0.078048,-0.041595,-0.130223,0.121196
0.567680,-0.095112,-0.012035,-0.014628,-0.004375,0.051195,0.039356,0.033419,0.000480,-0.059369,0.086168,-0.064115,0.104000,-0.094862,-0.139723,0.179640
-0.705999,0.065711,0.052015,-0.025691,-0.011015,-0.057601,-0.014964,-0.005481,-0.001333,-0.005176,0.024891,0.052770,0.050220,-0.006161,0.001353,0.159921
0.486203,-0.052059,-0.022524,-0.015691,-0.039967,-0.018816,-0.013275,0.042911,-0.028788,-0.021204,0.015347,0.002284,0.133335,0.076461,-0.034836,0.081683
0.588154,-0.010948,0.031413,-0.066290,-0.110597,0.074425,0.029528,0.061254,-0.008210,0.026405,-0.007433,0.097227,0.120410,0.024827,0.054395,0.159901
-0.282094,0.088773,0.043811,0.003474,-0.017734,-0.091452,0.032617,0.039383,-0.040227,0.002732,-0.035377,0.070972,0.027965,0.089889,-0.019426,0.004944
0.246812,0.010837,0.014502,-0.029590,-0.059326,-0.028145,0.011689,0.037243,-0.023066,0.029945,-0.019008,0.065024,0.098534,0.087489,0.004705,0.065100
-0.307192,0.048829,0.012642,-0.009762,0.022254,-0.055718,0.022160,0.023635,-0.018397,0.026673,-0.023410,0.032512,0.014250,0.031485,-0.044060,0.029389
-0.197009,-0.008129,0.003541,-0.005504,-0.000489,-0.007482,0.006083,0.035669,0.025517,0.012543,0.045825,-0.019291,0.051165,-0.017317,-0.048118,0.090830
-0.368795,0.034732,-0.006767,0.006497,0.064610,-0.053600,0.026816,0.029785,0.000993,0.050027,-0.010358,-0.023080,-0.024502,0.013214,-0.084043,-0.037097
-0.212022,0.118388,0.075237,-0.016097,0.006792,0.029906,0.056950,0.101648,-0.020792,0.024379,-0.034063,0.037914,-0.073762,0.018716,0.029354,-0.083013
-0.073224,-0.001638,-0.049575,0.031100,0.051628,-0.114716,-0.003282,0.034926,-0.031811,0.016809,-0.027884,-0.029294,0.041322,0.118238,-0.094382,-0.076114
-0.579568,0.079680,0.046280,0.041108,-0.030534,-0.103476,0.026229,0.057497,0.018525,0.010734,0.031510,0.019147,0.026654,0.074940,-0.030668,-0.004616
1.046555,-0.019096,0.017617,-0.044125,-0.018155,0.086896,0.049762,0.093930,-0.107173,-0.118362,-0.038021,0.030862,0.070582,0.005474,-0.033541,0.072290
0.125750,-0.003733,0.006639,-0.003007,-0.004940,-0.002409,0.011115,0.061232,-0.013377,-0.022318,0.023223,-0.016643,0.053140,0.023254,-0.041335,0.037916
-0.382506,0.044949,0.000447,0.007583,0.041621,-0.073699,0.028068,0.025786,-0.002258,0.052154,-0.015985,0.002891,-0.006040,0.037381,-0.072312,-0.023384
-0.294472,0.029501,0.025086,-0.013432,-0.014231,-0.051792,0.020757,0.008380,-0.007255,-0.002923,0.014049,0.043810,0.063608,-0.000678,-0.049155,0.137064
0.015378,0.069054,0.044474,-0.050274,-0.071455,-0.042406,-0.062030,0.044488,-0.103368,-0.096604,-0.062975,0.132876,0.129128,0.148550,0.123817,0.127728
-0.354555,-0.020681,0.002692,-0.006425,0.010229,-0.071223,0.008678,-0.032349,-0.000685,-0.040328,0.058767,0.002700,0.100365,-0.057499,-0.120919,0.232923
0.538423,-0.078668,-0.034773,-0.004685,-0.057725,-0.028281,0.022543,0.029103,0.001514,0.005252,0.032675,0.007471,0.154457,0.045183,-0.085885,0.132024
-0.119681,0.048080,0.045154,0.001814,-0.080902,-0.073975,0.046532,0.032513,-0.003973,0.006471,0.005257,0.088865,0.095170,0.062614,-0.024599,0.115923
-0.046008,0.002150,-0.011427,-0.008471,-0.002884,-0.037971,0.013224,0.033999,0.010329,0.064701,-0.002092,0.007380,0.047679,0.052743,-0.041380,0.012561
-0.185905,0.048064,0.039245,-0.068277,0.069896,0.081845,-0.041678,0.051655,-0.046084,-0.025228,-0.008363,-0.024467,-0.038537,-0.038890,0.045837,0.016479
0.468511,-0.044590,-0.058825,0.002539,0.034072,-0.028456,0.014977,0.056655,-0.032481,0.024303,-0.032277,-0.031600,0.053350,0.083823,-0.084949,-0.058060
-0.045266,0.020819,-0.006225,-0.015100,0.027297,0.001636,0.030485,0.056002,0.019248,0.104300,-0.016847,-0.012467,-0.018566,0.032323,-0.034706,-0.071291
-0.327506,-0.008143,0.033956,-0.028502,-0.011646,0.009521,-0.031993,0.011540,0.008644,-0.057893,0.083992,-0.016174,0.086265,-0.062729,-0.021556,0.212255
-0.427297,0.125936,0.016011,0.011132,-0.004749,-0.129480,0.051133,0.050086,-0.019773,0.128609,-0.113917,0.107992,-0.025596,0.178829,0.008110,-0.150609
0.360671,-0.028215,-0.009914,-0.027102,-0.054010,-0.030027,-0.009352,0.029402,-0.029454,-0.001502,-0.003843,0.043448,0.134326,0.084237,-0.012491,0.104513
-0.408449,0.029122,0.032223,-0.016308,-0.006129,-0.020328,-0.005336,0.024599,0.019109,0.017712,0.042823,0.002002,0.039712,-0.008752,-0.016930,0.093338
-0.187036,0.026639,0.020489,0.010373,-0.023338,-0.066813,0.063880,0.021686,0.010387,0.024303,0.015418,0.038656,0.053089,0.005011,-0.092292,0.093929
-0.053729,-0.064162,-0.030881,0.059981,-0.115866,-0.148824,0.018897,0.015577,0.069853,0.035516,0.091830,0.012375,0.205184,0.105348,-0.104995,0.153815
-0.237637,0.021437,0.012996,-0.031755,0.037646,-0.057117,-0.037399,-0.008618,-0.064193,-0.059951,-0.002395,0.012709,0.065287,0.022124,-0.038269,0.115606
0.362178,0.040766,0.070310,-0.062633,-0.038322,0.076227,0.008820,0.067280,-0.092314,-0.136682,-0.012806,0.072575,0.069463,-0.024197,0.043551,0.175292
0.289585,0.007990,0.015592,-0.033094,0.013968,0.012726,0.023800,0.040147,-0.064616,-0.057229,-0.019741,0.022579,0.048461,-0.001672,-0.048646,0.083765
-0.415858,-0.023718,-0.006400,0.013415,0.016191,-0.093093,-0.011198,-0.018998,0.011023,-0.028581,0.073212,-0.033147,0.095807,-0.016535,-0.117615,0.162131
-0.470034,0.037242,-0.003498,0.001683,0.025162,-0.111642,0.017672,-0.011811,-0.013127,0.032024,-0.019340,0.039319,0.043769,0.041432,-0.080818,0.070617
-0.002046,0.059339,0.046475,-0.047186,-0.059782,-0.017531,0.041201,0.024692,-0.027115,0.035459,-0.041959,0.120174,0.064646,0.039413,0.018597,0.119025
-0.253582,0.046633,0.027079,-0.001528,-0.032600,-0.062307,0.030947,0.031423,-0.007551,0.007987,-0.004066,0.061549,0.059069,0.041762,-0.029097,0.088574
-0.360166,0.008495,-0.017875,0.014669,0.045979,-0.072941,0.003888,0.021394,0.011162,0.039383,0.015577,-0.035576,0.019480,0.031694,-0.085480,-0.005306
-0.098834,-0.009342,-0.015193,-0.003154,-0.088364,-0.054519,-0.093256,0.070536,0.046929,0.098822,0.031471,-0.001439,0.128013,0.209418,0.110800,-0.053575
-0.302896,-0.008144,0.003623,-0.010731,-0.027677,-0.118249,0.011708,-0.048053,0.007453,0.036623,0.038248,0.041156,0.123408,0.018149,-0.103686,0.190672
-0.184080,0.081826,0.055978,-0.036603,-0.035238,-0.036047,-0.011220,0.039597,-0.052473,-0.015027,-0.035592,0.085360,0.051347,0.084619,0.056319,0.055376
0.256164,-0.053849,-0.004572,-0.032500,-0.030823,0.029415,-0.031567,0.038085,0.004219,-0.011822,0.057835,-0.026906,0.112430,0.007927,-0.013192,0.123848
-0.500151,0.021199,0.016719,-0.001511,0.046870,-0.050175,-0.037246,0.015905,-0.013080,-0.042687,0.049100,-0.046305,0.032034,-0.002813,-0.049234,0.068228
0.162394,-0.009151,0.006575,-0.038533,-0.063354,-0.006491,0.029255,0.021031,0.023669,0.092362,0.003504,0.059399,0.092667,0.034481,-0.014430,0.104811
0.242718,-0.014907,0.014036,-0.036083,-0.032144,-0.007155,-0.024569,0.027552,-0.045391,-0.052563,0.016896,0.022674,0.115508,0.039795,-0.007075,0.132664
-0.201646,-0.035354,-0.022356,-0.022077,0.021990,0.015249,-0.051527,0.035569,0.034938,0.041068,0.053971,-0.061528,0.051719,0.004107,-0.008114,0.049811
0.148869,-0.021554,-0.016268,-0.001654,-0.084266,-0.082376,-0.008949,0.029206,0.021158,0.080885,0.011817,0.041391,0.141959,0.143311,-0.007365,0.043336
-0.122159,0.017061,0.043913,-0.039234,-0.084672,0.005932,-0.030342,0.039955,0.026165,0.038247,0.046380,0.042134,0.103083,0.049075,0.066445,0.119928
-0.265888,0.033080,0.021036,0.035091,-0.110568,-0.115219,0.024910,0.048285,0.032378,0.027191,0.025658,0.077947,0.129038,0.122581,-0.007856,0.091336
0.397925,-0.032906,-0.010869,-0.008411,-0.061154,-0.044988,0.027897,0.030690,-0.010973,0.017595,0.005894,0.039071,0.129870,0.072703,-0.057868,0.094936
-0.122643,0.102622,0.041856,-0.034670,0.012403,-0.064494,-0.010512,0.037941,-0.108136,-0.044680,-0.093173,0.094094,0.022474,0.120012,0.039386,-0.008520
-0.407881,0.087003,0.090009,-0.027033,-0.064474,-0.016063,0.009245,0.039350,-0.027125,-0.072026,0.019880,0.092485,0.066829,-0.001351,0.043724,0.185926
-0.211816,0.030452,0.024727,-0.013139,-0.026390,-0.042937,0.001986,0.029069,-0.006472,0.005300,0.011470,0.036223,0.066427,0.040262,-0.011918,0.086583
-0.000194,0.144954,0.130778,-0.152518,0.007938,0.147437,-0.080438,0.063495,-0.154114,-0.119253,-0.089250,0.118895,-0.020436,0.004346,0.230677,0.097832
