-0.000734,-0.029667,-0.010687,-0.008310,-0.002328,-0.005533,-0.007556,-0.032149,0.024858,0.000129,0.046367,-0.016408,-0.020613,0.005180,-0.009008,0.011523
0.010381,-0.048466,-0.019626,-0.004788,0.000054,0.048601,-0.065811,-0.041920,0.038254,0.006611,-0.068233,-0.012448,0.074382,0.004974,-0.061299,-0.015147
-0.018122,0.020136,-0.026712,0.022838,0.001526,-0.044753,0.047577,-0.071172,0.034770,-0.007136,0.094361,-0.075269,-0.085616,0.016771,0.021783,-0.001855
-0.029131,0.073018,-0.004258,0.027904,-0.036499,-0.051331,0.047586,-0.110652,0.171990,0.007233,0.031851,0.027221,-0.098313,-0.006272,0.039339,0.012967
-0.011202,-0.012334,-0.022092,0.004292,0.030055,-0.026346,0.030685,-0.036768,-0.000332,0.021241,0.045121,-0.013574,-0.076769,0.025644,0.014923,0.003498
-0.000319,-0.016015,-0.029624,0.000193,-0.008567,0.013156,0.000831,-0.015418,0.020610,-0.052425,0.067726,-0.064630,-0.024572,0.007196,-0.016779,0.001665
0.005536,-0.030728,-0.008225,-0.015091,-0.019399,0.021981,-0.034966,-0.029370,0.056454,-0.019136,0.010317,-0.016606,0.014526,-0.014113,-0.034124,0.003784
-0.004717,0.012882,-0.034855,0.004319,-0.003723,0.009539,0.011471,-0.008225,0.031090,-0.049178,0.060325,-0.044117,-0.047814,0.017854,-0.006350,0.000231
0.000193,-0.022587,-0.015548,-0.012754,0.000901,0.006479,-0.005159,-0.012930,0.025300,-0.016470,0.039039,-0.013761,-0.032993,0.002125,-0.012259,0.007497
-0.006460,-0.024450,-0.007150,-0.008462,0.009901,-0.024440,0.013997,-0.041276,0.021656,0.016885,0.050963,-0.013993,-0.059299,0.000822,0.005101,0.009032
-0.011387,-0.007395,-0.024617,0.033914,-0.012304,-0.032267,0.005924,-0.104787,0.038407,0.011894,0.063810,-0.083781,0.003949,0.026890,-0.002281,-0.001987
0.001314,-0.039191,-0.013130,-0.014441,0.004213,0.005751,-0.005810,-0.015112,0.014644,-0.012806,0.041298,-0.015694,-0.028276,0.000658,-0.012970,0.010078
-0.024800,0.071044,-0.032490,0.039828,-0.001136,-0.054178,0.044426,-0.091087,0.069035,0.021337,0.061650,-0.044004,-0.080496,0.040505,0.029891,-0.007716
-0.004441,-0.018698,-0.010583,0.001986,-0.002131,-0.014405,-0.007881,-0.048611,0.036657,0.021683,0.033478,0.007830,-0.012152,0.020862,-0.000400,0.015976
0.006586,-0.069895,-0.020475,-0.006883,0.018761,0.017338,-0.027628,-0.025307,-0.023380,0.006922,0.014455,-0.031496,0.023122,0.019140,-0.030514,0.002381
-0.003731,-0.033665,-0.007688,0.010800,-0.016593,-0.014524,-0.017365,-0.064224,0.046740,0.020864,0.042703,0.018324,0.023104,0.030587,0.001918,0.031189
-0.002239,-0.043012,-0.008028,-0.017408,0.015148,-0.024627,0.015642,-0.022888,-0.014363,0.005655,0.084001,-0.042126,-0.064529,-0.002482,0.002032,0.009929
-0.013793,0.028506,-0.018688,0.013093,0.016978,-0.017810,0.006859,-0.035578,0.059178,0.052497,-0.015380,0.102532,-0.043626,0.059091,0.026108,0.023602
0.010351,-0.020155,-0.003989,-0.066242,-0.037767,0.120037,-0.017126,0.042652,0.180941,-0.170161,-0.099140,-0.015644,-0.086437,-0.149333,-0.081951,-0.036530
-0.003540,-0.024600,-0.003549,-0.007232,-0.013404,-0.006736,-0.005829,-0.058124,0.063731,-0.002281,0.026235,-0.025415,-0.025103,-0.019682,-0.014222,0.003132
-0.002680,0.003951,-0.020510,-0.000693,-0.015791,0.012926,-0.008696,-0.021015,0.063383,-0.029318,0.028635,0.001787,-0.019552,0.010793,-0.010069,0.010704
0.007412,-0.090851,-0.002910,-0.034163,0.008939,0.019178,-0.005668,-0.000912,-0.003559,-0.032403,0.044737,-0.028246,-0.034583,-0.031335,-0.024035,0.012947
0.002284,-0.035683,-0.024133,0.000351,0.004404,0.005911,-0.016779,-0.034221,-0.001770,-0.007532,0.041679,-0.058748,0.005779,0.015851,-0.024537,-0.002759
-0.000897,-0.027224,-0.012983,-0.014660,0.001869,0.002073,0.002145,-0.014138,0.024803,-0.018075,0.046780,-0.015786,-0.044976,-0.003577,-0.008240,0.009259
-0.004716,-0.001128,-0.019845,0.003376,0.013230,-0.029178,-0.001854,-0.047483,-0.003305,0.034643,0.055591,-0.047495,-0.028790,0.027439,-0.004219,-0.004905
0.013185,-0.041156,-0.034980,-0.007846,-0.006899,0.042738,-0.043579,0.019739,-0.018702,-0.050057,0.053480,-0.044498,0.045684,0.033128,-0.039231,0.009856
0.000098,-0.025192,-0.017704,-0.009786,0.002218,0.004695,-0.004167,-0.013262,0.017063,-0.015940,0.046537,-0.017030,-0.029272,0.008844,-0.010253,0.009590
-0.004371,-0.015743,0.012998,-0.016929,-0.025248,-0.016240,-0.011839,-0.068553,0.099534,0.015924,0.013602,0.006258,-0.031356,-0.037645,-0.011083,0.008412
0.005576,-0.036732,-0.012555,-0.026055,-0.003726,0.025094,-0.014190,0.005127,0.028347,-0.039358,0.031773,-0.019533,-0.029761,-0.018172,-0.026222,0.004957
-0.005959,0.022465,0.001524,-0.038041,-0.019651,0.016598,0.019868,0.014012,0.121729,-0.057201,0.013126,0.047307,-0.119985,-0.054480,-0.000384,0.010056
-0.009626,0.075606,-0.016358,-0.005136,-0.052387,0.055120,-0.008111,-0.029165,0.219541,-0.085806,-0.077005,0.044808,-0.055463,-0.051579,-0.028447,-0.014192
-0.015568,0.057784,-0.034929,0.022911,-0.000857,-0.025685,0.025599,-0.058334,0.055034,-0.005189,0.049601,-0.060976,-0.067539,0.024137,0.005662,-0.017336
-0.005191,0.052088,-0.045567,0.003508,0.018874,-0.012866,0.013966,-0.001130,-0.017329,-0.016009,0.077818,-0.094953,-0.071726,0.033164,-0.009365,-0.027600
0.008484,-0.058807,-0.006347,-0.033774,0.006405,0.026102,-0.022158,0.005987,0.012622,-0.020385,0.015722,-0.007384,-0.021680,-0.021290,-0.030912,0.005506
-0.010440,0.060978,0.009660,0.008017,-0.067017,-0.030890,-0.027997,-0.091580,0.169873,0.024682,0.025812,0.045752,0.004894,-0.002143,0.004380,0.023581
-0.019016,-0.033454,-0.015715,0.018152,0.045271,-0.098568,0.065664,-0.078718,-0.073039,0.073559,0.152747,-0.073042,-0.103646,0.049835,0.051250,0.016389
-0.001258,-0.017455,-0.015889,-0.001778,-0.002270,-0.002961,-0.012801,-0.034315,0.027942,0.004818,0.035622,-0.011393,-0.009168,0.017210,-0.010314,0.009045
-0.015134,0.029542,-0.014874,0.006660,-0.006192,-0.028851,0.029938,-0.064828,0.076938,-0.003188,0.042931,-0.038727,-0.084818,-0.009965,0.007902,-0.008080
-0.009551,0.020021,-0.011377,0.008272,-0.000420,-0.025067,-0.006204,-0.055271,0.059393,0.047098,0.012066,0.041438,-0.023434,0.034944,0.009745,0.013645
0.009189,-0.066205,-0.022645,-0.021436,0.015305,0.032520,-0.018471,0.012885,-0.022709,-0.034811,0.033429,-0.036696,-0.008087,0.002104,-0.032137,0.003462
-0.003384,-0.024081,-0.015053,-0.002046,0.004983,-0.008281,-0.001353,-0.038175,0.022085,0.006715,0.037833,-0.016605,-0.026395,0.012354,-0.005761,0.007393
-0.020639,0.032841,-0.022333,0.024305,-0.006760,-0.058549,0.053183,-0.062659,0.042569,-0.000144,0.122566,-0.033894,-0.092892,0.034632,0.043042,0.020685
-0.021215,-0.000657,-0.020414,0.035653,0.014144,-0.092129,0.052702,-0.099501,-0.020134,0.056239,0.148064,-0.070097,-0.068484,0.058275,0.048538,0.019658
0.007169,-0.041344,-0.005888,-0.007535,-0.005027,0.005158,-0.054237,-0.024431,0.016511,0.044547,0.010696,0.060937,0.058117,0.045858,-0.014768,0.033120
-0.023716,0.048893,-0.027415,0.049798,0.011853,-0.073791,0.025535,-0.110988,0.033887,0.086569,0.054775,-0.000938,-0.032032,0.083129,0.040009,0.009906
0.004605,-0.076049,0.009014,-0.049846,0.012906,0.006875,0.008305,0.021703,0.009432,-0.020140,0.050072,0.027291,-0.081852,-0.037622,-0.004155,0.026409
0.002722,-0.054621,-0.028681,-0.049175,0.048531,0.026414,0.052886,0.078171,-0.057678,-0.089605,0.085995,-0.068854,-0.161129,-0.036586,-0.008825,-0.008806
0.001223,-0.041968,-0.046001,0.025381,0.023348,-0.005742,-0.013417,-0.053666,-0.065582,0.006083,0.068768,-0.127342,0.033145,0.054699,-0.026934,-0.016420
-0.018423,0.007180,-0.022853,0.002941,0.044211,-0.032778,0.058200,-0.012078,0.008786,0.025813,0.040124,0.056500,-0.129887,0.041151,0.044518,0.019667
-0.002673,0.006113,-0.032696,0.038744,-0.013551,-0.012816,-0.043524,-0.079161,0.022398,0.043303,0.030557,-0.017600,0.083463,0.081921,-0.012032,0.011852
-0.003554,-0.017027,-0.018171,-0.002381,0.013678,-0.010237,-0.000279,-0.019420,0.006967,0.017466,0.041045,0.015920,-0.031001,0.033980,0.004571,0.016898
0.001109,-0.050999,-0.009715,-0.016573,0.007284,0.001857,-0.001924,-0.018729,0.008977,-0.009167,0.044955,-0.017487,-0.033163,-0.004124,-0.011074,0.011816
-0.012411,0.075636,-0.048723,0.037808,-0.014867,-0.012086,0.002948,-0.075871,0.061107,-0.019430,0.040950,-0.117138,-0.018782,0.030643,-0.018586,-0.037362
-0.014227,-0.030001,0.011796,-0.004531,0.020985,-0.048190,0.017592,-0.096583,0.057061,0.082659,-0.011888,0.029531,-0.066864,-0.012383,0.013102,0.003991
0.014674,-0.107068,-0.000992,-0.027822,0.005219,0.029029,-0.050454,-0.013070,-0.012596,0.006194,0.008680,0.005168,0.048751,-0.001869,-0.039243,0.020742
0.028278,-0.020415,-0.028722,-0.036871,-0.057440,0.119625,-0.099399,0.073406,0.077925,-0.130050,-0.014646,0.002322,0.094607,-0.014181,-0.085715,0.008601
0.023121,0.009915,0.011874,-0.050773,-0.105985,0.093014,-0.108627,0.033394,0.194164,-0.104075,-0.026209,0.075434,0.084507,-0.059053,-0.071183,0.030144
0.002536,0.043582,-0.033400,0.031842,-0.033134,0.000630,-0.071370,-0.062408,0.049225,0.035575,0.019065,-0.011941,0.106897,0.080189,-0.027803,0.005187
-0.007301,0.014351,-0.031301,0.005486,0.009574,-0.002135,0.012906,-0.038238,0.030221,-0.017641,0.029379,-0.069298,-0.056034,0.003752,-0.014578,-0.022107
-0.007771,-0.018384,-0.006168,0.002973,-0.003915,-0.028825,0.004587,-0.074238,0.044067,0.022982,0.043692,-0.034927,-0.031857,-0.001765,-0.001847,0.003087
0.030249,-0.010222,-0.065004,-0.057322,-0.012654,0.139986,-0.040469,0.188508,-0.028568,-0.221656,0.072655,-0.072730,-0.025398,-0.010017,-0.075522,-0.007250
-0.027992,0.125417,-0.040392,0.042460,-0.022753,-0.033453,0.046778,-0.081136,0.134599,-0.021596,0.036976,-0.040485,-0.099250,0.024237,0.023242,-0.020243
-0.001876,-0.035589,0.000387,-0.006490,-0.024067,-0.000121,-0.014830,-0.057252,0.076529,-0.007077,0.024901,0.001325,-0.003249,-0.015151,-0.012637,0.017745
-0.014142,-0.005119,-0.027611,0.047151,0.054445,-0.091226,-0.004483,-0.096594,-0.084789,0.171873,0.063787,0.028382,0.027198,0.145752,0.042424,0.025775
0.009613,-0.089279,0.003328,-0.069075,0.011096,0.041648,0.019027,0.058019,0.012675,-0.092294,0.051067,-0.023976,-0.117425,-0.084602,-0.026199,0.008151
-0.008065,0.026375,-0.016019,0.042406,-0.032476,-0.062942,-0.035538,-0.106998,0.032592,0.080793,0.096170,-0.009578,0.073945,0.091263,0.016297,0.032929
-0.001643,-0.023637,-0.013903,-0.003669,-0.003326,-0.004432,-0.007537,-0.037081,0.028944,-0.001582,0.042305,-0.022242,-0.017237,0.007825,-0.010303,0.008146
0.000920,-0.054669,-0.000657,-0.008398,0.016046,-0.009520,-0.029316,-0.053747,0.014136,0.063216,-0.012359,0.034256,0.015279,0.019169,-0.013061,0.013571
0.006073,-0.024940,-0.025105,-0.011704,-0.001468,0.026560,-0.024515,-0.008758,0.013995,-0.033069,0.026562,-0.054965,-0.000921,-0.000328,-0.036745,-0.009129
-0.006254,-0.004104,-0.030452,-0.027892,0.025058,-0.000694,0.063652,0.061571,-0.019866,-0.080822,0.124814,-0.033809,-0.162894,-0.003084,0.022382,0.013468
-0.009142,0.049312,-0.014926,0.006197,-0.024909,-0.011234,-0.006970,-0.058106,0.102211,0.000324,0.015778,-0.012261,-0.032925,0.000719,-0.008111,-0.006373
0.006029,-0.057595,0.011356,-0.069651,0.007727,0.053021,0.004409,0.023524,0.085193,-0.067486,-0.049319,0.000609,-0.116097,-0.115357,-0.045539,-0.020160
-0.011454,0.073973,-0.024919,0.037236,-0.055179,-0.004784,-0.028454,-0.101069,0.147851,-0.006008,0.001292,-0.024231,0.034766,0.022910,-0.016364,-0.006664
-0.002115,-0.067109,0.046851,-0.064281,-0.009925,-0.033698,0.016973,-0.011144,0.075657,0.023129,0.058359,0.095336,-0.115233,-0.068924,0.022908,0.050926
-0.007968,0.022708,-0.014237,0.009828,-0.021978,-0.011403,-0.008246,-0.056216,0.083619,0.004694,0.027134,0.007861,-0.014708,0.017224,-0.000586,0.010829
0.004162,-0.048236,-0.006849,-0.025587,0.008267,0.008189,-0.011796,-0.000888,0.008182,-0.004536,0.035296,0.007074,-0.030312,-0.002709,-0.013555,0.015241
0.003886,-0.060445,-0.018015,-0.008114,0.024080,-0.001346,-0.015451,0.002280,-0.041548,0.024703,0.052896,0.034188,0.002979,0.054470,0.002317,0.034136
0.024486,-0.119307,-0.003969,-0.037099,0.007090,0.044610,-0.079478,0.025536,-0.048976,0.010168,0.016047,0.032475,0.089764,0.024319,-0.047274,0.034294
-0.004251,-0.018272,-0.005216,0.002522,-0.020072,-0.021459,-0.009360,-0.063553,0.052151,0.010667,0.058485,-0.019577,-0.005674,0.006752,-0.002691,0.017005
-0.006510,-0.046046,0.000522,0.010531,0.004318,-0.055355,-0.006831,-0.091688,0.000648,0.076561,0.069451,-0.012421,0.006751,0.034995,0.012148,0.024555
-0.000606,-0.050122,0.003817,-0.040126,0.022474,-0.002390,0.015107,0.015386,0.014372,0.002416,0.032768,0.050783,-0.092688,-0.018019,0.006646,0.023780
0.011707,-0.006769,-0.026527,0.042417,-0.056567,-0.001712,-0.112003,-0.087699,0.024587,0.051611,0.053814,-0.019262,0.210070,0.106684,-0.037011,0.032123
-0.015196,0.036166,0.017053,-0.042699,0.028512,-0.027707,0.033367,-0.011219,0.102893,0.058052,-0.048407,0.123575,-0.166747,-0.037803,0.024322,0.002563
0.000736,-0.026620,-0.025185,0.026989,-0.049124,-0.025825,-0.018641,-0.066372,0.007168,-0.035752,0.168279,-0.111529,0.056890,0.043710,-0.004743,0.031160
-0.012959,0.002078,0.004478,0.003865,-0.012240,-0.053233,0.012994,-0.082184,0.066552,0.046748,0.061008,0.008556,-0.049245,0.006658,0.021339,0.020539
-0.008060,-0.019067,-0.041577,0.034185,0.023107,-0.046203,0.014962,-0.079086,-0.062987,0.027463,0.112599,-0.141789,-0.007518,0.058482,-0.000948,-0.013221
-0.014996,0.022517,-0.011727,0.018060,-0.013807,-0.032123,0.013026,-0.082113,0.085631,0.021957,0.031403,0.001868,-0.039907,0.015699,0.013389,0.009102
-0.001456,-0.064625,-0.021283,0.028649,-0.010906,-0.032605,-0.014630,-0.096640,-0.023795,0.017533,0.108095,-0.107157,0.054873,0.041160,-0.010040,0.014658
-0.020212,-0.000858,-0.006524,-0.000765,0.012194,-0.066090,0.073210,-0.047108,0.024057,0.005698,0.125864,-0.024426,-0.147131,0.000695,0.049201,0.022208
-0.013414,-0.028257,-0.047897,0.062177,0.062821,-0.058192,-0.002851,-0.167065,-0.078119,0.122130,-0.003263,-0.174928,0.040578,0.071346,-0.025975,-0.061405
-0.005875,-0.054235,0.013499,-0.017396,0.009170,-0.032931,0.005136,-0.061373,0.037440,0.051043,0.025746,0.030248,-0.047994,-0.012904,0.008073,0.021613
-0.000517,0.016365,-0.032111,-0.000726,-0.036185,0.037049,-0.004473,-0.019395,0.086429,-0.100580,0.043180,-0.090354,-0.027609,-0.028081,-0.036065,-0.016149
-0.010359,0.020781,-0.022139,-0.020258,-0.011565,0.023880,0.050840,0.007767,0.098153,-0.108926,0.042943,-0.044147,-0.144908,-0.058223,-0.004477,-0.011067
0.033391,-0.089391,-0.029637,-0.031403,0.020707,0.075834,-0.118385,0.057969,-0.086761,0.014954,-0.023638,0.017877,0.143504,0.063532,-0.077020,0.010462
-0.001723,-0.032683,-0.029010,0.005662,0.019674,-0.017015,0.004311,-0.028696,-0.039630,0.006761,0.082226,-0.063977,-0.021082,0.038313,-0.003784,0.004264
-0.010666,-0.004063,-0.022819,0.026070,0.005646,-0.034789,0.004039,-0.066412,0.015307,0.042116,0.056514,0.004561,-0.005047,0.062358,0.018310,0.021926
0.015380,-0.056918,-0.019777,-0.036790,-0.010478,0.055462,-0.030523,0.058684,0.002215,-0.081460,0.056420,-0.004663,-0.003868,-0.005071,-0.033824,0.023148
0.015773,-0.074762,-0.049613,-0.001330,-0.005302,0.050984,-0.027794,0.032369,-0.066137,-0.100316,0.113757,-0.115661,0.046848,0.035992,-0.041864,0.011623
0.011938,-0.018372,0.010402,-0.009335,-0.047417,0.044257,-0.112730,-0.062513,0.138097,0.050012,-0.110648,0.116067,0.136147,0.010334,-0.054188,0.020749
0.013315,-0.044372,-0.001287,-0.037493,0.002056,0.046734,-0.062316,0.011444,0.044443,0.011560,-0.058536,0.068837,0.027781,-0.007098,-0.044505,0.008435
-0.013390,0.008868,-0.018495,0.015796,0.008038,-0.047297,0.023681,-0.064213,0.018264,0.033598,0.076226,-0.027670,-0.054473,0.035177,0.021121,0.009554
-0.002839,-0.069763,-0.008681,-0.026842,0.054533,-0.024315,0.030045,-0.015145,-0.056043,0.029595,0.050185,-0.041059,-0.098345,-0.009227,0.000346,-0.004658
-0.006694,-0.020080,-0.025411,0.030052,0.008637,-0.025219,-0.016166,-0.102947,0.009485,0.050363,0.018739,-0.068647,0.031859,0.039602,-0.016395,-0.012320
-0.002527,-0.034935,-0.007809,-0.015807,0.018439,-0.012989,0.004367,-0.025540,0.007076,0.019802,0.034058,-0.003361,-0.051489,0.002029,-0.002849,0.007152
0.006608,-0.076151,-0.013064,-0.039337,0.018458,0.032410,0.009100,0.015727,-0.005619,-0.063047,0.036118,-0.067238,-0.072441,-0.051201,-0.033970,-0.010007
0.006020,0.005826,-0.045644,0.008419,-0.035678,0.028973,-0.018264,0.022694,0.009880,-0.096671,0.127009,-0.069941,0.019471,0.044543,-0.016750,0.021944
0.016043,-0.076025,-0.023324,-0.012542,0.027134,0.027326,-0.064241,0.022671,-0.068965,0.040065,0.014661,0.052242,0.078294,0.077919,-0.025318,0.032487
-0.021102,0.056279,-0.043598,0.015153,-0.014113,-0.014335,0.086256,0.009170,0.062775,-0.112381,0.145781,-0.045417,-0.158945,0.014783,0.044424,0.019777
-0.009726,0.006498,-0.020172,0.013818,-0.008186,-0.019822,0.009671,-0.058811,0.049444,-0.000011,0.052410,-0.028763,-0.032469,0.019365,0.004131,0.006503
-0.025182,0.063715,-0.040938,-0.011545,0.041650,-0.030844,0.122415,0.029717,0.016708,-0.079059,0.114719,-0.072024,-0.266462,-0.020255,0.044579,-0.020301
0.012514,-0.078707,0.004359,-0.032726,0.020899,0.007430,-0.053948,-0.009420,-0.022457,0.060652,-0.006506,0.046336,0.033122,0.016302,-0.027847,0.019415
-0.012787,0.073471,-0.052628,0.019134,-0.000145,0.004832,0.031636,-0.013504,0.049721,-0.061532,0.054379,-0.078270,-0.085395,0.023220,-0.003180,-0.025210
-0.000821,-0.009317,-0.008455,-0.014886,-0.010182,0.000026,-0.008581,-0.017627,0.048730,-0.009853,0.040098,0.005064,-0.033764,-0.001673,-0.007760,0.013205
0.006490,-0.005753,-0.034771,-0.027970,0.002009,0.042096,0.002505,0.067292,0.001618,-0.090858,0.071751,-0.026363,-0.065138,0.003331,-0.018168,0.007270
0.008273,-0.044932,-0.010623,-0.037164,0.027427,0.033665,-0.026466,0.021712,0.005002,0.003729,-0.030447,0.031048,-0.030465,-0.008304,-0.032152,-0.002526
0.004587,-0.009459,-0.013161,0.001151,-0.045832,0.025821,-0.047095,-0.040831,0.089168,-0.033190,0.020874,-0.006139,0.052178,0.004753,-0.031524,0.015795
-0.006913,0.060397,-0.037655,0.050331,-0.025731,-0.014538,-0.051861,-0.090308,0.065753,0.054384,0.003890,0.004367,0.090657,0.095170,-0.010572,0.004747
0.003202,-0.055916,-0.009278,-0.042607,0.031783,0.015563,0.015114,0.012807,-0.008290,-0.028905,0.023190,-0.049461,-0.097718,-0.047646,-0.025666,-0.016412
-0.028205,0.018581,-0.020153,0.009811,0.023792,-0.059844,0.104031,-0.061180,0.041368,-0.021927,0.102322,-0.070296,-0.194228,-0.019026,0.046297,-0.006117
-0.012275,-0.063664,-0.019449,-0.002750,0.030635,-0.045792,0.074628,-0.024360,-0.051175,-0.027662,0.156319,-0.081723,-0.127568,0.005603,0.035038,0.021513
-0.004004,-0.031528,-0.013300,0.004660,-0.012427,-0.010337,-0.000333,-0.054380,0.037252,-0.010954,0.060461,-0.036291,-0.012523,0.006343,-0.005193,0.013906
-0.001802,-0.017151,-0.037660,0.009292,-0.001119,0.005466,0.008309,-0.020621,-0.004176,-0.050276,0.086826,-0.090408,-0.024269,0.021318,-0.013099,-0.001305
-0.011442,-0.044202,0.021287,0.038173,-0.020466,-0.124670,-0.030023,-0.185869,0.004466,0.174252,0.116378,-0.018400,0.081290,0.070805,0.031618,0.044994
-0.002387,-0.017210,-0.024595,-0.003937,0.002733,0.013204,0.004271,-0.014409,0.029252,-0.033261,0.035014,-0.024247,-0.038791,0.006086,-0.011392,0.003223
-0.012821,-0.078277,-0.006355,-0.018998,0.053289,-0.043894,0.075169,-0.036650,-0.041991,0.005647,0.088068,-0.066021,-0.154153,-0.028537,0.023317,0.000669
0.002524,-0.117436,0.017090,-0.047509,0.041875,-0.040120,0.023715,-0.016157,-0.065689,0.039469,0.093421,-0.029964,-0.092183,-0.032508,0.005809,0.020332
-0.013220,-0.035746,0.016835,-0.054347,0.019671,-0.011104,0.075542,0.016460,0.078569,-0.041638,0.036890,0.060638,-0.211704,-0.080066,0.030706,0.021574
-0.016564,0.089827,-0.044102,0.024447,-0.049351,0.021680,0.034193,-0.036565,0.151394,-0.120438,0.048882,-0.072597,-0.081471,-0.015994,-0.005935,-0.016518
-0.029742,0.095331,0.003426,0.026127,-0.038357,-0.087912,0.042849,-0.126351,0.153100,0.049819,0.070717,0.003047,-0.100664,0.001308,0.046117,0.009404
-0.002882,-0.017356,-0.023318,-0.001522,0.014679,-0.012012,0.004768,-0.014558,-0.010280,0.005322,0.064713,-0.015562,-0.036319,0.034220,0.003072,0.012689
0.012024,-0.013619,-0.024869,-0.027175,-0.017032,0.046749,-0.034832,0.041426,0.023836,-0.069026,0.045993,-0.021378,-0.002208,-0.000059,-0.036993,0.007332
-0.000882,0.019187,-0.018547,-0.001157,-0.032079,0.020028,-0.023596,-0.030947,0.092225,-0.036660,0.015228,-0.012322,-0.001645,-0.002656,-0.023808,0.001547
0.013825,-0.094280,-0.009115,-0.024931,0.027179,0.007990,-0.044510,-0.018641,-0.062154,0.035165,0.026920,-0.047370,0.034292,0.009859,-0.041103,-0.000546
0.000397,-0.039412,-0.062452,0.001112,0.062017,-0.014393,0.047294,0.061582,-0.164934,-0.042893,0.182412,-0.110740,-0.087602,0.082421,0.017792,0.010244
-0.011699,-0.006545,-0.023819,0.026226,0.005100,-0.027070,0.009458,-0.064010,0.026550,0.029055,0.046944,0.011001,-0.012643,0.056284,0.018551,0.022337
-0.003132,0.000545,-0.010587,-0.045778,-0.015214,0.046079,0.037910,0.036761,0.108662,-0.126856,0.022613,-0.023319,-0.149710,-0.089840,-0.019128,-0.009519
-0.034427,-0.003629,-0.007313,0.030500,0.052640,-0.121858,0.098580,-0.119314,-0.012941,0.106123,0.105943,-0.017881,-0.156965,0.042455,0.078368,0.015377
0.013177,-0.089700,0.011714,-0.058270,-0.007693,0.050466,-0.027148,0.018345,0.053697,-0.052879,-0.011043,0.014564,-0.032928,-0.073303,-0.044325,0.010178
0.007758,-0.031553,-0.020543,-0.027877,0.010115,0.027916,-0.017191,0.021399,-0.001868,-0.033533,0.031297,-0.030849,-0.031234,-0.006229,-0.030802,-0.003540
0.029364,-0.173420,0.010781,-0.062200,-0.002356,0.112613,-0.085251,0.050490,0.029684,-0.053596,-0.087108,0.111771,0.083852,-0.039256,-0.069594,0.042426
-0.004393,-0.045583,0.000706,-0.014561,0.011804,-0.019516,0.006387,-0.045153,0.025118,0.026274,0.030549,0.004290,-0.048960,-0.008025,0.000579,0.012496
0.010428,-0.035082,-0.026165,-0.023035,-0.016734,0.046407,-0.020103,0.056088,0.011927,-0.084493,0.076209,0.011163,-0.007670,0.017943,-0.016780,0.034395
0.004474,-0.027458,-0.029733,-0.015209,-0.007183,0.021460,0.004272,0.023949,-0.003626,-0.078354,0.100356,-0.066633,-0.041768,0.002038,-0.015929,0.010104
-0.014066,-0.045737,0.009625,-0.007136,0.017302,-0.053980,0.036908,-0.076376,0.032306,0.050968,0.051741,0.010202,-0.088362,-0.010669,0.026848,0.020003
0.020000,-0.163722,-0.004972,-0.049788,0.121901,0.032553,-0.059890,0.050033,-0.158048,0.142884,-0.109374,0.154466,0.033126,0.071304,-0.027019,0.022829
0.010403,-0.017026,-0.057799,0.006995,-0.011604,0.053301,-0.024603,0.040506,-0.026837,-0.101848,0.092023,-0.080112,0.030880,0.051280,-0.033106,0.008445
-0.005123,0.016272,-0.005334,-0.025224,-0.053218,0.000988,0.030376,-0.022502,0.111714,-0.114182,0.113614,-0.111051,-0.108282,-0.083567,-0.014848,-0.006392
0.003917,-0.043382,-0.009768,-0.014919,0.012791,-0.003643,-0.022707,-0.018215,-0.008214,0.027331,0.033310,0.004296,-0.002781,0.020821,-0.013141,0.013702
-0.006000,0.019972,-0.025593,-0.004554,-0.007694,0.025852,0.007564,-0.008955,0.082922,-0.050395,0.000434,0.004366,-0.059282,-0.006382,-0.011715,-0.002814
0.004041,-0.087529,-0.003850,-0.027468,0.003433,0.018044,0.004280,0.012232,0.007872,-0.039668,0.059687,0.028291,-0.038681,-0.007513,-0.001094,0.040330
-0.018522,-0.012945,-0.014553,-0.004917,0.052676,-0.066345,0.074035,-0.027549,-0.036355,0.041951,0.100088,-0.012982,-0.156984,0.023610,0.048395,0.011891
0.013575,-0.092481,-0.004311,-0.041244,0.023920,0.011686,-0.025690,0.016469,-0.054729,0.003179,0.053850,-0.029037,-0.013116,-0.007743,-0.029485,0.010969
0.001245,-0.049427,-0.006323,-0.011118,-0.010976,-0.006473,-0.007115,-0.029219,0.019396,-0.012874,0.074367,-0.020788,-0.013608,0.001568,-0.006097,0.024095
-0.008665,0.013733,-0.008872,0.025367,-0.045479,-0.039014,-0.014632,-0.083432,0.076722,0.018239,0.092909,0.000840,0.026902,0.043776,0.015904,0.038034
-0.004199,-0.023427,-0.014774,0.016844,-0.003744,-0.027506,-0.018126,-0.077318,0.016583,0.042665,0.047960,-0.026767,0.024888,0.039168,-0.004204,0.012196
0.008563,-0.066520,-0.000780,-0.030622,-0.009694,0.024451,-0.026711,-0.015209,0.033311,-0.028056,0.022188,-0.024247,-0.005434,-0.034522,-0.035492,0.006975
0.008848,-0.109028,-0.001292,-0.008950,0.020184,-0.016865,-0.040794,-0.066802,-0.053527,0.063856,0.038469,-0.050188,0.054846,0.017458,-0.029461,0.009285
0.002504,0.076421,-0.063600,-0.012086,-0.010465,0.059910,0.008189,0.049598,0.041101,-0.145038,0.050975,-0.159027,-0.087410,-0.026840,-0.053907,-0.059158
-0.002050,-0.059524,0.018790,-0.008463,-0.022850,-0.000960,-0.034438,-0.108206,0.112184,0.038265,-0.050617,0.019111,0.025829,-0.042736,-0.029422,0.005256
0.024456,-0.017890,-0.023952,-0.039871,-0.042773,0.109226,-0.088331,0.059953,0.080533,-0.106976,-0.038977,0.004311,0.066873,-0.026426,-0.083314,-0.003192
-0.007735,-0.040579,-0.001135,0.000561,0.005375,-0.044309,0.011738,-0.066178,0.011673,0.041299,0.074534,-0.011263,-0.036260,0.015557,0.015422,0.023125
-0.002100,-0.014183,-0.023644,-0.011736,0.001198,0.037670,0.004480,0.012856,0.060160,-0.054006,-0.001292,0.036822,-0.050390,0.001384,-0.009168,0.013309
-0.022201,0.066932,-0.020871,-0.010519,-0.017057,-0.017016,0.087956,-0.009892,0.116439,-0.101204,0.094306,-0.056551,-0.205260,-0.055620,0.027079,-0.008737
-0.001916,-0.017528,-0.026098,-0.026417,0.022378,0.040213,0.023857,0.058390,0.029029,-0.062723,0.012498,0.064283,-0.098959,0.005541,0.004287,0.020656
0.011850,-0.106598,-0.001813,-0.038221,0.004316,0.036180,-0.019540,0.022096,-0.003792,-0.040744,0.038083,0.018856,-0.009388,-0.017669,-0.023155,0.032660
0.004326,-0.094449,0.006995,-0.012216,-0.015104,-0.006164,-0.022533,-0.059077,0.022346,0.005708,0.055728,-0.017470,0.024586,-0.011138,-0.015456,0.030162
-0.011070,0.023729,-0.024873,0.008896,-0.004103,-0.013725,0.021422,-0.026291,0.050959,-0.016222,0.058864,0.002530,-0.062153,0.027404,0.015703,0.014434
-0.009240,-0.063233,0.018707,-0.032480,0.004432,-0.063659,0.054810,-0.053019,0.008593,0.002204,0.139163,-0.074417,-0.135321,-0.059152,0.022003,0.015921
0.006503,-0.058530,-0.035386,-0.006641,0.023949,0.037325,-0.014375,0.022037,-0.033362,-0.032597,0.027465,-0.003612,0.001672,0.039183,-0.019913,0.014177
0.004119,-0.070326,-0.005863,-0.024899,0.011094,0.010371,-0.006317,-0.013070,0.003198,-0.012295,0.033812,-0.017371,-0.030960,-0.016211,-0.018747,0.010337
-0.000016,-0.039908,-0.007007,-0.021750,0.027533,-0.019384,0.002337,0.031987,-0.032961,0.039410,0.073604,0.105635,-0.047938,0.061190,0.032389,0.057294
-0.008296,-0.015174,-0.019165,0.000843,0.017370,-0.023010,0.022118,-0.033462,0.005538,0.009595,0.059727,-0.020915,-0.063423,0.020056,0.010309,0.007963
-0.013620,0.016172,-0.015920,0.013660,0.018891,-0.051902,0.016601,-0.072587,0.016191,0.063645,0.046115,-0.019291,-0.053686,0.035449,0.016329,-0.001317
-0.004934,0.042501,-0.049276,0.037708,-0.006242,-0.011387,-0.020887,-0.047696,0.005113,0.008731,0.063436,-0.059824,0.034410,0.082802,-0.008573,-0.003286
-0.003608,0.012180,-0.036000,0.006271,0.003836,0.019180,-0.002540,-0.028514,0.039042,-0.032517,0.007942,-0.059365,-0.029420,0.007257,-0.026288,-0.022115
-0.001179,-0.027151,-0.013752,-0.008333,0.001686,-0.001251,-0.004099,-0.024397,0.023230,-0.004631,0.041568,-0.010148,-0.027523,0.007842,-0.007698,0.011146
-0.002262,-0.042359,0.000197,-0.018297,0.013917,-0.015155,-0.001212,-0.030999,0.019185,0.030996,0.025929,0.023255,-0.042870,0.000555,0.000175,0.016282
0.007265,-0.039205,-0.020166,-0.002897,-0.015398,0.011913,-0.035156,-0.021613,0.004822,-0.018321,0.063821,-0.040952,0.037895,0.023868,-0.025648,0.015193
-0.031633,-0.041511,0.025439,0.018841,0.017903,-0.110223,0.072476,-0.148090,0.068155,0.113086,0.059894,0.063449,-0.114252,0.007298,0.074323,0.044195
0.020340,-0.197245,0.026428,-0.062692,0.025359,0.016819,-0.034275,-0.007254,-0.062338,0.013565,0.037726,-0.015538,0.010181,-0.054261,-0.039994,0.028951
-0.016923,0.066612,-0.054260,0.035641,0.020178,-0.013887,0.030322,-0.021220,0.021927,-0.002125,0.042477,0.000440,-0.062088,0.081927,0.023831,0.000585
-0.006965,-0.066765,0.002640,-0.031931,0.046608,-0.044293,0.048060,-0.017883,-0.041271,0.030432,0.082888,-0.025350,-0.131060,-0.019357,0.019842,0.009880
-0.009778,0.032653,-0.029430,0.041435,-0.003075,-0.029360,-0.030096,-0.108899,0.044792,0.071082,-0.003026,-0.030407,0.049009,0.064605,-0.011361,-0.011756
-0.022889,-0.005561,-0.002827,0.000651,0.039023,-0.095907,0.078222,-0.074118,-0.015140,0.064102,0.119042,-0.048766,-0.158824,0.005899,0.051386,0.005523
-0.000349,-0.043978,-0.001074,-0.017947,0.015266,-0.014837,-0.009449,-0.041029,0.011221,0.036597,0.020032,-0.007134,-0.030577,-0.005166,-0.011852,0.003497
-0.001444,-0.022494,-0.015770,-0.006635,0.000786,-0.001418,-0.003606,-0.025070,0.023303,-0.007180,0.044140,-0.017355,-0.027650,0.008769,-0.008454,0.008847
-0.005330,-0.012622,-0.017237,-0.000560,0.000440,-0.011523,0.007871,-0.036327,0.028447,-0.006290,0.053862,-0.028445,-0.041547,0.009051,-0.001518,0.006543
0.015032,0.008855,-0.069130,0.033364,-0.063150,0.070719,-0.064990,0.040599,0.010679,-0.131725,0.124375,-0.050044,0.132058,0.102645,-0.033281,0.041974
0.007763,-0.067610,-0.003807,-0.046958,0.036386,0.003220,-0.002507,0.019820,-0.042548,0.005964,0.040931,-0.029361,-0.070196,-0.024469,-0.022029,-0.003283
-0.004546,-0.001313,-0.016521,-0.025250,0.004701,0.008183,0.028377,0.007167,0.043796,-0.054492,0.049136,-0.036237,-0.110136,-0.033700,-0.006998,-0.006369
-0.008239,-0.041213,-0.013155,-0.013599,0.023913,-0.024320,0.044049,-0.028900,-0.005978,-0.015266,0.080110,-0.063920,-0.107268,-0.018822,0.007343,-0.000796
-0.002950,-0.003750,-0.012283,-0.000026,-0.009250,-0.006709,-0.015861,-0.043097,0.049879,0.012943,0.025829,0.003869,-0.007208,0.016334,-0.008025,0.010196
-0.001360,0.034403,-0.040898,0.029496,-0.014216,0.010276,-0.041503,-0.043229,0.039441,0.009465,0.013159,-0.010454,0.057909,0.071840,-0.019532,0.001793
0.020976,-0.033881,-0.021687,-0.023537,-0.039847,0.084419,-0.086212,0.023665,0.062857,-0.072326,-0.021177,-0.000575,0.090286,-0.004265,-0.071202,0.006248
-0.000398,-0.013593,-0.018427,-0.011579,-0.010326,0.019038,-0.002661,-0.008623,0.050796,-0.044731,0.034774,-0.015972,-0.036850,-0.007782,-0.015492,0.006502
-0.009791,0.021604,-0.031211,0.043199,0.005122,-0.032666,-0.026923,-0.113865,0.026899,0.076727,-0.000069,-0.045797,0.048967,0.066364,-0.012357,-0.015451
0.022345,-0.065601,0.020856,-0.086250,-0.039270,0.057487,-0.042819,0.103046,0.057549,-0.089057,0.066754,0.088706,-0.038112,-0.057489,-0.026065,0.056618
0.019318,-0.130043,-0.004538,-0.053067,0.078829,0.031954,-0.049065,0.038715,-0.108230,0.072279,-0.050411,0.052813,0.007957,0.018621,-0.041072,0.004102
0.001022,-0.013492,-0.020930,-0.002529,-0.003938,0.005507,-0.018021,-0.023552,0.022412,-0.007187,0.038468,-0.022198,-0.002486,0.019376,-0.016619,0.005722
-0.002161,-0.029186,-0.013433,-0.009561,0.001957,-0.003294,0.003975,-0.020868,0.021991,-0.012036,0.052504,-0.012391,-0.040162,0.004625,-0.003218,0.013677
-0.009997,0.046731,-0.023750,0.018290,0.002057,-0.011077,-0.017970,-0.090692,0.079069,0.043820,-0.044866,-0.040820,-0.009868,0.010009,-0.026532,-0.037724
-0.030900,0.052072,0.007097,0.100524,-0.050629,-0.134981,-0.036858,-0.283087,0.133527,0.212834,0.021906,0.034428,0.131798,0.113416,0.043913,0.034114
0.001207,-0.071554,-0.029863,-0.022948,0.010980,0.003636,0.053279,0.033389,-0.056970,-0.111637,0.175459,-0.131904,-0.110214,-0.021527,0.000612,0.012574
0.005692,-0.052119,-0.002441,-0.035448,0.000811,0.022035,-0.011660,0.004428,0.031550,-0.028472,0.021477,0.000019,-0.041700,-0.031365,-0.023720,0.008955
0.002365,-0.121739,-0.003012,-0.019220,0.053630,-0.046496,0.016373,0.016696,-0.127988,0.066010,0.136896,0.062899,-0.036054,0.077326,0.044203,0.073499
0.009546,-0.087830,-0.019361,-0.039410,0.025902,0.053563,0.000823,0.037271,-0.014154,-0.070790,0.012010,-0.033271,-0.055924,-0.035913,-0.036980,-0.002800
0.000130,-0.073128,-0.007039,-0.043926,0.037620,0.014831,0.034529,0.009856,-0.006417,-0.041103,0.025526,-0.051057,-0.124276,-0.061206,-0.018696,-0.014152
0.001529,0.040072,-0.050284,-0.015690,-0.028726,0.076994,0.013797,0.037792,0.091211,-0.176487,0.031492,-0.124615,-0.084873,-0.057350,-0.052284,-0.040939
0.003309,-0.037536,-0.012280,-0.038523,0.015791,0.035309,0.004502,0.012787,0.034549,-0.049711,-0.006813,-0.032160,-0.081651,-0.052300,-0.034160,-0.018241
0.006419,-0.107995,0.001094,-0.073298,0.037500,0.014206,0.054094,0.082458,-0.054131,-0.083557,0.117801,-0.028114,-0.169531,-0.065141,0.003469,0.023725
0.028487,-0.117503,0.039610,-0.100322,0.012304,0.039647,-0.078437,0.061387,-0.004150,0.034994,-0.027940,0.098582,0.000699,-0.060672,-0.051868,0.027657
-0.009444,-0.021384,-0.013792,0.005117,0.002727,-0.018168,0.018561,-0.054176,0.039474,0.001087,0.045532,-0.016810,-0.049148,0.006854,0.006811,0.010636
0.017567,-0.091449,0.023903,-0.059796,-0.033722,0.040611,-0.053143,0.003406,0.068057,-0.038990,0.011990,0.017962,0.011901,-0.071846,-0.048179,0.023614
0.007757,-0.032207,-0.021684,0.030899,-0.021426,-0.012218,-0.082257,-0.089017,-0.004714,0.068981,0.036244,-0.030151,0.149886,0.083332,-0.031555,0.017577
-0.008703,0.026483,-0.017551,0.016559,-0.031516,-0.012522,-0.006645,-0.066065,0.089544,-0.009002,0.043001,-0.018081,-0.007761,0.015757,-0.002367,0.008898
0.018047,-0.041444,-0.005780,-0.020770,-0.045013,0.063441,-0.091921,-0.014572,0.084202,-0.030605,-0.035886,0.022710,0.103697,-0.008865,-0.064870,0.012537
-0.005038,0.009036,-0.016704,-0.001031,0.006579,0.010896,-0.016522,-0.068224,0.076293,0.016656,-0.058750,-0.036041,-0.023577,-0.021135,-0.037269,-0.036448
0.004665,-0.079798,0.002047,-0.018337,-0.018734,-0.006592,-0.008936,-0.002040,0.005358,-0.019877,0.113398,0.035490,-0.001724,0.019291,0.012496,0.063658
0.016534,-0.097406,0.009802,-0.057406,0.028571,0.031955,-0.047125,0.036036,-0.020180,0.029680,-0.022301,0.079666,-0.002646,-0.009659,-0.030929,0.024540
0.014917,-0.036738,0.005439,-0.048518,-0.026137,0.052608,-0.058831,-0.003553,0.084802,-0.038345,-0.037929,-0.016520,0.008613,-0.068804,-0.067020,-0.015029
0.002305,-0.072109,-0.015613,-0.004662,-0.000570,-0.016693,0.003955,-0.033351,-0.034435,-0.021375,0.122580,-0.088372,-0.013035,0.009095,-0.007124,0.018264
-0.000355,-0.023186,-0.023360,-0.002684,0.012177,-0.009169,-0.003656,-0.026580,-0.013750,0.002802,0.060865,-0.055789,-0.023533,0.020109,-0.012394,-0.001609
0.006202,-0.102090,-0.002780,-0.033029,0.040053,0.009164,-0.006179,0.005902,-0.040901,0.020731,0.017347,0.029828,-0.034073,0.002666,-0.010297,0.021778
-0.002133,-0.030199,-0.022340,-0.005253,0.010524,-0.003369,0.009868,-0.016432,-0.002667,-0.018332,0.065500,-0.040150,-0.043932,0.012515,-0.004561,0.007048
-0.001340,-0.011061,0.003070,0.018187,-0.053697,-0.043606,-0.044483,-0.084117,0.059967,0.046322,0.103202,0.023183,0.076375,0.054906,0.011141,0.054939
