-0.002316,0.038159,0.019094,-0.007422,-0.013446,0.031776,-0.004085,-0.067214,0.008342,0.003074,0.032572,0.044106,-0.003803,0.109500,-0.015686,-0.013506
-0.003349,0.031965,0.000793,0.017118,0.047486,0.073099,0.060774,-0.038322,0.042153,0.070879,-0.067976,-0.041259,0.042659,0.038123,0.011286,-0.003428
-0.004861,0.013503,0.046112,0.018930,0.043207,0.010790,0.056791,-0.034746,0.013392,-0.023486,-0.086435,0.028726,0.041976,-0.014366,0.070983,-0.053681
-0.007524,0.010484,-0.021400,-0.029434,0.009636,-0.037505,-0.062749,-0.012594,0.035706,-0.040998,-0.008792,0.088240,0.006096,0.080562,0.026381,-0.029218
-0.007430,0.011119,-0.039298,-0.065380,-0.028442,-0.056828,-0.105099,-0.026425,-0.011814,-0.043780,0.077851,0.023389,-0.048968,0.110506,-0.032192,0.013587
-0.004427,0.004484,-0.059320,0.002755,0.068940,0.055962,-0.011474,-0.035569,0.016066,0.039057,0.044774,0.028813,-0.018394,0.051845,-0.031102,0.030355
-0.002851,0.012290,-0.002477,0.004662,0.071960,0.013446,0.017447,-0.018210,0.005969,-0.039560,0.004143,0.023606,0.024104,-0.003178,-0.007207,0.046347
-0.002375,0.014039,-0.005962,-0.011289,0.033236,0.028653,0.000358,-0.018368,0.009015,0.052071,0.012400,0.001732,0.003290,0.029607,0.008884,0.010436
-0.003432,0.009434,-0.012959,-0.014828,0.036813,0.000551,-0.013064,-0.007293,-0.004834,0.019707,0.025900,0.003636,-0.011835,0.020984,0.003833,0.029706
0.002640,0.049266,0.061280,0.038954,0.049053,0.067465,0.130590,-0.017189,-0.010335,0.089017,-0.066516,-0.131151,0.044320,-0.041117,0.010879,0.061089
-0.003171,-0.003705,-0.088967,-0.026355,0.077755,-0.023514,-0.081536,0.042257,0.013957,0.008589,0.082736,0.043190,-0.021221,0.020222,-0.043346,0.106301
-0.006429,-0.002049,0.034453,0.010382,0.073377,-0.049920,0.029274,-0.000950,-0.002578,-0.114990,-0.069798,0.054072,0.038794,-0.058993,0.066756,-0.007435
-0.003480,0.024336,0.025215,-0.004419,0.006936,0.071642,0.041721,-0.052477,0.032939,0.105977,-0.054317,-0.019186,0.026416,0.057104,0.048356,-0.066882
-0.007176,0.057219,0.011028,-0.057830,-0.077153,-0.027771,-0.040924,-0.020815,0.046813,0.048230,-0.052520,-0.061959,0.012526,0.160986,0.011098,-0.023483
-0.003998,0.044191,0.065126,0.053413,0.023638,0.051607,0.095838,-0.072658,0.040350,-0.014479,-0.120617,0.053826,0.059099,0.048410,0.062842,-0.080471
-0.007661,-0.008589,0.039115,-0.016755,0.048662,-0.048586,0.006647,-0.053901,-0.037329,-0.173710,-0.009120,0.044884,0.012890,-0.031238,0.026899,-0.017462
-0.011705,-0.022772,-0.100276,-0.067146,0.068621,-0.088445,-0.103321,0.047975,0.005569,-0.066341,0.023333,-0.031443,-0.025106,0.003326,-0.020258,0.083267
-0.008432,-0.029317,-0.081215,-0.074506,0.049014,0.009368,-0.069432,0.036413,0.025038,0.146626,0.012477,-0.068835,-0.024484,0.009623,0.037633,0.003395
-0.005074,0.026049,-0.053087,-0.027639,0.001516,-0.007997,-0.082559,-0.011227,0.041329,0.015854,0.056925,0.089205,-0.022215,0.139988,-0.025325,0.021287
-0.007764,-0.061776,-0.081600,-0.068814,0.078066,-0.040551,-0.120659,0.046333,-0.009765,0.044252,0.100021,0.092202,-0.059220,-0.026674,0.053025,0.001048
-0.007415,-0.028333,-0.090842,-0.078719,0.036874,-0.043886,-0.121852,0.030858,-0.007635,0.038713,0.092200,-0.001920,-0.054628,0.027300,-0.011290,0.043749
0.000507,-0.011435,0.034645,0.002319,0.103357,0.048202,0.052522,-0.063906,-0.072908,-0.080953,0.107171,0.010920,-0.009055,-0.071529,-0.034983,0.076608
-0.005156,0.035063,-0.005985,0.032134,0.053594,0.111024,0.104652,-0.071994,0.024111,0.094176,-0.079924,-0.116631,0.021892,0.040841,-0.008213,-0.001967
-0.011059,-0.011534,-0.096545,-0.075961,0.020750,-0.092758,-0.153202,0.010591,-0.003235,-0.098474,0.111160,0.067464,-0.066300,0.101054,-0.049178,0.066020
-0.003858,0.007954,-0.029002,0.002753,0.042956,0.056361,0.023655,-0.027404,-0.000918,0.107709,-0.002854,-0.053132,-0.020866,0.018627,0.008579,0.000495
-0.002222,0.055420,0.028692,0.027545,0.042547,0.140910,0.093246,-0.120751,0.044527,0.014173,-0.011913,-0.001078,0.048291,0.121911,-0.049079,0.007558
-0.008263,-0.001177,-0.011790,-0.044123,0.022435,0.000058,-0.028955,-0.036839,0.017849,-0.013938,-0.013861,0.004851,0.009427,0.047112,0.023891,-0.034289
-0.003334,0.021501,0.051090,-0.027944,0.024940,0.038530,0.022051,-0.078490,0.000196,-0.065197,0.030993,0.030267,0.030386,0.058094,-0.007751,0.001126
-0.009105,-0.002069,-0.115258,-0.045507,0.045081,-0.037366,-0.082931,0.096150,0.070641,0.154504,-0.056472,-0.059047,-0.008317,0.037098,0.038894,0.038519
-0.005371,-0.001022,-0.056978,-0.048430,0.043288,-0.081585,-0.083913,0.074284,0.013962,0.003870,0.015908,-0.004194,-0.006649,-0.000956,0.009728,0.079157
-0.003194,0.010868,-0.041745,0.014073,0.050086,0.104285,0.042647,-0.012596,0.046406,0.220514,-0.058658,-0.061162,0.005886,0.026325,0.043353,-0.037238
-0.002375,0.091869,0.058206,0.063896,-0.073304,0.119333,0.106451,-0.130705,0.064997,0.126481,-0.142540,-0.016350,0.039654,0.183272,0.028501,-0.141514
-0.002474,-0.028145,-0.006933,0.007982,0.120364,-0.032716,-0.001346,0.006476,-0.046820,-0.110844,0.055962,0.076140,-0.004497,-0.105475,0.010135,0.065397
-0.004773,-0.003310,-0.085412,-0.047203,0.073084,0.003492,-0.042826,0.033189,-0.004617,0.067546,0.058519,-0.109117,-0.026538,-0.000522,-0.052990,0.123574
-0.003644,-0.011111,0.013841,-0.042603,0.034041,0.032418,-0.003114,-0.067366,-0.049213,-0.011635,0.080821,-0.023426,-0.025925,0.001481,-0.011096,0.003507
-0.005029,0.034601,0.008604,0.011251,0.025123,-0.035702,-0.015346,0.009925,0.071871,-0.048773,-0.083755,0.118072,0.059783,0.065710,0.052040,-0.023130
-0.002683,-0.022286,0.019371,-0.006679,0.099030,0.047029,0.061753,-0.033051,-0.044864,0.010378,0.010005,-0.061472,0.008387,-0.102046,0.025144,0.021428
-0.009135,-0.007320,-0.090351,-0.043286,0.051253,0.004213,-0.039032,0.019810,0.025441,0.094382,-0.030326,-0.110429,-0.013257,0.016524,-0.001797,0.029371
0.002019,0.042502,0.109714,0.016197,-0.005342,0.073624,0.080669,-0.090644,-0.009954,0.016628,0.008434,0.053038,0.028767,0.054466,0.037012,-0.047556
0.000699,0.047312,0.030691,0.022364,0.017687,-0.017795,0.020602,-0.009125,-0.004056,-0.036748,0.003201,0.029605,0.015532,0.033313,-0.012669,0.058246
0.001960,0.023754,0.004406,0.020691,0.064536,-0.011307,0.013070,0.038500,-0.001755,0.021485,0.020373,0.033101,0.011559,-0.025681,0.007013,0.087408
-0.011372,-0.015192,-0.011930,-0.006817,0.048300,-0.003158,0.001706,-0.046422,0.018670,-0.041642,-0.074385,0.044783,0.008675,0.011571,0.069307,-0.090598
-0.007331,0.028099,-0.028997,-0.002587,-0.002196,-0.026822,-0.015381,0.015633,0.049033,0.065656,-0.104514,-0.022968,0.014568,0.057459,0.050858,-0.037592
-0.005705,0.001506,-0.034509,-0.034905,0.043554,-0.035047,-0.056545,0.018353,0.026109,-0.019735,0.006544,0.042016,0.011554,0.027142,0.012913,0.026355
-0.001236,0.034306,-0.008454,-0.001606,0.025650,0.052870,0.027874,-0.011224,0.026807,0.111085,-0.022034,-0.061300,0.017434,0.044693,-0.002077,0.029117
-0.011040,0.021599,-0.050135,-0.044203,-0.056795,-0.009400,-0.065779,0.013250,0.093143,0.181792,-0.127348,-0.017496,0.003405,0.138295,0.098119,-0.132177
0.002260,-0.001735,0.115440,-0.000527,0.080766,0.013310,0.077081,-0.071362,-0.078824,-0.163357,0.067433,0.046378,0.037619,-0.099933,0.007214,0.043301
-0.002318,-0.013623,-0.043873,-0.025009,0.055229,0.042346,-0.029166,-0.007950,-0.009763,0.101701,0.071441,0.003107,-0.034082,0.005551,0.003342,0.018591
-0.002852,-0.013992,0.055305,-0.035330,0.037191,0.004850,-0.017930,-0.082754,-0.047160,-0.125053,0.106368,0.122505,-0.008292,0.010631,0.010185,-0.022505
0.001620,0.047645,0.053873,0.034154,0.038154,-0.003368,0.058832,-0.038234,-0.033404,-0.093535,0.019510,0.008527,0.018744,0.003016,-0.037105,0.083760
-0.000383,0.039942,-0.003465,0.011764,0.030742,0.036172,0.010470,-0.034126,0.019713,0.007426,0.022598,0.029014,0.016073,0.069106,-0.035236,0.045975
-0.010281,-0.003007,0.047936,-0.015124,0.015553,-0.041862,0.009248,-0.053378,0.004051,-0.110546,-0.086593,0.062277,0.027993,0.007949,0.088862,-0.104598
-0.001927,0.047482,0.076444,0.033999,0.028353,-0.000733,0.073870,-0.026388,0.033696,-0.059378,-0.105752,0.044710,0.077423,0.014435,0.053773,-0.017253
-0.009457,-0.010171,-0.021007,-0.047129,0.031857,-0.004261,-0.047400,-0.001459,0.063352,0.030657,-0.055412,0.063167,0.031955,0.050568,0.079075,-0.073521
-0.010773,0.002924,-0.040012,-0.036242,0.050939,-0.060477,-0.035883,0.077288,0.080983,0.039581,-0.129617,-0.010669,0.048801,0.011179,0.091265,-0.004242
-0.002656,0.012341,-0.003800,-0.008377,0.038204,0.023565,0.005018,-0.033627,-0.007981,0.009586,0.024243,-0.003433,-0.001800,0.020075,-0.008636,0.020141
-0.008339,0.007384,-0.016343,-0.061232,-0.007035,0.022775,-0.042564,-0.058848,0.009648,0.024618,0.038017,-0.013271,-0.023268,0.108444,-0.002681,-0.026752
-0.001059,-0.006424,0.093409,0.002167,0.068343,0.006678,0.030408,-0.098267,-0.053101,-0.211549,0.086615,0.171426,0.022289,-0.024934,0.011815,-0.010892
-0.012779,0.016214,-0.041552,-0.007958,0.019674,-0.018468,-0.003682,-0.016617,0.064039,0.002819,-0.150828,-0.036451,0.034076,0.058366,0.051132,-0.068221
-0.015216,-0.022397,-0.049342,-0.054174,0.011964,-0.015380,-0.046316,-0.021889,0.051831,0.045532,-0.117955,-0.026145,0.010599,0.042569,0.091755,-0.131111
-0.001453,0.061501,-0.000673,0.003278,0.003397,0.094731,0.027763,-0.080315,0.048119,0.049825,0.016578,-0.003137,0.024718,0.154548,-0.060602,0.027249
-0.003680,0.048554,-0.054407,0.004380,-0.004767,0.045971,-0.007261,-0.008429,0.054854,0.147249,-0.035374,-0.051050,-0.005637,0.121047,-0.017445,0.013931
-0.011019,0.000143,-0.117744,-0.039062,0.022040,-0.029955,-0.080426,0.062676,0.061078,0.151891,-0.061691,-0.062789,-0.029952,0.066848,0.036204,-0.000240
0.000393,0.013732,0.009314,0.012120,0.060183,0.044724,0.025562,-0.066654,-0.041736,-0.048646,0.087728,0.026651,-0.013422,0.006213,-0.052816,0.057708
-0.005610,-0.033346,-0.043643,-0.029830,0.102138,-0.088393,-0.076008,0.085349,0.007680,-0.051705,0.026100,0.107342,0.000212,-0.068692,0.058493,0.058294
-0.005669,-0.005308,0.006092,0.003160,0.054843,0.065371,0.075371,-0.053842,-0.016341,0.079421,-0.073116,-0.117477,0.010518,-0.050746,0.042268,-0.047801
0.000730,0.021776,0.031460,0.020955,0.068790,0.012844,0.030049,-0.000752,0.014547,-0.024212,0.003117,0.081708,0.039807,-0.009142,0.021803,0.041666
-0.004581,0.012100,0.053140,0.002160,0.020533,0.134835,0.099164,-0.111858,0.010849,0.120921,-0.057954,-0.054018,0.021890,0.038669,0.059896,-0.112160
-0.008179,0.004995,0.006363,0.006839,0.063406,-0.017062,0.025026,0.007380,0.038470,-0.020444,-0.098825,0.034756,0.038293,-0.007127,0.078491,-0.028129
-0.000778,-0.000722,0.046672,-0.008732,0.019348,0.017889,-0.012073,-0.067692,-0.033871,-0.043042,0.088692,0.134669,-0.020305,0.030593,0.026031,-0.040866
-0.007088,-0.023117,-0.054505,-0.050263,0.060053,-0.054184,-0.085023,0.055980,0.038231,0.013516,-0.009302,0.059715,0.013765,-0.010282,0.055336,0.003070
0.000493,0.018217,-0.055123,0.000880,0.070636,-0.034359,-0.045236,0.075799,0.032272,0.038053,0.016006,0.034603,0.018916,-0.009381,-0.011390,0.107824
-0.003802,0.023071,-0.015419,-0.010682,0.014647,0.001880,-0.025891,-0.011259,0.035920,0.025954,-0.016536,0.041560,0.016053,0.064921,0.014844,-0.010050
-0.004630,-0.007913,0.038527,-0.012210,0.045238,-0.068712,-0.038660,-0.029535,-0.025459,-0.182811,0.047386,0.171838,0.004568,-0.004363,0.034479,-0.010808
-0.000174,0.031934,0.024661,0.012913,0.028590,0.030477,0.036841,-0.044129,-0.013382,-0.002151,0.013821,-0.007528,0.009507,0.023042,-0.017089,0.030950
-0.001062,0.025714,0.056558,0.041892,0.079691,0.033738,0.100345,-0.059849,-0.021524,-0.094803,-0.039999,-0.009267,0.049385,-0.048659,-0.003871,0.035313
-0.002508,0.048790,-0.006599,-0.006501,0.039856,-0.020715,0.007707,0.053299,0.065990,0.030155,-0.075198,-0.033751,0.064677,0.038951,0.008759,0.084660
-0.002973,-0.010690,-0.072511,-0.068675,0.057107,-0.013449,-0.104698,0.040058,0.020492,0.041948,0.109186,0.038141,-0.014856,0.039207,-0.029331,0.088449
-0.005773,0.009392,-0.028617,-0.039355,0.000089,0.005376,-0.052001,-0.022514,0.019380,0.050510,0.023911,0.020835,-0.017850,0.083811,0.011225,-0.021463
-0.002790,0.050253,-0.008803,0.036346,-0.002827,0.092666,0.048711,-0.031164,0.085258,0.191789,-0.112817,0.000224,0.034797,0.109174,0.054335,-0.080760
-0.007662,0.023094,-0.010182,-0.038145,0.002364,0.035006,-0.005336,-0.050839,0.037234,0.037352,-0.033384,-0.042374,0.017261,0.095266,0.004847,-0.027574
-0.003686,0.034042,0.007837,-0.021126,-0.014125,0.066406,-0.002580,-0.076101,0.031670,0.058583,0.016221,0.021444,0.005223,0.129643,-0.006271,-0.039760
-0.002257,0.019644,0.115254,0.021602,0.036368,0.010594,0.083601,-0.092185,-0.026007,-0.151044,-0.039963,0.078529,0.056139,-0.023137,0.049736,-0.053421
-0.001349,-0.000606,0.066835,0.008448,0.075629,0.082947,0.074217,-0.104324,-0.028527,-0.067520,0.040622,0.059255,0.027447,-0.016929,0.009927,-0.020027
-0.000629,-0.001736,0.040870,-0.033631,0.047173,0.055633,-0.000734,-0.083939,-0.033153,-0.055805,0.127307,0.079981,-0.005113,0.033978,-0.022971,0.018272
-0.004502,0.013735,-0.085641,-0.028522,0.046860,0.025608,-0.045033,0.030785,0.031246,0.129919,0.041453,-0.049163,-0.030608,0.068264,-0.029137,0.081600
-0.001530,0.048114,0.046057,0.039122,0.016027,0.097167,0.077804,-0.085958,0.046585,0.049427,-0.059277,0.049649,0.046281,0.090696,0.025940,-0.061742
-0.006322,-0.040805,-0.001954,-0.030942,0.113745,-0.017287,0.005153,0.005033,-0.030484,-0.062247,0.011147,0.000580,0.011539,-0.108602,0.044555,0.028408
-0.004079,-0.020110,-0.051688,-0.003872,0.098050,-0.011363,-0.020889,0.005312,-0.034119,-0.030721,0.062096,0.013143,-0.031268,-0.051269,-0.018446,0.072640
-0.008218,-0.043386,-0.006151,-0.021011,0.087886,-0.011340,0.017601,0.016220,-0.015963,0.037137,-0.062170,-0.031966,0.003254,-0.110683,0.104610,-0.047213
-0.005316,-0.000064,-0.040155,-0.044572,0.047407,-0.052582,-0.064478,0.051419,0.024637,0.004112,0.007777,0.014928,0.008632,0.009422,0.018632,0.055113
-0.002008,-0.002612,-0.002334,0.025845,0.136629,-0.084900,-0.020027,0.033836,-0.024816,-0.237500,0.078070,0.175859,0.012951,-0.062317,-0.023508,0.146756
0.002374,-0.003606,-0.068487,-0.053299,0.066698,0.012634,-0.087905,0.025943,-0.024556,0.049216,0.193588,0.017608,-0.043573,0.021972,-0.086638,0.154510
-0.000884,0.013090,-0.004210,0.004319,0.088704,-0.013834,0.018295,0.020101,-0.010171,-0.046848,0.016224,-0.009972,0.024122,-0.047082,-0.019201,0.107972
-0.007006,-0.030379,-0.047395,-0.006365,0.141519,-0.016856,0.020845,0.017519,-0.039783,-0.066775,0.012752,-0.065549,-0.008726,-0.113816,-0.010978,0.105043
0.002499,0.028859,0.111828,-0.010219,-0.025280,0.168742,0.077537,-0.179124,-0.024542,0.074330,0.092197,0.058307,0.001071,0.112412,0.008653,-0.107241
-0.002854,0.024383,-0.041456,-0.020874,0.012920,0.024712,-0.021603,0.017360,0.027457,0.143156,0.003530,-0.051381,-0.014969,0.063346,0.003980,0.031313
-0.004362,0.063198,0.012624,0.021828,-0.033344,0.094381,0.058933,-0.072099,0.077269,0.146670,-0.122081,-0.042481,0.041743,0.142566,0.031656,-0.092392
-0.014373,-0.042143,-0.112525,-0.046004,0.053059,-0.042055,-0.084113,-0.015502,-0.028185,-0.013804,0.029564,-0.034957,-0.082822,0.011992,-0.001894,-0.011389
-0.002351,-0.020162,-0.016297,-0.038338,0.063342,0.001841,-0.042533,-0.021155,-0.037192,-0.028705,0.109305,0.045089,-0.026292,-0.016277,-0.014394,0.043125
-0.007834,0.040100,-0.018473,-0.042181,-0.028501,0.006179,-0.031968,-0.003240,0.084454,0.094581,-0.088167,-0.028205,0.036805,0.132670,0.039075,-0.044044
-0.003064,0.019159,0.012959,-0.015816,0.027549,0.047778,0.058823,-0.035293,-0.016269,0.081445,-0.042208,-0.156218,0.014201,-0.017168,0.002249,0.016119
-0.005842,0.084349,0.069081,0.054189,-0.031133,0.039772,0.110843,-0.092298,0.055900,-0.024074,-0.182517,-0.037352,0.071998,0.115332,0.028857,-0.075814
-0.004586,-0.027935,-0.063300,-0.063727,0.093981,-0.062086,-0.105010,0.081283,0.023000,-0.018962,0.075430,0.080852,0.003809,-0.023634,0.014813,0.094642
-0.005204,0.008001,0.062220,-0.017786,0.014819,0.069301,0.053576,-0.107515,-0.006928,-0.008309,-0.017910,0.003693,0.022554,0.037400,0.039693,-0.085298
-0.004712,0.006854,0.000795,-0.010398,0.050344,0.004672,0.009380,-0.002028,0.019957,0.016359,-0.036674,0.004385,0.025001,-0.000561,0.039028,-0.000178
-0.006274,0.006878,-0.076766,-0.061285,0.046301,-0.069149,-0.099543,0.004167,-0.047858,-0.118841,0.163956,-0.022192,-0.070776,0.063930,-0.119547,0.179214
-0.001403,0.029147,-0.035885,0.007744,0.033879,-0.030778,-0.043108,0.037534,0.035329,0.019447,0.007126,0.073863,0.006156,0.049669,0.000352,0.053707
0.001172,0.040813,0.015941,0.023842,0.036106,0.136529,0.085597,-0.058137,0.039176,0.166142,-0.035053,-0.056491,0.037939,0.052788,0.003447,-0.010278
-0.004235,0.036594,0.036650,0.015977,0.013193,0.040460,0.050169,-0.070814,0.015395,-0.013554,-0.042756,0.015022,0.023348,0.066851,0.015151,-0.032708
-0.007995,-0.009030,-0.026261,-0.001968,0.087849,0.021328,0.036109,-0.004196,0.015272,0.026166,-0.069554,-0.054687,0.019465,-0.039488,0.040614,0.003067
-0.003627,0.032539,0.001692,0.016101,0.021338,0.011825,-0.006077,-0.020760,0.055907,0.003469,-0.038028,0.109429,0.031195,0.084840,0.032422,-0.030611
-0.005866,0.019172,-0.035263,-0.015016,0.032027,0.086266,0.037486,-0.015041,0.055765,0.190485,-0.084284,-0.119289,0.023113,0.047842,0.032988,-0.026154
0.000422,0.001508,0.058053,0.033101,0.070882,-0.045508,0.013028,-0.013611,-0.033635,-0.145370,0.032985,0.174127,0.016928,-0.056787,0.043110,0.011744
-0.004627,0.026936,0.112808,0.063558,0.036134,0.071946,0.137845,-0.120946,0.019430,-0.068041,-0.143399,0.082993,0.076599,0.002009,0.099827,-0.148834
-0.004353,-0.001700,-0.040444,-0.010110,0.063296,0.056103,0.023668,0.002595,0.021461,0.139167,-0.043978,-0.088071,0.009543,-0.018699,0.028768,0.002098
0.000098,0.017206,0.014960,0.012916,0.077324,0.001256,0.006034,-0.024763,-0.010129,-0.105595,0.065447,0.098681,0.019183,0.003490,-0.031611,0.079174
-0.000404,0.026290,0.031205,-0.004794,0.005443,0.099779,0.057802,-0.075958,-0.012521,0.124385,0.017245,-0.067992,-0.007006,0.048390,0.003219,-0.023848
-0.004598,-0.017931,0.002764,-0.045765,0.064551,-0.036789,-0.045594,-0.015166,-0.030624,-0.109583,0.084019,0.066701,-0.006400,-0.016961,-0.002420,0.046676
-0.001779,0.000948,0.004213,-0.016771,0.063323,0.089443,0.021873,-0.032335,0.033109,0.099632,0.016365,0.029192,0.027182,0.024573,0.032268,-0.015000
-0.008212,0.017808,0.009343,-0.021395,-0.022089,-0.046272,-0.034341,-0.021596,0.025196,-0.020486,-0.062820,0.047783,0.006210,0.071015,0.061928,-0.076670
0.000250,0.051378,0.052030,-0.008075,-0.023633,-0.030956,-0.033086,-0.006086,0.048317,-0.035654,-0.001773,0.145665,0.045465,0.106723,0.032083,-0.010691
-0.003373,0.007377,0.053005,-0.020580,0.054553,0.083163,0.057705,-0.078038,0.003927,0.002266,0.013923,0.006952,0.033733,0.023543,0.021894,-0.016671
-0.004592,0.014259,0.002366,-0.031018,0.039916,-0.053712,-0.060620,-0.014427,0.006422,-0.149846,0.070917,0.127177,0.008931,0.063224,-0.022733,0.059889
-0.006792,-0.040799,-0.028849,-0.014882,0.111969,-0.044982,-0.029049,0.006904,-0.028895,-0.107024,0.028391,0.069818,-0.005396,-0.088194,0.029574,0.026262
-0.011768,-0.020631,0.010190,-0.011830,0.076762,0.043025,0.041815,-0.064119,0.035321,-0.032628,-0.096152,0.029045,0.043034,-0.004095,0.083797,-0.099895
-0.002243,0.018138,0.011781,-0.009989,0.020580,-0.059001,-0.045224,0.030318,0.033945,-0.036363,-0.022393,0.114025,0.035116,0.022906,0.050813,-0.003262
-0.003139,-0.007401,-0.022830,-0.005182,0.081744,-0.006057,0.007035,0.034783,0.001533,0.043070,-0.022318,-0.026053,0.013088,-0.063250,0.035092,0.041145
0.000350,0.042008,0.048906,0.026091,0.017681,0.070817,0.074834,-0.067093,0.004209,0.042317,-0.027588,-0.016170,0.029444,0.037737,0.005969,-0.013109
-0.006000,0.004402,-0.035966,-0.045275,-0.001121,-0.087171,-0.117898,-0.005284,-0.011274,-0.107712,0.092143,0.119628,-0.041198,0.082611,-0.021304,0.026658
-0.005518,0.001109,0.034101,0.012549,0.036151,0.128418,0.105037,-0.112178,-0.010951,0.113634,-0.060415,-0.083265,0.003757,0.003262,0.052452,-0.106487
0.003921,0.020095,0.042066,0.002110,0.090519,-0.055633,-0.008997,0.011489,-0.047113,-0.193023,0.129485,0.114259,0.019669,-0.042053,-0.058986,0.171753
-0.002699,-0.041524,-0.089908,-0.022115,0.146575,0.064070,-0.023128,0.008544,-0.023286,0.066868,0.126835,-0.006251,-0.040265,-0.058460,-0.040395,0.108189
-0.004410,0.041451,0.009716,0.023046,0.019709,0.044613,0.084895,-0.025078,0.025518,0.096677,-0.134631,-0.140610,0.038879,0.008989,0.028687,-0.015411
-0.002933,0.016118,0.051702,0.003165,0.020849,0.037745,0.043872,-0.070867,0.000028,-0.016642,-0.033365,0.027935,0.032180,0.015701,0.038643,-0.059890
-0.004724,0.002104,-0.034429,-0.001255,0.062825,-0.102503,-0.051136,0.113929,0.047749,0.010719,-0.081457,0.069069,0.031766,-0.045061,0.087764,0.032722
-0.006230,0.031862,-0.008574,-0.028695,-0.038881,0.081049,0.029306,-0.039638,0.055187,0.231854,-0.114111,-0.141227,0.017144,0.091437,0.059171,-0.101696
0.006264,0.010277,0.136037,0.012073,0.059139,0.063620,0.096674,-0.073581,-0.062563,-0.049008,0.070508,0.064485,0.038759,-0.073942,0.033600,0.009552
-0.002670,-0.005580,-0.008074,0.024653,0.124732,0.000760,0.054335,0.002303,-0.016911,-0.070888,-0.036660,-0.030694,0.041448,-0.112081,-0.001012,0.072772
-0.006259,-0.017371,-0.042276,-0.019271,0.082842,-0.039050,-0.009852,0.003901,-0.064635,-0.056469,0.052720,-0.075549,-0.047517,-0.064809,-0.029604,0.096188
0.000536,-0.014780,0.059817,0.009934,0.081006,0.045615,0.043313,-0.053786,-0.035819,-0.038413,0.056756,0.106880,0.012288,-0.056486,0.045340,-0.018835
-0.005620,-0.027521,-0.059103,-0.057447,0.090058,-0.044845,-0.091093,0.033284,-0.005337,-0.062071,0.107649,0.073471,-0.020609,-0.005771,-0.016752,0.092308
0.001620,0.041071,0.032115,0.015295,0.032864,0.020441,0.030302,0.009950,0.034343,0.048231,-0.026117,0.035180,0.046332,0.025671,0.025711,0.033034
-0.013555,0.018617,-0.001237,-0.043857,-0.072724,-0.023644,-0.060443,-0.090766,0.024649,-0.025135,-0.037384,0.059366,-0.035732,0.176318,0.048849,-0.145996
-0.006650,-0.048699,-0.102216,-0.091490,0.062220,-0.049505,-0.147753,0.025693,-0.031768,-0.009297,0.158895,0.033665,-0.068425,0.000753,-0.034926,0.069078
-0.003748,0.039262,-0.052435,0.033470,0.059581,0.043677,0.057506,0.046083,0.068739,0.174446,-0.139183,-0.123033,0.041021,0.006548,0.027862,0.039096
0.000388,-0.014376,-0.054778,-0.004808,0.108450,0.043797,-0.015810,0.059003,0.042005,0.139382,0.012579,0.033796,0.025758,-0.050192,0.036252,0.047912
-0.004418,-0.015280,-0.074389,0.013226,0.161609,0.013362,0.028906,0.048600,0.012178,0.001868,-0.027059,-0.064903,0.030625,-0.106225,-0.017559,0.126548
-0.000284,0.010575,-0.030619,0.021198,0.098144,-0.016581,0.004901,0.037585,-0.010300,-0.020440,0.034454,0.020086,0.000838,-0.044354,-0.021825,0.119077
-0.009737,0.015220,-0.078849,-0.034157,0.029817,-0.047619,-0.066935,0.055128,0.070806,0.049569,-0.067197,-0.014155,0.011682,0.070287,0.025072,0.025314
-0.002770,0.008654,-0.036870,-0.021714,0.057358,0.045683,-0.016437,-0.052770,-0.021345,-0.013479,0.107737,-0.006188,-0.028908,0.050827,-0.074441,0.079832
-0.008596,0.019990,-0.039999,-0.052551,-0.013151,-0.045743,-0.074687,-0.018128,0.019294,-0.035872,0.008202,-0.006453,-0.012344,0.102756,-0.020277,0.010807
-0.009565,-0.008145,0.010991,0.006152,0.057368,0.022697,0.060568,-0.070034,-0.028529,-0.038962,-0.060101,-0.055814,-0.006283,-0.027919,0.037507,-0.046681
0.005299,0.023623,0.065283,0.041477,0.091194,0.019255,0.066802,-0.029242,-0.041495,-0.103108,0.060591,0.075863,0.035977,-0.065067,-0.023426,0.094627
-0.004057,0.047351,0.075340,0.024516,-0.010325,0.045786,0.058249,-0.135254,0.008197,-0.114857,-0.033399,0.081156,0.038449,0.103578,-0.000850,-0.075539
-0.000102,0.030935,0.053389,0.015704,0.025906,0.120836,0.109703,-0.102057,-0.021578,0.085933,-0.015146,-0.100976,0.016546,0.015677,-0.005191,-0.020326
-0.004109,-0.004008,0.025803,-0.016660,0.033061,-0.011384,-0.006988,-0.027188,-0.015815,-0.030457,0.014891,0.058939,-0.001552,-0.002716,0.045657,-0.027310
-0.004450,0.011862,-0.016261,-0.002354,0.009124,0.073716,-0.002172,-0.135224,-0.043729,-0.026346,0.105956,0.027572,-0.060693,0.101581,-0.067332,-0.022711
-0.004115,0.023306,-0.010060,-0.032571,-0.005681,0.043572,-0.007644,-0.057220,0.001173,0.061243,0.024648,-0.054555,-0.013267,0.082263,-0.021732,-0.004280
-0.003103,-0.028385,-0.045748,-0.030935,0.085851,0.082271,0.004017,-0.022732,-0.009616,0.125699,0.045947,-0.058702,-0.013418,-0.039133,0.006928,0.009765
-0.004670,-0.019820,0.030686,-0.042090,0.041879,-0.022844,-0.021598,-0.030557,-0.040793,-0.064747,0.057675,0.049675,-0.013026,-0.024420,0.036889,-0.009097
-0.005660,0.012896,-0.030146,-0.017092,0.013319,-0.015313,-0.033438,-0.013011,0.005177,0.016937,0.002176,0.002544,-0.018449,0.050445,0.004614,0.000627
-0.000350,0.084220,-0.015794,0.050366,-0.013383,0.042058,0.045877,-0.022330,0.060182,0.090601,-0.091839,-0.051812,0.035528,0.115956,-0.033738,0.027256
-0.004938,0.013726,0.050039,-0.010389,0.014218,0.028791,0.019743,-0.110482,-0.024682,-0.104791,0.037001,0.066183,0.001049,0.060386,-0.003441,-0.042734
-0.002976,-0.016395,-0.013817,-0.019489,0.099721,0.028255,0.004672,-0.012015,-0.014265,-0.014000,0.054854,0.013884,0.005360,-0.041492,-0.002669,0.057468
-0.001474,0.023821,0.060504,0.036527,0.038074,0.009437,0.042095,-0.076823,-0.018533,-0.122078,0.010103,0.124451,0.018682,0.020464,0.013224,-0.022409
-0.006647,-0.005737,-0.010712,-0.020964,0.055849,-0.027796,-0.032922,0.022825,0.045840,-0.009703,-0.042399,0.088699,0.032764,0.009083,0.071595,-0.025033
0.001046,0.031888,0.054454,0.014318,0.011946,0.018551,0.013914,-0.061906,-0.009738,-0.055364,0.045982,0.112514,0.012659,0.053142,0.001238,-0.007509
-0.008529,-0.015764,0.013067,-0.054402,0.018490,-0.049184,-0.064433,-0.036092,-0.006358,-0.105390,0.036671,0.107425,-0.007342,0.040192,0.043254,-0.045857
0.001610,0.065742,0.077171,0.067426,-0.006930,0.019369,0.064074,-0.081615,-0.007406,-0.078788,-0.005556,0.118261,0.014423,0.083482,-0.003031,-0.014282
-0.004509,0.032452,-0.012626,0.024600,0.052065,-0.021265,0.027264,0.020100,0.035452,-0.008674,-0.091579,-0.016343,0.039950,0.003232,0.020048,0.036126
-0.001862,0.026661,0.054929,0.027875,0.053524,0.016857,0.070330,-0.061281,-0.017361,-0.097554,-0.029212,0.015698,0.039844,-0.016830,0.001339,0.014473
-0.006914,-0.021839,-0.034366,-0.077329,0.045383,-0.053894,-0.086711,-0.006571,-0.033505,-0.089200,0.102018,0.010877,-0.029376,0.007762,-0.027994,0.062600
0.003762,0.019390,0.003997,0.003423,0.056612,0.039027,-0.012260,-0.023354,-0.007889,-0.001478,0.113393,0.096484,0.001301,0.029407,-0.040452,0.074192
0.001197,0.024276,-0.019377,0.017882,0.071507,0.061482,0.042111,-0.012626,-0.004678,0.070637,0.028250,-0.054157,0.005945,-0.006543,-0.039374,0.086318
-0.001926,0.023921,0.006936,0.013320,0.063673,0.079654,0.072595,-0.021000,0.023825,0.102692,-0.043767,-0.066730,0.030904,0.004056,0.017178,0.024417
0.001827,0.022282,-0.070015,-0.010984,0.059352,0.024138,-0.026171,0.084406,0.044059,0.195129,0.009718,-0.062274,0.009551,0.003011,-0.007399,0.106897
-0.004133,-0.003600,-0.102413,-0.063888,0.037093,-0.094177,-0.153329,0.090382,0.022540,0.009967,0.091128,0.055812,-0.031573,0.043820,-0.028919,0.110084
0.001504,-0.010496,0.030452,-0.037504,0.057959,0.004841,-0.044090,-0.038485,-0.044800,-0.087244,0.171348,0.138402,-0.016369,0.005627,-0.023196,0.057965
-0.004907,-0.007540,-0.005662,0.010279,0.092645,-0.063010,0.014948,0.059892,0.004388,-0.037406,-0.081088,0.001439,0.035370,-0.102159,0.067617,0.036492
-0.005379,0.009495,-0.043709,0.006805,0.078016,-0.030956,0.014894,0.031211,-0.000078,-0.010269,-0.056819,-0.084381,0.014154,-0.051215,-0.005437,0.076741
0.000883,0.026549,0.061501,0.047983,0.075852,0.010932,0.090388,0.008206,0.005977,-0.007487,-0.076127,0.022232,0.058874,-0.067962,0.060244,0.023975
-0.003726,0.012476,0.001541,0.002503,0.058191,0.002164,0.011982,-0.013289,0.013866,-0.030459,-0.020368,0.029024,0.027341,0.001770,0.014427,0.019212
-0.006834,0.008729,0.034169,-0.003243,0.028057,-0.013336,-0.017415,-0.067367,0.024448,-0.135583,-0.006412,0.174573,0.028094,0.069366,0.041073,-0.067807
-0.008956,0.037518,-0.010588,0.012944,0.047679,0.075660,0.082759,-0.089777,0.024004,-0.012694,-0.080013,-0.115969,0.027785,0.068538,-0.036991,0.012671
-0.003049,0.040796,0.051970,0.028711,-0.001730,0.180453,0.126264,-0.129730,0.043709,0.188165,-0.092333,-0.061589,0.034258,0.096887,0.050882,-0.131072
-0.005311,0.058421,0.042302,-0.019346,-0.075008,0.047011,0.018109,-0.138202,-0.020807,-0.013928,0.030623,-0.041635,-0.033167,0.177151,-0.047184,-0.044970
-0.007615,-0.015022,-0.087180,-0.050781,0.069818,0.048377,-0.051715,-0.003767,0.040941,0.092620,0.032271,-0.023343,-0.008253,0.049534,-0.011332,0.024971
-0.002081,0.002822,-0.010193,0.028949,0.106766,0.010598,0.033430,0.009720,0.008110,-0.026239,-0.016158,0.043432,0.028517,-0.052160,0.016216,0.053658
-0.007057,0.008024,0.011936,-0.019356,-0.001035,0.072079,0.016330,-0.086204,0.019504,0.075117,-0.021830,0.010046,-0.005321,0.086054,0.045544,-0.102782
0.005642,0.007587,0.048774,0.044525,0.097031,-0.002353,0.023508,-0.020773,-0.051707,-0.125370,0.115417,0.173284,0.005775,-0.061182,-0.016563,0.084752
-0.010823,0.022728,0.014298,-0.020501,-0.016301,0.015623,0.002666,-0.092978,0.029723,-0.046498,-0.063391,0.020247,0.012836,0.114844,0.028817,-0.095927
-0.005862,0.039567,-0.006461,0.027777,0.014120,0.086450,0.088653,-0.065084,0.023047,0.124307,-0.109676,-0.136349,0.011588,0.052096,0.012442,-0.040564
-0.005257,-0.002923,-0.015624,-0.049063,0.011026,-0.025076,-0.062446,-0.013051,-0.000417,-0.003963,0.038504,0.035450,-0.012532,0.040525,0.016286,-0.010902
0.006265,-0.006578,0.058786,0.013500,0.093660,0.047149,0.030584,-0.054541,-0.077951,-0.075553,0.174137,0.122987,-0.014776,-0.060971,-0.029743,0.079989
-0.008051,-0.008293,-0.040582,-0.035850,0.027774,-0.040749,-0.063320,0.040284,0.058573,0.054436,-0.072123,0.047914,0.024172,0.020428,0.084015,-0.056038
-0.001407,0.033246,-0.032780,0.086979,0.126037,0.071262,0.120539,0.044301,0.070309,0.134518,-0.169087,-0.068846,0.073558,-0.065341,0.045388,0.047353
