-0.006918,-0.005961,-0.059984,0.049261,-0.049912,0.019225,-0.024713,-0.018438,0.014360,-0.004137,0.033723,-0.020981,0.014697,-0.019339,0.022461,0.025036
-0.011401,-0.018861,-0.020320,0.027718,0.036960,-0.056537,0.056815,-0.001733,-0.026391,0.028810,0.000064,0.010767,0.025080,0.020493,-0.056683,0.035454
-0.000722,-0.017712,0.040112,0.038015,0.053495,0.007334,0.076953,-0.038127,0.025978,-0.038624,-0.038450,0.092175,0.045736,0.056695,0.055330,0.039060
-0.012866,-0.022667,-0.066585,0.032942,-0.042762,0.020758,-0.010185,-0.006112,0.014528,0.005149,0.053453,-0.028244,-0.006436,-0.059115,0.017865,0.022020
-0.008860,-0.032843,-0.001080,0.023575,0.044659,-0.008086,0.055875,-0.015171,0.003833,0.005016,0.006141,0.030335,0.013585,-0.002426,0.001388,0.024616
-0.006653,-0.032556,-0.019846,0.028169,0.023001,0.000456,0.023140,-0.023891,0.013145,0.000007,0.027272,0.031511,0.028012,-0.016448,0.015584,0.030242
-0.007083,-0.011582,-0.055160,0.039134,-0.009843,-0.024807,0.009531,-0.026243,-0.007660,-0.015046,0.034743,0.029775,0.049860,-0.015009,-0.010193,0.046500
-0.011064,-0.013545,-0.065385,0.039687,-0.036310,-0.007859,-0.005651,-0.011623,0.004858,0.008580,0.043793,-0.011765,0.020563,-0.031459,-0.001477,0.035761
-0.015884,-0.006158,-0.041330,0.043649,-0.025025,0.001420,0.046977,-0.008212,0.008464,0.001531,0.016321,-0.013122,-0.007303,-0.026334,0.008542,0.026554
-0.003036,-0.012406,-0.018143,0.043046,-0.024982,0.090263,0.004780,-0.028953,0.028161,-0.062239,0.005073,-0.004870,-0.027171,-0.029042,0.082212,-0.007549
-0.000980,-0.004387,-0.044487,0.044451,0.024561,-0.080403,-0.014227,-0.015770,-0.048462,0.041518,0.007222,-0.005286,0.068232,0.058265,-0.095711,0.037671
-0.007385,-0.029479,-0.000991,0.020899,0.042782,-0.025764,0.057598,-0.012137,-0.001341,-0.002704,-0.002509,0.051714,0.033600,0.018677,-0.003106,0.040790
-0.014678,-0.053569,-0.068137,-0.009574,-0.008625,-0.024068,-0.008159,0.031110,-0.015974,0.029073,0.060316,-0.017326,-0.002490,-0.055527,-0.034991,0.035982
0.009067,-0.002931,0.046537,0.067566,0.008158,0.117053,0.030220,-0.080081,0.076538,-0.105797,-0.036270,0.090382,0.028434,0.034035,0.168662,0.009098
-0.004543,-0.066014,0.056958,-0.003345,0.098542,0.102137,0.104251,-0.036970,0.035094,-0.091887,-0.004427,0.088306,-0.038612,-0.060863,0.107407,-0.014008
0.020667,-0.052647,0.108133,0.015886,0.137692,0.051929,0.034877,-0.058382,0.030934,-0.064539,-0.066468,0.140211,0.065365,0.110771,0.088141,0.011059
-0.004618,-0.041299,-0.056045,0.006705,0.038905,-0.033050,0.001112,-0.016446,-0.040976,-0.018485,0.052955,0.033973,0.042835,-0.041065,-0.051562,0.032823
-0.008700,-0.042512,-0.109514,0.016404,-0.079889,0.014520,-0.111090,0.017580,0.013211,0.048600,0.097449,-0.071615,0.004320,-0.069032,-0.002156,0.026101
-0.003837,0.010162,0.039490,0.052010,0.038671,-0.039771,0.106117,-0.026226,0.007592,-0.027002,-0.073618,0.090355,0.060286,0.109709,0.019904,0.059050
0.010050,-0.083430,-0.010726,-0.027852,-0.031073,0.089416,-0.120382,0.030385,0.060549,-0.015528,0.029421,0.025388,0.010885,0.016779,0.118251,0.028231
-0.010044,0.001103,-0.057232,0.044828,-0.092664,-0.015338,-0.033302,0.022634,0.030039,0.039553,0.004713,-0.030713,0.024444,0.046032,0.024140,0.058041
-0.003163,-0.021232,-0.068767,0.032671,-0.006941,-0.069035,-0.052160,-0.004508,-0.025912,0.057068,0.044060,-0.013402,0.068241,0.023782,-0.071879,0.048309
-0.025906,-0.021756,-0.073913,0.024785,-0.033638,-0.012363,0.053772,0.014030,-0.004145,0.023165,0.053925,-0.042133,-0.033983,-0.087291,-0.022136,0.026034
0.009795,-0.016733,0.053415,0.047282,0.075546,0.026120,0.047992,-0.065488,0.024283,-0.059091,-0.042483,0.107676,0.066657,0.074131,0.065033,0.025975
-0.024908,-0.029188,-0.107603,0.017482,-0.079566,-0.007954,-0.012958,0.033426,0.003768,0.047349,0.081598,-0.076059,-0.033356,-0.096494,-0.020044,0.031801
-0.008588,-0.024369,0.025288,0.037451,0.060901,-0.017861,0.074153,-0.018529,0.010535,0.033199,-0.020182,0.021094,0.012809,0.035717,-0.004541,0.018994
-0.002017,-0.041033,0.023290,0.011394,0.058016,0.054950,0.073930,-0.037116,0.019197,-0.091296,-0.004679,0.098375,0.011853,-0.022901,0.078597,0.020358
0.003085,0.021534,-0.020445,0.080405,-0.062614,0.026718,-0.026861,-0.043088,0.048354,-0.021915,-0.018122,0.024659,0.060260,0.071255,0.078536,0.044943
-0.011820,-0.003190,0.010047,0.045124,0.003150,-0.062237,0.064108,0.010240,0.019270,0.062212,-0.041984,0.018258,0.039107,0.095143,-0.009551,0.060576
-0.004715,-0.024423,-0.023675,0.028331,0.037327,-0.010872,0.037955,-0.033074,-0.012695,-0.032026,0.020549,0.050883,0.038981,-0.015145,-0.005622,0.031323
-0.017368,-0.020859,-0.021715,0.034357,-0.113575,0.108107,-0.023597,0.049095,0.085534,0.047548,-0.004991,-0.114001,-0.103052,-0.010094,0.117695,-0.008459
-0.010137,-0.006272,0.000730,0.043770,0.037399,-0.075376,0.080960,-0.017270,-0.003099,0.028574,-0.020645,0.056740,0.064177,0.061990,-0.030588,0.063258
-0.008564,0.019176,-0.049974,0.077810,-0.086883,0.063618,0.006003,-0.045237,0.054895,-0.051328,0.018929,0.005284,0.011892,-0.026356,0.101242,0.030557
-0.012821,-0.057732,-0.086598,-0.000873,0.023579,-0.005863,-0.004252,-0.015782,-0.029909,-0.011106,0.104815,0.002753,0.007734,-0.129692,-0.041299,0.017854
-0.011017,-0.006736,-0.006824,0.043847,-0.030344,0.044010,0.047740,-0.008257,0.038479,-0.021789,-0.014955,0.004581,-0.017334,0.004929,0.070286,0.021799
0.002494,0.008200,0.039114,0.061063,0.044566,-0.029758,0.089825,-0.061595,0.026491,-0.056100,-0.054026,0.142107,0.104611,0.099907,0.055350,0.073728
-0.007390,-0.033409,-0.032222,0.037163,0.078892,0.005987,0.064195,-0.076587,-0.016594,-0.050629,0.065406,0.062514,0.035115,-0.098212,-0.010402,0.009540
-0.009909,-0.051006,-0.048156,0.000965,-0.072005,0.057643,-0.069947,0.049916,0.042895,0.046458,0.035952,-0.074651,-0.048322,-0.021982,0.054641,0.011523
0.002534,0.030256,0.081592,0.082859,-0.006691,0.014859,0.098555,-0.045910,0.084075,-0.045734,-0.114986,0.124742,0.077440,0.171285,0.139773,0.074176
-0.007735,0.005141,-0.033047,0.060672,-0.036174,0.053611,0.020522,-0.033695,0.021457,-0.038908,0.007627,-0.013327,-0.011656,-0.022944,0.052636,0.005731
-0.000997,0.017421,0.060353,0.077460,0.016217,0.034476,0.102173,-0.060090,0.065018,-0.055619,-0.073748,0.099860,0.047810,0.091633,0.116735,0.043888
-0.011979,0.014672,-0.030581,0.068910,-0.024994,0.004243,0.063314,-0.042264,0.020447,-0.029508,0.003161,0.026670,0.025499,-0.007264,0.035267,0.037560
-0.013964,-0.012208,-0.089403,0.035420,-0.038811,-0.073387,-0.032914,0.019346,-0.030287,0.082175,0.047858,-0.065848,0.026412,-0.001361,-0.090438,0.040995
-0.003122,-0.051806,0.007332,-0.003424,0.032120,-0.004101,0.035306,-0.002586,0.026725,-0.028837,0.003590,0.100428,0.051499,0.020931,0.053996,0.063410
-0.019001,-0.032974,-0.066752,0.017368,-0.038282,-0.046004,-0.003772,0.032838,0.006763,0.079400,0.047540,-0.043040,0.005036,-0.021073,-0.034279,0.047943
-0.020505,0.003402,-0.089912,0.042956,-0.103876,-0.056319,-0.015179,0.038103,0.010891,0.073708,0.028943,-0.059941,0.015546,0.012897,-0.026997,0.066503
0.003617,0.033189,0.010496,0.092858,-0.002439,0.058863,0.069202,-0.099748,0.037723,-0.124219,-0.032021,0.103866,0.061561,0.027377,0.109912,0.031137
0.002703,0.008445,0.005737,0.060154,0.052234,-0.056569,0.045257,-0.047456,-0.023835,-0.009421,-0.034512,0.061693,0.083726,0.089297,-0.036900,0.043195
-0.004860,-0.024330,-0.048478,0.027644,-0.031046,0.083872,0.001344,-0.034778,0.022179,-0.094908,0.044126,0.031824,-0.006728,-0.080722,0.085641,0.012342
-0.007277,-0.004191,-0.093856,0.040767,-0.053415,-0.058924,-0.048336,-0.001439,-0.022510,0.029964,0.047983,-0.018114,0.060576,0.005398,-0.053812,0.057626
-0.010333,-0.008962,-0.083419,0.034577,0.000960,-0.084565,-0.009623,-0.000221,-0.061164,0.045954,0.041876,-0.035846,0.041072,-0.003838,-0.117554,0.035674
0.005981,-0.011624,0.102482,0.058280,0.037005,0.108760,0.083829,-0.059194,0.100385,-0.076512,-0.083405,0.108926,0.015699,0.087067,0.190026,0.016582
-0.018730,-0.009563,-0.096316,0.032820,-0.093666,-0.084811,-0.041785,0.046923,0.004694,0.106957,0.042384,-0.061331,0.036186,0.024214,-0.054427,0.076560
0.003584,-0.057332,0.123803,0.010490,0.100939,0.081397,0.101625,-0.026645,0.082089,-0.042392,-0.075557,0.120276,0.002999,0.077472,0.150356,0.015441
-0.000459,-0.062352,0.066891,-0.000949,0.075496,0.033575,0.075324,-0.019545,0.061205,-0.036308,-0.025480,0.130923,0.038819,0.038195,0.109048,0.048432
-0.010213,-0.018975,-0.046847,0.026931,-0.004205,-0.005300,0.029127,-0.012609,-0.010193,-0.024748,0.027635,0.018097,0.015570,-0.031311,-0.003490,0.032542
-0.010806,-0.020022,-0.024879,0.038500,0.021516,-0.020088,0.046256,-0.024648,0.003632,0.010777,0.022130,0.021507,0.026571,-0.014277,-0.007361,0.032519
0.011412,-0.015352,0.101688,0.054704,0.102566,0.097083,0.115261,-0.103175,0.059972,-0.142436,-0.066283,0.173483,0.049869,0.049863,0.159654,0.012885
-0.003968,-0.013880,-0.071906,0.035114,-0.040323,-0.012356,-0.053549,-0.002185,-0.013187,0.015324,0.037693,-0.031140,0.028148,-0.000948,-0.024685,0.029417
-0.021608,-0.031090,-0.084567,0.023450,-0.032782,0.004290,0.011513,0.006950,-0.004331,0.029136,0.075651,-0.059931,-0.034527,-0.104251,-0.023309,0.011829
0.011465,0.010870,0.018610,0.070773,-0.025557,0.071732,-0.015045,-0.059577,0.054990,-0.076280,-0.040912,0.067046,0.055772,0.080244,0.122864,0.029045
-0.011966,-0.027773,0.091604,0.022468,0.083003,-0.025442,0.179459,-0.013457,0.053806,-0.015372,-0.078529,0.143463,0.041037,0.088250,0.078239,0.071483
-0.008864,-0.046006,-0.010761,0.014617,0.035231,0.003645,0.008983,0.008913,0.000230,0.052179,0.017854,-0.036628,-0.020600,-0.007829,-0.020315,-0.000664
0.007311,-0.022273,-0.023551,0.035363,0.050160,0.090141,-0.000744,-0.070938,-0.029012,-0.120885,0.027467,0.028347,-0.005033,-0.066711,0.030038,-0.034397
-0.013715,0.017953,0.011142,0.067535,-0.058070,0.002913,0.080892,-0.010782,0.073135,-0.000985,-0.048133,0.048158,0.030442,0.073117,0.098846,0.070613
-0.017361,-0.039542,-0.035032,-0.005815,0.003290,-0.021568,0.062979,0.028134,-0.010464,-0.010568,0.016944,0.026510,-0.006199,-0.029972,-0.007306,0.046584
-0.011036,-0.003655,-0.046432,0.042442,-0.080756,0.027600,-0.007119,0.008757,0.038224,-0.001813,0.007570,-0.018324,-0.001663,0.006305,0.059394,0.039953
-0.013119,-0.025154,-0.095089,0.018463,-0.055582,-0.083956,-0.048739,0.031813,-0.013879,0.077581,0.057475,-0.028125,0.054055,0.005751,-0.065793,0.072926
-0.006095,-0.030646,0.031650,0.030300,-0.006713,0.073495,0.032175,-0.001219,0.067079,-0.002410,-0.027094,0.008516,-0.028133,0.026842,0.107799,0.010257
-0.008692,-0.026655,-0.033405,0.026489,-0.043608,0.028772,-0.017115,0.011618,0.033629,0.017390,0.017142,-0.021412,-0.006971,-0.001075,0.045416,0.026977
0.006636,-0.075281,-0.044377,-0.019695,-0.036532,0.016377,-0.153063,0.049783,0.024806,0.069341,0.044046,-0.038144,0.024562,0.039822,0.018584,0.032149
-0.019782,-0.036244,-0.106055,0.007375,-0.070373,-0.014111,-0.023702,0.027699,0.001156,0.022309,0.083851,-0.034064,-0.003081,-0.086785,-0.011449,0.048093
-0.018339,-0.031492,-0.045289,0.017459,-0.058313,-0.050757,-0.007012,0.050332,0.036024,0.102121,0.020358,-0.033180,0.014992,0.031664,-0.002493,0.068005
-0.015816,0.011773,0.001470,0.058218,0.019698,-0.043749,0.144862,-0.044366,0.017295,-0.044229,-0.022645,0.106938,0.060162,0.019421,0.029929,0.074216
-0.012314,0.012853,-0.111099,0.052264,-0.105680,-0.026017,-0.047953,0.006949,-0.009920,0.014327,0.045445,-0.052514,0.025248,-0.014770,-0.024370,0.048967
-0.003241,-0.015393,0.024147,0.045223,0.043733,0.025603,0.067312,-0.042659,0.023125,-0.033158,-0.020622,0.055115,0.020663,0.021477,0.049140,0.018350
-0.001469,-0.046477,0.119913,0.001790,0.141422,-0.025327,0.162545,-0.012369,0.024915,-0.025434,-0.097030,0.156987,0.046556,0.120299,0.050365,0.052827
-0.014675,-0.030480,-0.039955,0.031566,0.023013,-0.088641,0.002408,0.018178,-0.016867,0.133904,0.029906,-0.059871,0.023237,0.025580,-0.099828,0.031942
-0.001388,-0.040279,-0.039180,0.011013,-0.005509,-0.043379,-0.055892,0.020070,-0.002636,0.059293,0.023144,-0.005122,0.049843,0.047387,-0.031006,0.048350
-0.004318,-0.024980,-0.064462,0.035474,-0.065445,0.100382,-0.060830,-0.017924,0.032614,-0.039385,0.055855,-0.046287,-0.034135,-0.076499,0.077759,-0.010075
0.002653,-0.042641,-0.009068,0.016081,0.085112,0.002919,0.031383,-0.053628,-0.023106,-0.060608,0.030152,0.084769,0.052657,-0.028838,-0.004481,0.019847
0.003481,-0.029424,-0.021523,0.037622,-0.012738,0.046999,-0.054400,-0.026013,0.033548,-0.000982,0.023935,0.000297,0.024376,0.009017,0.054247,0.013297
0.010284,-0.029181,0.031013,0.028827,0.098736,0.024150,0.049267,-0.072033,-0.009639,-0.097590,-0.014135,0.124073,0.067221,0.023382,0.036392,0.019938
0.011513,-0.051952,0.027449,0.017161,0.105692,0.073042,0.019059,-0.074473,0.000818,-0.098581,0.015485,0.095980,0.032761,-0.028726,0.057740,-0.011216
0.000850,-0.013991,-0.075837,0.035703,0.001638,-0.127619,-0.047833,-0.021048,-0.034057,0.044089,0.045950,0.059994,0.146633,0.058476,-0.088065,0.097229
-0.007877,-0.073156,0.049161,-0.021862,0.094359,0.000192,0.088426,0.013349,0.017261,-0.001006,-0.016759,0.080741,0.002866,0.015810,0.031372,0.032830
0.002701,-0.003226,0.002875,0.060161,0.004556,0.022714,0.015628,-0.054898,0.036524,-0.037340,-0.009448,0.065330,0.060831,0.041311,0.067400,0.038194
-0.008657,0.031880,-0.022580,0.080903,-0.081250,0.055006,0.049520,-0.042565,0.058152,-0.072882,-0.022203,0.039654,0.019650,0.016607,0.117132,0.045107
-0.002771,-0.041342,-0.011441,0.022147,0.075234,0.028930,0.034382,-0.044396,-0.019395,-0.036040,0.033272,0.024267,0.001378,-0.055220,-0.007670,-0.011296
-0.007202,-0.050417,0.049484,0.019453,0.050758,0.063518,0.066343,-0.016287,0.061508,-0.000310,-0.013544,0.038001,-0.022386,-0.000148,0.094081,0.005493
-0.008814,0.019931,-0.114151,0.064447,-0.042724,-0.075984,-0.015353,-0.038706,-0.048838,-0.007447,0.059747,0.001096,0.080586,-0.024594,-0.081961,0.057802
-0.011060,0.015200,0.028301,0.060337,0.032241,0.017016,0.172638,-0.069030,0.029590,-0.122851,-0.042230,0.147168,0.044826,0.005054,0.092962,0.057736
-0.030851,0.010724,-0.088063,0.052405,-0.040479,-0.114516,0.108246,-0.009774,-0.007073,0.031615,0.049003,0.038867,0.062324,-0.043502,-0.054036,0.100073
-0.013501,-0.026892,-0.018581,0.031234,0.013661,-0.011165,0.041518,-0.002852,0.010930,0.037706,0.015350,-0.010950,-0.001961,-0.009419,-0.005724,0.022486
-0.012458,-0.023058,-0.015487,0.028964,0.031533,0.046881,0.087995,-0.036115,0.000818,-0.071310,0.018843,0.036241,-0.022809,-0.074142,0.037898,0.003184
-0.015577,-0.069589,0.030873,-0.008173,0.074202,0.042283,0.096216,0.004060,0.029822,0.002727,0.011001,0.028777,-0.047838,-0.054263,0.047059,0.001261
-0.002942,-0.017547,-0.039368,0.032474,-0.065692,0.071153,-0.037424,-0.004065,0.038948,-0.039110,0.015508,-0.007262,-0.007253,-0.010369,0.086292,0.020158
0.003873,0.011364,-0.030843,0.057039,0.000032,0.047667,0.048672,-0.088548,0.001929,-0.168090,0.009780,0.130971,0.072636,-0.028971,0.082692,0.043809
-0.014855,-0.032933,-0.051047,0.018877,0.007378,0.024505,0.039208,-0.012290,-0.010059,-0.024743,0.049681,-0.009541,-0.026015,-0.088500,-0.000854,0.005524
0.004003,-0.053723,-0.053916,0.009659,0.009543,0.055606,-0.081723,-0.020158,-0.007118,-0.019504,0.067009,-0.020655,0.002505,-0.059155,0.010488,-0.010592
-0.014583,0.024172,-0.141442,0.060856,-0.159841,-0.100514,-0.088266,0.029164,0.004429,0.081559,0.053853,-0.050667,0.086311,0.040988,-0.048119,0.106570
-0.014449,-0.050307,-0.146620,-0.008296,-0.051061,-0.065015,-0.113763,0.056204,-0.066572,0.098818,0.111661,-0.126667,-0.007431,-0.075620,-0.140946,0.019541
-0.029217,0.045288,-0.054139,0.079131,-0.108001,-0.105788,0.080228,0.034923,0.025134,0.097027,-0.034351,-0.038957,0.030434,0.086411,-0.029118,0.095034
0.016727,-0.053453,0.000091,0.003283,0.045482,0.025119,-0.071102,-0.026355,0.001634,-0.042744,0.010577,0.074373,0.072753,0.049119,0.034820,0.029036
-0.010987,-0.016952,0.036414,0.045551,0.055810,0.062196,0.125715,-0.050155,0.032493,-0.060287,-0.020153,0.053275,-0.025006,-0.031105,0.076740,-0.002476
0.000508,-0.030450,-0.014957,0.026291,0.001779,0.095392,-0.003785,-0.032826,0.019896,-0.077664,0.017802,0.016315,-0.020339,-0.044827,0.079932,-0.010617
-0.004545,-0.029583,0.045481,0.013670,0.024116,0.075499,0.091657,-0.012730,0.043783,-0.092317,-0.046554,0.088391,-0.014319,0.017836,0.120865,0.024502
-0.003561,-0.058210,-0.022575,-0.000975,0.031938,0.027545,-0.006684,-0.006618,0.005045,-0.013757,0.040646,0.023291,0.005522,-0.040196,0.020413,0.015029
-0.001230,-0.047837,0.055665,0.016593,0.123065,-0.005700,0.094548,-0.040503,0.005822,-0.016600,-0.020461,0.094622,0.036560,0.027352,0.014645,0.020322
0.006153,0.022933,0.074044,0.085722,0.075382,0.053180,0.122969,-0.099994,0.027707,-0.109537,-0.079285,0.116374,0.045844,0.072702,0.092098,0.009267
-0.020863,-0.017696,-0.042305,0.018765,-0.021179,-0.017777,0.097933,-0.001786,0.012960,-0.046252,0.021834,0.068681,0.018357,-0.047441,0.034119,0.069316
0.007675,-0.019418,0.005461,0.031195,0.021270,-0.002569,-0.007071,-0.028319,0.010635,-0.035907,-0.019916,0.078190,0.074430,0.074470,0.036025,0.048623
-0.011841,-0.037708,-0.033173,0.010277,-0.004582,-0.053825,0.009896,0.024539,0.007879,0.056375,0.019855,0.012919,0.036484,0.024048,-0.020222,0.061552
0.022865,-0.020290,-0.017436,0.042118,0.039053,0.018927,-0.080618,-0.076035,-0.010176,-0.077852,0.015732,0.093380,0.115653,0.053168,0.027134,0.031055
-0.013188,-0.038407,-0.009426,0.028825,0.036420,0.047579,0.067347,-0.034763,0.025406,-0.022660,0.036258,0.019702,-0.022252,-0.078370,0.045997,0.001008
-0.010906,-0.070551,-0.092945,-0.013040,-0.031018,0.012374,-0.092680,0.037797,-0.007272,0.065368,0.098902,-0.085175,-0.028131,-0.087423,-0.034282,0.005316
-0.013265,-0.026889,-0.052899,0.014880,-0.011984,-0.014642,0.043822,-0.007548,-0.000130,-0.038800,0.038518,0.054451,0.030663,-0.045811,0.014602,0.057446
-0.015470,-0.031869,-0.082246,0.027255,-0.029244,-0.016106,-0.027922,0.007315,-0.006030,0.059948,0.072254,-0.065943,-0.007372,-0.063605,-0.041619,0.017353
-0.006532,0.009326,-0.036461,0.063478,-0.003780,-0.017590,0.026678,-0.036732,-0.009868,-0.004488,0.005300,0.001023,0.033165,0.013091,-0.017752,0.025283
-0.002729,-0.060320,-0.012345,0.004087,-0.036110,0.063667,-0.062133,0.021940,0.068627,0.033562,0.027689,-0.012899,-0.008969,0.002514,0.093865,0.023651
-0.012630,0.002804,-0.047072,0.055444,-0.087956,0.026025,-0.002399,-0.001495,0.051664,0.009167,0.011963,-0.019049,0.004828,0.004013,0.068594,0.043630
-0.015000,0.022951,-0.140582,0.066175,-0.099762,-0.098071,-0.053224,-0.002551,-0.033259,0.059881,0.069285,-0.055350,0.070976,-0.009260,-0.093982,0.071891
-0.006439,-0.030819,0.031659,0.046184,0.006746,0.073884,0.064198,-0.053570,0.100304,-0.040197,0.005936,0.093896,0.026686,-0.015092,0.158400,0.040556
0.000808,-0.013142,0.065523,0.038697,0.059986,0.040375,0.105949,-0.044273,0.035382,-0.079697,-0.064885,0.113632,0.029923,0.063824,0.094184,0.030750
-0.005693,-0.059474,-0.014401,0.000978,0.072989,0.003562,0.040632,-0.029124,-0.005764,-0.027862,0.046946,0.065210,0.026725,-0.057853,0.003600,0.023567
-0.008260,-0.030385,0.053012,0.032226,0.070443,0.068896,0.114209,-0.036813,0.033657,-0.047972,-0.030279,0.047309,-0.034496,-0.013639,0.077720,-0.010090
0.005897,-0.040450,-0.028135,0.018427,-0.019175,0.013052,-0.087441,0.002820,0.023296,0.027275,0.020991,-0.000061,0.044146,0.045718,0.027925,0.033214
-0.003451,-0.059872,0.020234,0.012999,0.095373,0.043113,0.036227,-0.029804,0.002750,0.005419,0.022113,0.004783,-0.023083,-0.040715,0.007152,-0.025335
-0.006109,-0.030621,-0.081590,0.017680,-0.023125,-0.057024,-0.054183,0.008978,-0.022943,0.042712,0.057212,-0.011621,0.054758,-0.003952,-0.057873,0.052543
-0.002315,-0.037436,0.003652,0.023528,0.034600,0.060716,0.030255,-0.033603,0.021943,-0.049872,0.012456,0.039431,-0.002977,-0.030224,0.062421,0.003246
-0.008087,-0.035118,-0.079624,0.031616,0.025546,-0.042418,-0.040369,-0.019454,-0.040277,0.064013,0.081353,-0.056296,0.022667,-0.057273,-0.096231,0.004936
-0.009101,-0.029578,-0.083131,0.003755,0.021403,-0.091615,0.021141,-0.007989,-0.060609,-0.025601,0.057539,0.068505,0.082411,-0.032255,-0.084320,0.075239
-0.021052,-0.071473,-0.019952,-0.015325,-0.049573,0.097452,-0.000122,0.061045,0.067738,0.043182,0.035671,-0.078169,-0.110697,-0.077534,0.094298,-0.008441
-0.011093,0.001888,-0.070465,0.050017,-0.023210,-0.086944,0.010608,-0.015338,-0.017355,0.035471,0.032704,0.018319,0.078683,0.018894,-0.057763,0.072349
-0.025671,0.015616,-0.039224,0.060803,0.003809,-0.062844,0.136298,-0.023191,-0.014086,0.007116,0.004975,0.017324,0.014481,-0.025591,-0.041064,0.048512
-0.008619,-0.018623,0.007085,0.033747,0.024436,-0.028071,0.063588,-0.011753,0.018274,0.010994,-0.016488,0.051303,0.038996,0.043008,0.015884,0.050491
-0.002736,-0.024207,-0.030972,0.029612,0.017855,-0.068480,-0.021395,0.001720,-0.016533,0.065280,0.011028,-0.000644,0.061051,0.059641,-0.060233,0.046476
-0.002947,-0.066165,-0.045371,-0.012016,0.037883,0.073365,-0.021035,-0.011977,-0.022968,-0.058147,0.066228,-0.008242,-0.039026,-0.109349,0.010824,-0.024849
-0.005146,-0.059430,-0.054231,0.002587,0.018629,0.100875,-0.051073,-0.002605,-0.023709,-0.015034,0.069184,-0.099151,-0.091395,-0.120965,-0.006016,-0.066752
-0.001595,-0.074449,-0.025118,-0.031499,0.082340,0.002587,0.015304,-0.001425,-0.045129,-0.052240,0.043884,0.058559,0.013165,-0.056490,-0.029366,0.015462
-0.014616,-0.017647,-0.074986,0.019032,0.015531,-0.119236,0.039956,0.002217,-0.053746,0.028159,0.041343,0.037115,0.075713,-0.003223,-0.105691,0.077702
0.000992,-0.052592,0.024812,0.004985,0.060360,-0.010467,0.006574,0.004182,0.010185,0.032144,-0.013122,0.034271,0.029746,0.058633,0.004791,0.027169
-0.008817,0.003082,-0.040803,0.050951,-0.056108,-0.028537,0.005630,-0.005059,0.028193,0.015632,0.001699,0.020906,0.052896,0.044636,0.026470,0.068020
-0.018779,0.012807,0.025382,0.062769,-0.045186,0.059188,0.108486,-0.001316,0.067463,-0.010514,-0.057129,-0.009176,-0.051811,0.029558,0.106020,0.017755
0.013223,-0.074132,-0.008859,-0.012127,0.087858,0.060380,-0.038194,-0.049326,-0.015152,-0.091801,0.050771,0.087952,0.042096,-0.050310,0.035181,0.000468
0.004680,-0.037395,-0.023629,0.017772,0.050499,0.014809,-0.004979,-0.043438,-0.018973,-0.060364,0.030815,0.063685,0.048773,-0.019763,0.005422,0.019917
-0.004103,-0.098326,-0.008908,-0.030167,0.075328,0.035469,-0.018836,0.007680,0.007769,0.024076,0.064363,0.008186,-0.016921,-0.069772,0.008830,-0.003567
-0.012295,-0.002223,-0.016808,0.051681,0.084601,-0.055368,0.136525,-0.071838,-0.036357,-0.053727,0.016116,0.095526,0.060825,-0.037160,-0.044142,0.040851
-0.012026,-0.041091,-0.040846,0.014991,0.028520,-0.024389,0.027530,-0.007952,-0.009822,0.019175,0.046670,0.011040,0.016845,-0.043818,-0.028128,0.029625
-0.009581,-0.031561,0.021651,0.020228,0.036169,-0.027323,0.073463,0.000329,0.025700,0.018822,-0.022126,0.060135,0.032564,0.047957,0.024523,0.053406
-0.008259,-0.025976,0.011433,0.020023,0.050788,-0.012809,0.099699,-0.026136,0.005944,-0.052299,-0.011766,0.101126,0.040045,0.007050,0.030484,0.051231
-0.005763,-0.022180,-0.026652,0.034119,0.002128,-0.017970,0.000789,-0.009356,0.007286,0.026214,0.014607,0.005513,0.032218,0.019310,-0.004531,0.034814
-0.012268,-0.000714,0.057438,0.064952,0.097659,0.044322,0.174217,-0.069735,0.010914,-0.054065,-0.043363,0.046494,-0.030669,-0.017075,0.038823,-0.020531
-0.022780,-0.007199,-0.099618,0.034474,-0.002938,-0.041219,0.070952,-0.023818,-0.052808,-0.029769,0.072595,-0.004836,0.003100,-0.116570,-0.072778,0.028754
-0.004381,-0.003112,-0.001553,0.045614,0.027935,-0.054341,0.048814,-0.019472,-0.007223,0.013154,-0.025523,0.045342,0.061039,0.072310,-0.023076,0.051502
-0.007654,-0.063825,-0.082426,0.001385,0.021995,-0.060267,-0.091192,0.026512,-0.041158,0.128235,0.088641,-0.095772,0.011015,-0.035142,-0.122751,0.006376
-0.003569,-0.029021,-0.008596,0.032454,0.014067,0.048517,0.005770,-0.020615,0.016985,-0.010591,0.010974,-0.007948,-0.012812,-0.013958,0.036478,-0.003428
0.001647,0.032553,-0.035290,0.084690,-0.104663,0.068420,-0.038879,-0.035592,0.053166,-0.050445,-0.020570,-0.005665,0.024737,0.051105,0.106746,0.029581
-0.002591,-0.059404,-0.073817,-0.008908,0.029550,-0.066937,-0.042291,-0.004460,-0.033388,0.012915,0.080110,0.053137,0.084384,-0.032279,-0.060680,0.064293
-0.017115,-0.036739,-0.096086,0.010508,-0.027158,-0.027277,-0.014134,0.014794,-0.025261,0.028503,0.079654,-0.040978,-0.002465,-0.083002,-0.052931,0.029491
-0.024730,0.024141,-0.157129,0.067681,-0.079939,-0.071964,0.017924,-0.031037,-0.046264,-0.001281,0.101033,-0.036363,0.039531,-0.113234,-0.087508,0.055066
-0.004721,-0.038719,0.018655,0.017486,0.049928,-0.023525,0.048857,-0.009585,0.018744,0.014407,-0.010352,0.064084,0.043926,0.043127,0.017491,0.047160
0.002524,0.019010,0.002217,0.076403,-0.052481,0.074303,-0.008199,-0.036949,0.049993,-0.040508,-0.038988,-0.001947,0.007210,0.060527,0.099958,0.010087
0.004016,-0.009929,0.016731,0.050259,0.036359,0.053271,0.033728,-0.056946,0.015670,-0.067600,-0.018650,0.053877,0.023653,0.019428,0.060509,0.004961
0.003922,-0.024667,-0.040465,0.036384,-0.018331,0.043209,-0.055432,-0.033029,0.017564,-0.030725,0.035127,0.013754,0.034094,-0.009842,0.045198,0.018415
-0.004529,-0.007177,0.024726,0.047166,0.054158,0.051884,0.108209,-0.061320,0.010967,-0.097199,-0.023556,0.079773,0.005499,-0.015257,0.064861,0.007457
-0.005578,-0.022210,-0.034478,0.022212,-0.007247,0.019255,0.021836,-0.016959,0.002779,-0.055845,0.018198,0.045118,0.021637,-0.021610,0.034478,0.035826
-0.008733,0.010163,-0.029891,0.058270,0.000482,-0.031841,0.058634,-0.035978,-0.007361,-0.022357,-0.002835,0.039152,0.047682,0.018080,-0.008276,0.045711
-0.005223,-0.039056,-0.056810,0.012167,-0.014076,-0.078208,-0.059551,0.028063,-0.008459,0.091364,0.036575,-0.015332,0.062907,0.046854,-0.060899,0.062662
-0.003428,0.037420,-0.048800,0.088051,-0.060903,0.013730,0.017233,-0.059490,0.017526,-0.062580,-0.001701,0.033631,0.055854,0.019256,0.048844,0.044552
-0.015258,-0.082925,-0.044511,-0.037960,-0.047576,-0.013727,-0.052607,0.087666,0.040192,0.094748,0.045470,-0.032540,-0.014113,-0.003147,0.020834,0.058621
-0.012723,-0.053994,-0.116718,-0.001997,-0.067203,0.035421,-0.096172,0.031643,-0.009570,0.031502,0.105821,-0.098363,-0.042379,-0.114372,-0.019360,-0.000138
-0.004651,0.008950,-0.053111,0.055540,-0.072139,-0.030828,-0.036915,0.001195,0.017526,0.030300,0.000430,-0.010203,0.054516,0.065054,0.007440,0.060579
-0.002169,-0.012840,-0.041584,0.029261,-0.066294,-0.013339,-0.050263,0.020624,0.023754,0.020476,-0.002306,0.002622,0.044932,0.067319,0.028659,0.061440
0.000147,-0.014849,-0.016215,0.041835,-0.001268,0.013591,-0.005345,-0.027461,0.015975,-0.015893,0.003124,0.027711,0.038204,0.026743,0.032068,0.029757
0.002062,-0.042271,0.071779,0.026848,0.069013,0.061456,0.054779,-0.029044,0.055136,-0.015370,-0.042036,0.060249,0.003020,0.051946,0.094976,0.005368
-0.023059,-0.010029,-0.120685,0.034156,-0.080786,-0.118786,-0.039792,0.046229,-0.022409,0.134974,0.067049,-0.086673,0.036807,-0.002717,-0.112757,0.072135
-0.012717,-0.047400,-0.113227,0.003117,-0.076980,-0.004536,-0.087212,0.030342,0.005256,0.042719,0.097774,-0.053661,0.006444,-0.075564,-0.011902,0.041087
-0.005568,-0.046534,-0.017446,-0.000577,0.052585,-0.016503,0.045380,-0.013131,-0.015977,-0.038151,0.023270,0.074426,0.037233,-0.021259,-0.004072,0.041750
0.000545,-0.020955,0.030320,0.040904,0.044668,0.070619,0.052513,-0.047290,0.026544,-0.062221,-0.021134,0.046630,-0.003417,0.004599,0.076106,-0.004724
0.003292,-0.037960,0.014944,0.023575,0.040984,0.080448,0.031478,-0.053139,0.032698,-0.095109,0.008372,0.087420,0.018982,-0.027342,0.100682,0.011523
-0.013383,-0.023425,-0.023189,0.038161,-0.023739,0.033796,0.015783,0.000554,0.035241,0.033138,0.017606,-0.041162,-0.029523,-0.021424,0.036723,0.008135
-0.003015,-0.011595,-0.014841,0.050890,0.031136,0.019799,0.024786,-0.044516,-0.004270,-0.017179,0.010265,0.004044,0.011941,-0.009428,0.002074,-0.000213
-0.015853,-0.024869,-0.040917,0.021578,0.032217,-0.002421,0.089890,-0.028984,-0.020138,-0.056210,0.038355,0.047267,0.003837,-0.081853,-0.006368,0.026768
-0.011666,-0.028274,-0.090364,0.025660,-0.024075,-0.035304,-0.040145,0.003931,-0.024806,0.048633,0.071425,-0.051406,0.016010,-0.048952,-0.063407,0.025926
-0.014642,0.026604,0.003156,0.082981,-0.034593,0.003278,0.108895,-0.047181,0.061179,-0.029494,-0.029757,0.067313,0.040666,0.032499,0.088591,0.062860
-0.004288,0.007765,-0.084906,0.061644,-0.133195,0.046225,-0.106505,0.007162,0.039065,0.027279,0.031025,-0.088070,-0.001571,0.011381,0.049995,0.021885
0.008207,-0.024187,0.029748,0.041299,0.042730,0.056025,0.015673,-0.057571,0.035593,-0.063098,-0.016135,0.082433,0.045701,0.035010,0.086660,0.018292
-0.005015,0.003343,-0.068707,0.061440,-0.055683,0.029996,-0.033297,-0.034944,0.011697,-0.019512,0.040104,-0.024191,0.018209,-0.029958,0.025282,0.017904
-0.001398,-0.066033,-0.012924,0.004324,0.036615,0.104852,-0.037682,-0.009790,0.011065,-0.006644,0.045517,-0.057390,-0.068798,-0.077839,0.037899,-0.052072
-0.011902,-0.023749,-0.004237,0.033443,0.022004,-0.004714,0.070515,-0.021324,0.023825,-0.003757,0.007057,0.046114,0.021222,-0.007292,0.030191,0.039530
0.015520,-0.013547,0.056995,0.053670,0.040449,0.113541,0.004750,-0.068982,0.046334,-0.095983,-0.048582,0.068308,0.018927,0.058089,0.128648,-0.012956
-0.013831,-0.023465,-0.074157,0.030440,-0.104168,0.007854,-0.075763,0.044587,0.040191,0.089120,0.040270,-0.095728,-0.018182,0.001544,0.018534,0.032858
-0.014066,-0.036026,-0.107989,0.011135,-0.067082,-0.031372,-0.072699,0.036089,-0.012501,0.065983,0.078881,-0.073246,0.004239,-0.047633,-0.049913,0.037463
-0.002919,-0.033263,0.010368,0.029418,0.043882,0.050466,0.047935,-0.042052,0.023771,-0.050136,0.007924,0.054361,0.007966,-0.024200,0.061562,0.009385
-0.013128,-0.078131,-0.122866,-0.026304,-0.087229,-0.012571,-0.156027,0.083635,0.001936,0.126678,0.111517,-0.131117,-0.026758,-0.062810,-0.048901,0.025871
-0.011087,0.007529,-0.005616,0.065162,0.023349,-0.086986,0.072996,-0.027397,0.005648,0.055996,-0.017995,0.038428,0.074438,0.072624,-0.037151,0.065201
