2.548036,-0.000282,-0.039012,-0.008549,0.010983,-0.037840,0.012508,-0.006117,0.033076,0.005093,-0.024356,0.072748,-0.001117,0.000494,-0.022229,-0.027500
3.932824,-0.001208,-0.075220,-0.071831,-0.060501,-0.088400,0.050080,-0.060177,0.047513,-0.091303,-0.086962,0.195656,0.141517,-0.021095,-0.062849,-0.239060
2.379935,-0.001534,0.016517,-0.054708,-0.023632,-0.056408,0.097593,-0.002248,0.037415,-0.072019,0.040032,0.097677,0.032180,-0.028535,-0.001712,-0.189541
2.964601,0.003222,-0.097797,0.013423,0.003099,0.048737,-0.044691,-0.005189,0.027238,-0.010050,-0.047376,0.084507,0.021936,0.064014,-0.001757,-0.112777
2.539228,0.002558,-0.065823,0.022651,0.041981,0.028700,-0.024302,0.040298,0.045359,-0.008873,-0.053046,0.043766,0.014895,0.049668,-0.014980,-0.075214
2.209429,-0.002428,-0.035541,-0.005740,-0.003681,0.097277,-0.012590,0.081727,0.043458,-0.050407,0.076635,0.100721,0.020320,0.032508,0.036741,-0.155534
1.843232,-0.001025,-0.039554,0.048331,-0.030410,0.017679,0.010950,0.024242,-0.000583,-0.019874,0.046286,0.052295,0.010824,0.039651,-0.009911,-0.025841
2.326834,0.005444,-0.043507,-0.019080,0.129377,0.052214,-0.077545,0.029399,0.089564,0.052007,-0.051583,0.055654,-0.085277,0.004375,0.035133,0.017423
2.209123,0.001781,-0.038300,0.016343,0.017142,0.001875,-0.007074,0.020051,0.036620,-0.037891,-0.005498,0.080822,0.037481,0.008045,-0.002356,-0.108516
2.246636,0.001773,-0.040958,0.032337,-0.046030,-0.000983,0.041433,-0.015106,0.001363,-0.070712,0.009752,0.047870,0.050298,0.041722,-0.017189,-0.129690
2.127428,-0.000051,-0.056003,0.020679,0.207613,0.033941,-0.139620,0.062434,0.118096,0.171706,-0.085184,0.028580,-0.163552,-0.033235,0.003258,0.317915
2.693485,0.004973,-0.097033,0.094772,0.106075,0.003232,-0.144715,0.006029,0.050576,-0.002958,-0.121898,0.030009,0.081841,-0.019456,-0.002740,-0.088002
1.534792,-0.000377,-0.053132,0.085299,0.062468,0.009280,-0.074046,0.093687,0.029757,0.038595,-0.008904,0.046751,0.013106,0.019840,-0.021821,0.067248
2.815355,-0.000392,-0.070261,0.001222,0.017784,0.027878,-0.019522,0.032225,0.042183,0.000336,-0.034444,0.070916,0.010099,0.041080,-0.015226,-0.063169
2.639496,-0.000984,-0.067578,0.056043,0.064098,-0.010663,-0.012443,0.009733,0.040672,0.056729,-0.082515,-0.030902,-0.046831,0.034571,-0.043462,0.096185
1.871435,0.003472,-0.099851,0.118816,0.069794,-0.000450,-0.094871,0.017784,0.011577,0.095763,-0.083772,-0.001414,-0.041281,0.060677,-0.045222,0.190916
2.806729,0.002711,-0.059348,-0.021937,0.021267,-0.058641,-0.024846,-0.004563,0.030662,0.014155,-0.067910,0.100892,0.029046,0.005556,-0.026582,-0.074177
3.952651,0.000933,-0.065457,-0.094689,-0.097841,-0.040234,0.079742,-0.032027,0.008453,-0.097423,-0.051434,0.117102,0.105800,0.057389,-0.035036,-0.329303
3.301664,0.005631,-0.049559,-0.088440,-0.114963,-0.087222,0.068575,-0.192867,-0.021156,-0.054330,0.003487,0.178936,0.018949,-0.006333,0.010592,-0.213049
1.060829,0.002682,0.025436,0.026383,0.024811,0.001414,0.013508,0.069561,0.047298,-0.101253,0.063962,0.090136,0.070889,-0.031475,0.014152,-0.138209
1.748265,0.001132,-0.049701,0.056624,0.030302,-0.012374,-0.032342,0.018139,-0.000238,0.076281,0.000308,0.018597,-0.064451,0.040664,-0.011831,0.105454
2.057429,0.000611,-0.075319,0.077590,0.046412,0.032952,-0.053791,0.077521,0.038163,0.004296,-0.043654,0.041376,0.034869,0.050710,-0.034534,0.009329
2.005688,0.004972,-0.014825,0.011112,0.071572,0.040074,-0.014175,0.038734,0.062069,-0.049931,-0.010291,0.027499,0.005370,0.007393,0.030059,-0.143459
4.320821,-0.001352,-0.023131,-0.157214,-0.014276,-0.080096,0.070367,-0.071088,0.099374,-0.128701,-0.064927,0.211672,0.121950,-0.094110,-0.005100,-0.374901
3.649398,-0.000778,-0.123529,0.043580,-0.145677,-0.026223,0.108904,-0.089864,-0.056474,-0.036386,-0.067255,0.001819,0.045190,0.150718,-0.088726,-0.111686
1.924551,-0.000405,-0.035581,0.021937,0.021006,0.039131,-0.021441,0.045691,0.048643,-0.037243,0.040715,0.120438,0.030610,-0.002354,0.015291,-0.091984
2.245270,0.002811,-0.041295,0.022603,0.018503,-0.025874,-0.002740,-0.008877,0.029995,-0.018576,-0.035087,0.055030,0.018674,0.009132,-0.021364,-0.036999
2.311771,0.003032,-0.039294,0.004817,-0.008189,-0.040968,0.014089,-0.071651,0.000369,0.021342,0.001579,0.062325,-0.042521,0.009036,0.006250,-0.028059
2.825729,0.002365,-0.059969,-0.015965,0.049878,0.010767,-0.030967,0.020554,0.059451,-0.004945,-0.056966,0.082399,0.012867,0.016186,-0.003775,-0.098299
3.763294,0.005161,-0.086872,-0.100304,0.037707,-0.079341,-0.049786,-0.078898,0.059135,0.042757,-0.116792,0.198026,0.007009,-0.024842,-0.008931,-0.117746
2.051830,0.004535,-0.048028,0.040749,-0.083012,-0.044122,0.068272,-0.065881,-0.039051,-0.040440,0.004417,0.039836,0.019302,0.073029,-0.034947,-0.072368
2.337675,0.000525,-0.058754,0.029233,0.058323,0.025537,-0.045524,0.058028,0.043449,0.023065,-0.025737,0.051477,-0.003245,0.028812,0.000485,-0.048536
2.756947,0.005757,-0.092595,0.052286,-0.041077,-0.050538,0.053078,-0.135462,-0.038146,0.060406,-0.079759,-0.030793,-0.087514,0.104824,-0.048919,0.078392
2.269745,0.003294,-0.066591,0.049915,-0.020548,0.055375,0.007199,-0.006050,0.012154,-0.056311,0.006480,0.054601,0.029869,0.067945,0.004550,-0.140884
3.830151,0.003834,-0.116518,-0.039027,0.008969,0.041308,-0.027695,-0.055944,0.032838,0.036098,-0.090935,0.070902,-0.042786,0.082330,0.001360,-0.103750
0.728343,0.002042,0.023182,0.045181,0.042161,0.041741,0.004859,0.069465,0.039232,-0.047630,0.109225,0.075013,-0.008181,-0.012825,0.047836,-0.082967
2.744386,0.005466,-0.066182,0.006929,0.015364,0.010858,0.011170,-0.032664,0.032462,-0.020439,-0.065493,0.036205,-0.006333,0.058416,-0.014625,-0.087515
2.455371,-0.000278,-0.055762,0.030366,-0.012340,-0.027822,0.003588,-0.049525,0.002990,0.030229,-0.014855,0.035014,-0.034552,0.018923,-0.022640,0.056038
2.371913,0.004353,-0.029133,-0.039623,0.026286,-0.040836,0.008263,-0.031867,0.028072,0.036301,-0.023140,0.074209,-0.060016,0.012404,0.002494,-0.015434
3.153785,-0.002947,-0.044752,-0.022640,-0.052216,-0.108921,0.089008,-0.063892,0.004101,0.006122,-0.058958,0.039120,0.002475,0.014764,-0.076880,0.012501
2.112433,0.005468,-0.070225,0.074834,0.002217,-0.022009,-0.027409,-0.007058,0.012550,-0.052913,-0.061425,0.060441,0.087705,0.034172,-0.039121,-0.084797
2.184128,-0.000471,-0.089197,0.115577,0.107893,0.033285,-0.122617,0.059823,0.034345,0.089218,-0.067757,-0.031048,-0.031101,0.025925,-0.012058,0.117118
1.704046,0.001096,0.011746,-0.007074,0.072321,0.100567,-0.015963,0.051328,0.081843,-0.055966,0.080125,0.060664,-0.035994,-0.026277,0.076477,-0.123668
2.822468,0.000768,-0.005388,-0.044527,-0.052534,-0.018792,0.124615,-0.012860,0.040590,-0.153596,0.009819,0.086035,0.098448,0.011538,-0.010148,-0.334781
1.459812,-0.003736,0.001000,0.001924,-0.039097,0.073205,0.062775,0.061561,0.002786,0.003113,0.140025,0.037136,-0.086857,0.063880,0.029253,0.001332
3.077253,-0.007121,0.005293,-0.086937,-0.028807,-0.109654,0.057358,-0.003323,0.062991,-0.075936,0.005372,0.173846,0.103526,-0.107469,-0.035704,-0.150077
2.076866,-0.000968,-0.005514,0.033114,0.092058,-0.068326,0.010361,0.076574,0.048389,0.030593,-0.063736,-0.046404,-0.009218,-0.008992,-0.041093,0.021705
0.474797,0.002708,-0.021563,0.108832,0.083224,0.046923,-0.062229,0.110533,0.020521,0.060192,0.052306,0.010675,-0.064730,0.045076,0.011611,0.129959
2.636183,0.000112,-0.079499,0.000146,-0.038623,-0.012079,-0.003283,-0.012001,0.001939,0.020567,-0.006770,0.122393,0.005702,0.051653,-0.024310,-0.037042
2.538023,0.001349,-0.012671,-0.033917,-0.020375,-0.040723,0.030574,-0.017737,0.031740,-0.087465,0.014291,0.119150,0.079426,-0.033791,0.009306,-0.234486
2.055191,-0.000111,-0.018949,-0.013586,-0.065499,-0.029348,0.065450,-0.024808,-0.026185,0.012862,0.060243,0.046364,-0.051347,0.049409,-0.005416,-0.017423
2.732525,0.001633,-0.075321,0.044069,-0.060599,-0.050461,0.029191,-0.074583,-0.018490,-0.019160,-0.053108,0.028831,0.031054,0.048586,-0.058078,-0.004775
2.561013,0.002337,-0.061001,0.000988,0.124874,-0.028581,-0.098851,0.017696,0.091663,0.061891,-0.102514,0.099091,-0.018701,-0.045059,-0.019410,0.089400
2.330081,0.000627,-0.057200,0.028458,-0.006644,-0.016334,-0.003277,-0.011516,0.012846,0.004570,-0.012148,0.070478,0.005663,0.025416,-0.020384,-0.018466
2.626421,0.000342,-0.092702,0.053646,0.048556,-0.037056,-0.055659,0.008491,0.021200,0.091243,-0.098909,0.019794,-0.032106,0.043021,-0.058941,0.142315
3.305850,0.003395,-0.069247,-0.028404,0.018529,-0.012346,-0.005041,0.007128,0.045001,-0.044994,-0.084183,0.078757,0.067996,0.031879,-0.015196,-0.226385
3.185226,0.000550,-0.109958,0.057680,-0.010862,0.064859,0.023549,0.081489,0.027563,-0.070561,-0.085513,0.008241,0.100186,0.135569,-0.053247,-0.230739
1.660879,-0.000739,-0.028232,0.044537,-0.075325,-0.014440,0.077975,-0.024776,-0.035974,0.001383,0.073947,0.032069,-0.041729,0.066951,-0.017504,0.013398
1.640830,0.001238,-0.041243,0.055188,-0.031704,-0.001648,0.013256,0.025534,-0.019207,-0.005749,0.046243,0.055204,0.009469,0.057457,-0.006215,-0.060270
2.145575,0.005211,-0.036970,-0.012884,0.037239,0.016407,-0.048246,-0.045427,0.044532,-0.012570,0.023160,0.144824,-0.014019,-0.029650,0.054418,-0.115842
2.145846,-0.002065,-0.026020,-0.041727,-0.029952,0.042886,0.037267,0.058207,0.038975,-0.026602,0.062661,0.127500,-0.010747,0.041838,-0.002873,-0.054164
3.289301,-0.004008,-0.035706,-0.057487,0.082507,-0.143706,-0.024772,-0.037377,0.068848,0.106052,-0.108478,0.080568,-0.048337,-0.091109,-0.051675,0.138109
3.390974,-0.010643,-0.064789,-0.009365,-0.093510,-0.040813,0.064257,0.026455,0.001471,-0.038792,0.013096,0.099206,0.092068,0.019951,-0.059609,-0.132345
2.545200,-0.007989,-0.020710,0.006414,-0.012517,-0.049259,0.063983,0.016839,0.039844,-0.002923,-0.000131,0.039868,0.000168,-0.018150,-0.060177,0.073559
3.067275,0.001044,-0.026095,-0.049716,-0.007578,-0.037507,0.044233,-0.053351,0.041701,-0.056621,-0.022425,0.084926,0.028202,-0.022136,0.003076,-0.183341
2.897405,-0.002109,-0.060864,0.002549,0.038672,0.009281,-0.021047,0.054251,0.061067,-0.022813,-0.041201,0.088567,0.055357,0.004767,-0.015771,-0.130295
2.636646,-0.001185,-0.053606,-0.000885,0.039498,0.007217,-0.024527,0.046283,0.055851,-0.001702,-0.029566,0.087188,0.022263,0.006385,-0.012986,-0.065689
2.608133,0.003935,0.005297,-0.061729,0.032540,-0.006869,0.048860,-0.050640,0.059875,-0.055751,0.005827,0.063843,-0.026801,-0.029583,0.042767,-0.188397
0.866688,0.005728,-0.044014,0.106035,0.067792,-0.000146,-0.080334,0.046361,0.016526,0.042157,-0.007085,0.044017,-0.018306,0.025166,-0.012942,0.125744
1.692973,0.000864,-0.035886,0.081179,0.095908,-0.068849,-0.058891,0.019702,0.035448,0.070082,-0.056719,0.010418,-0.023533,-0.032690,-0.031903,0.136289
1.900097,0.009239,-0.012897,-0.018182,0.075201,-0.038402,-0.019799,-0.016245,0.060030,-0.021419,-0.050178,0.086891,-0.003403,-0.019424,0.009367,-0.077007
0.935803,0.002505,-0.055865,0.127153,-0.008734,-0.003861,-0.003201,-0.003838,-0.048644,0.100275,0.034510,-0.033815,-0.110753,0.098807,-0.028115,0.227305
2.151106,0.003452,0.017093,-0.032781,0.079365,0.024340,0.000405,0.044843,0.105650,-0.131840,0.010663,0.115822,0.085954,-0.071964,0.047798,-0.297652
2.599591,0.000992,-0.009512,-0.026837,-0.074033,-0.073504,0.112435,-0.090684,-0.009600,-0.055260,0.012875,0.039302,0.001487,0.011169,-0.021455,-0.112780
1.988737,0.004722,-0.044045,0.032246,0.012028,0.025234,-0.014929,0.007552,0.023019,-0.043433,0.005993,0.073134,0.028379,0.031387,0.015166,-0.135266
2.031812,-0.002966,-0.000888,-0.013810,0.042369,-0.022586,0.028309,0.008226,0.044586,0.052478,0.027871,0.032816,-0.095481,-0.019385,-0.000578,0.099823
1.466322,0.007207,-0.045315,0.056014,0.124990,0.012442,-0.095830,0.031471,0.053812,0.070360,-0.046547,0.039582,-0.067004,0.009278,0.013928,0.095782
2.427627,-0.000855,-0.064410,0.068519,0.024876,-0.025172,-0.052191,0.046896,0.029323,-0.043423,-0.044704,0.071405,0.118580,-0.011247,-0.029363,-0.129466
2.437911,-0.003147,-0.032694,-0.006056,0.045986,-0.041833,-0.012405,0.003337,0.040431,0.074054,-0.017002,0.048502,-0.067661,-0.020891,-0.018258,0.111784
2.793704,-0.005228,-0.068851,0.005562,-0.022476,0.018399,-0.005305,0.047496,0.023052,0.012665,-0.000821,0.072859,0.012485,0.041448,-0.033822,-0.001024
2.908799,0.005656,-0.058833,-0.032121,-0.032139,-0.003279,0.010837,-0.057500,0.015083,-0.058655,-0.021400,0.111645,0.041241,0.031964,0.013299,-0.224004
2.738858,-0.002532,-0.026374,0.007859,-0.043492,-0.089092,0.081437,-0.068041,0.002492,-0.031911,-0.010282,0.043397,0.026601,-0.015592,-0.036272,-0.084053
2.669761,0.007937,-0.064881,-0.013940,0.105010,-0.008950,-0.093261,0.026455,0.097357,-0.044398,-0.112669,0.153630,0.089581,-0.030008,-0.001801,-0.170390
2.724136,-0.003158,-0.081906,0.091225,-0.029975,-0.106820,-0.005840,-0.074530,-0.004984,0.019114,-0.099791,0.006764,0.046521,-0.009402,-0.109239,0.185456
1.298060,0.002557,0.004050,0.017470,0.079733,-0.002513,-0.028564,0.045529,0.058504,0.008320,0.030903,0.078491,-0.032774,-0.033509,0.022077,0.015294
3.201202,0.000044,-0.039367,-0.069164,0.083553,-0.013454,-0.043775,-0.005104,0.100118,0.003361,-0.060641,0.128767,-0.001792,-0.063142,0.011765,-0.078521
1.912218,-0.003024,0.027352,-0.067313,0.035656,-0.008926,0.054989,0.025864,0.061010,0.027832,0.074665,0.086139,-0.101041,-0.032225,0.025369,0.025919
4.284701,0.000484,-0.132043,-0.081425,-0.037110,0.017237,-0.035920,0.042753,0.045001,-0.039154,-0.104732,0.191953,0.122879,0.078737,-0.040916,-0.279699
3.833548,-0.002350,-0.073870,-0.044186,-0.052958,-0.049938,0.038006,-0.023522,0.025779,-0.056495,-0.081270,0.080163,0.091299,0.022358,-0.059219,-0.164436
3.176090,-0.010486,-0.068157,0.019270,-0.126650,0.096426,0.065001,0.063116,0.001758,-0.127966,0.085966,0.074970,0.119823,0.069701,-0.013982,-0.260757
2.983922,0.002037,-0.037086,-0.039287,-0.022163,-0.045934,0.052116,-0.081024,0.017356,-0.008450,-0.033296,0.045875,-0.030434,0.013284,-0.013450,-0.062335
4.502170,0.003526,-0.059817,-0.075457,-0.117942,-0.143610,0.165378,-0.257941,-0.017190,-0.072433,-0.115988,0.021525,0.015479,0.015422,-0.057240,-0.198579
2.553582,0.003300,-0.120034,0.088738,-0.009627,0.057661,-0.054603,-0.009194,-0.011908,0.025492,-0.042991,0.024270,-0.001103,0.107958,-0.015253,-0.023803
1.449721,0.003649,-0.029700,0.054280,-0.020261,-0.011369,0.021253,0.015373,-0.005295,-0.032875,0.032070,0.063143,0.023870,0.044744,-0.011311,-0.066309
2.239806,0.005588,-0.047961,0.033749,0.003867,-0.007007,-0.005006,-0.041558,0.017421,-0.048149,-0.023311,0.060256,0.033673,0.017744,0.002990,-0.125473
0.884459,0.004710,-0.047646,0.147073,0.127928,0.059128,-0.118891,0.069787,0.041478,0.048987,-0.016159,-0.027695,-0.042285,0.017643,0.012456,0.141775
2.131100,0.000705,-0.039432,0.009890,-0.084386,-0.125829,0.049195,-0.099107,-0.043063,0.030199,0.008683,0.096675,-0.010662,0.005837,-0.051041,0.070392
2.343022,0.002524,-0.035125,-0.002246,0.056911,-0.020703,-0.018678,-0.013692,0.041535,0.041226,-0.035685,0.037256,-0.056955,-0.000106,-0.000276,0.030120
2.760007,0.012251,-0.105191,0.046207,-0.038444,-0.033746,-0.018239,-0.153695,-0.021491,-0.027245,-0.101525,0.058029,0.023083,0.069593,-0.024386,-0.080090
2.488153,-0.007100,-0.003257,-0.011714,0.005403,0.131038,0.032295,0.082250,0.075073,-0.103007,0.098981,0.039839,0.017524,-0.003238,0.048777,-0.185055
2.652713,0.001383,-0.024000,-0.032092,-0.003800,-0.045687,0.031521,-0.033863,0.036767,-0.041498,-0.017844,0.090478,0.026062,-0.018791,-0.009475,-0.115659
1.104339,-0.000854,-0.001673,0.025836,0.055338,0.015183,-0.066586,0.053758,0.045230,0.035666,0.073180,0.101039,-0.046717,-0.045935,0.022914,0.129109
2.142224,-0.000014,-0.046959,0.026233,0.098746,-0.025442,-0.073827,0.040762,0.063445,0.067674,-0.050763,0.069900,-0.029297,-0.028200,-0.015784,0.096844
0.830477,0.004902,-0.048747,0.114794,0.064550,0.024167,-0.073743,0.098708,0.021173,0.014966,-0.001300,0.049470,0.020541,0.049190,-0.017676,0.053506
2.121609,-0.002601,-0.096268,0.111076,0.128969,0.023450,-0.143177,0.105481,0.052658,0.128624,-0.094559,-0.019548,-0.042563,0.027135,-0.048333,0.252626
1.725133,0.002419,-0.036778,0.052137,-0.048324,0.025456,0.028194,-0.015122,-0.002624,-0.068225,0.051065,0.069389,0.032869,0.041653,-0.000097,-0.092341
3.132194,0.000934,-0.046676,-0.141564,0.041952,0.047042,-0.036374,0.044858,0.080995,0.027723,0.027777,0.231588,-0.039384,0.001986,0.064642,-0.212342
2.621752,0.004773,-0.026648,-0.112240,0.014233,-0.078178,-0.058492,-0.062601,0.056071,-0.019046,0.019471,0.310421,0.053545,-0.104809,0.051479,-0.220068
3.797588,0.000993,-0.122742,-0.007454,-0.047773,-0.008714,-0.009472,-0.086581,-0.012382,0.049972,-0.084541,0.043934,-0.029307,0.084737,-0.034404,-0.021598
1.856763,0.001512,-0.011404,-0.015467,0.050428,0.021274,-0.017288,0.099737,0.065594,-0.054512,0.029353,0.131001,0.058065,-0.008710,0.022577,-0.195074
1.992110,0.001331,-0.059797,0.045932,0.039555,0.015638,-0.053218,0.010482,0.024628,0.053671,-0.012405,0.047028,-0.048677,0.026520,-0.007215,0.097159
2.996930,0.001922,-0.055352,0.014009,-0.094841,-0.040828,0.077519,-0.146589,-0.034744,-0.036498,-0.013940,-0.001902,-0.015358,0.043962,-0.022692,-0.059751
2.829666,0.003678,-0.065147,-0.018171,-0.086616,-0.011878,0.068952,-0.103755,-0.023312,-0.008922,-0.007124,0.051394,-0.044335,0.083817,-0.020539,-0.040930
1.803743,-0.001056,0.058347,-0.104313,0.234222,-0.069302,-0.044578,0.117412,0.153785,0.119456,-0.027263,0.088442,-0.134392,-0.130306,0.034319,0.101666
2.144765,0.006305,-0.069120,0.005790,0.056782,0.062227,-0.068163,0.059032,0.042370,0.012828,-0.017660,0.102275,-0.007528,0.063374,0.027960,-0.118055
3.315106,0.005589,-0.075878,0.053066,0.105180,0.051959,-0.033077,-0.051824,0.076004,-0.028013,-0.143507,-0.089302,-0.019917,0.026667,-0.000744,-0.073259
5.258962,0.005833,-0.186323,-0.033107,-0.060841,0.002965,-0.016981,-0.164681,0.026183,-0.052085,-0.202795,0.117980,0.090535,0.088349,-0.054489,-0.237192
3.061395,-0.001877,-0.075340,0.014496,-0.074045,-0.055887,0.029365,-0.095125,-0.009688,-0.001279,-0.041999,0.055834,0.010138,0.021267,-0.061714,0.061339
1.774928,-0.004470,0.049500,-0.073968,-0.014949,-0.042642,0.093838,0.080078,0.043631,-0.062193,0.112008,0.135211,0.027375,-0.042289,0.019256,-0.199395
3.155893,-0.000828,-0.085348,0.044604,-0.099842,-0.011404,0.050951,-0.074368,-0.024121,-0.075337,-0.023525,0.038232,0.079073,0.059275,-0.041244,-0.151338
3.885396,0.001369,-0.087765,-0.040698,0.032442,-0.052842,-0.012999,-0.043465,0.057954,-0.002973,-0.129898,0.094120,0.045762,-0.000727,-0.034838,-0.144413
2.611861,0.000399,-0.060819,-0.040118,0.015000,0.048832,-0.023227,0.054419,0.056945,-0.009184,0.007167,0.156098,0.010674,0.035373,0.009696,-0.117958
2.262784,-0.002044,-0.047836,0.001739,0.118658,0.039506,-0.109421,0.107223,0.110186,0.005369,-0.014538,0.167881,0.044286,-0.059161,0.019661,-0.064733
3.048829,0.004363,-0.076645,-0.057289,-0.079831,0.053625,0.046735,-0.015271,0.012066,-0.090175,0.024657,0.178506,0.063483,0.090970,0.022053,-0.347871
2.724121,0.003782,-0.080312,0.042226,-0.033082,0.039763,-0.008146,-0.032633,0.005642,-0.068900,-0.022468,0.054463,0.060931,0.058667,-0.000000,-0.180924
3.242699,-0.003339,-0.074629,0.043829,-0.000135,-0.012495,-0.011620,-0.084062,0.012867,0.040598,-0.064081,-0.048688,-0.052241,0.007622,-0.035131,0.125959
2.388569,0.000701,-0.047060,0.018077,-0.026545,0.002233,0.002881,0.004344,0.003034,-0.037080,0.018412,0.070759,0.041687,0.027921,0.004415,-0.150331
1.957247,0.002963,-0.062615,0.048811,-0.005467,0.056498,-0.035662,0.033369,0.013183,-0.034165,0.021811,0.079587,0.033386,0.055107,0.010514,-0.103095
1.725697,0.005580,-0.064911,0.083591,0.026491,-0.001789,-0.024734,-0.007596,-0.010681,0.058089,-0.040037,-0.028313,-0.062583,0.082281,-0.025293,0.105050
3.358954,0.006695,-0.126980,0.038848,-0.000572,0.038174,-0.049178,-0.073167,0.021288,-0.024844,-0.109045,0.058479,0.036634,0.075474,-0.017082,-0.118424
3.502184,-0.007667,-0.033806,-0.071587,-0.095058,-0.150991,0.069277,-0.099662,0.024857,-0.047948,-0.024524,0.182724,0.090695,-0.091402,-0.078130,-0.024241
2.492507,-0.000366,-0.062808,0.057277,0.079924,-0.127541,-0.034506,0.003949,0.034514,0.089079,-0.135747,0.009710,-0.002301,-0.016936,-0.088232,0.161352
3.193113,-0.002153,-0.076784,0.012018,-0.066984,-0.001775,0.036849,-0.061663,-0.001237,-0.027210,-0.020913,0.043666,0.017044,0.045659,-0.033213,-0.056448
1.589115,0.002769,-0.039554,0.059171,-0.018761,-0.024811,-0.006802,-0.042838,-0.023208,0.039274,0.025167,0.024738,-0.054749,0.033135,-0.009816,0.101248
2.215129,-0.004097,-0.019014,-0.022987,-0.051204,-0.028328,0.082870,-0.033676,-0.042630,0.137382,0.061289,-0.054428,-0.205478,0.083866,-0.015087,0.220295
2.422214,-0.001773,-0.056351,0.014774,-0.007404,0.004633,-0.016716,0.000009,0.009717,0.038215,0.010437,0.056393,-0.035222,0.027805,-0.008730,0.037467
2.475688,0.000435,-0.049885,0.060513,0.075490,-0.055864,-0.048655,0.015314,0.036525,0.037537,-0.103246,-0.041182,0.004708,-0.009866,-0.050300,0.089779
1.415178,0.005520,-0.023165,0.042232,0.075210,0.028796,-0.051690,0.083596,0.049433,-0.036392,0.010508,0.083946,0.042360,0.008643,0.028169,-0.149425
3.081822,0.002048,-0.030280,-0.033400,-0.017931,-0.034387,0.073797,-0.058207,0.026174,-0.056564,-0.034521,0.033200,0.013902,0.016465,-0.006879,-0.188850
4.763852,-0.003689,-0.089686,-0.076584,-0.221540,-0.108226,0.152793,-0.215274,-0.068605,-0.083377,-0.022455,0.097289,0.078031,0.044015,-0.047149,-0.294044
1.282667,0.012483,-0.146593,0.115135,0.069021,0.112541,-0.196528,-0.002431,-0.009615,0.146781,-0.028187,0.096967,-0.116530,0.130570,0.032315,0.195574
3.138551,0.012559,-0.055060,-0.058201,0.090592,0.034717,-0.056826,-0.082181,0.104884,-0.088553,-0.099510,0.138831,0.037651,-0.031853,0.052994,-0.271718
2.714573,0.001476,-0.048718,-0.016107,-0.015882,-0.017588,0.021827,-0.016049,0.032510,-0.041397,-0.028703,0.092482,0.035913,0.018649,-0.023333,-0.100943
3.790026,0.009437,-0.111997,-0.020120,0.095945,0.001059,-0.086700,-0.093509,0.071597,0.035970,-0.184483,0.043385,-0.030634,0.021817,-0.005323,-0.048004
3.464986,-0.011539,-0.037793,-0.110067,-0.021734,-0.011579,0.018059,0.104946,0.079691,-0.029715,0.029188,0.218895,0.082132,-0.039076,-0.024148,-0.163797
1.307016,0.002123,-0.093093,0.117377,0.140953,0.044386,-0.209108,0.157494,0.058908,0.088202,-0.055789,0.094482,0.032236,0.011647,-0.016826,0.142666
3.162220,0.005030,-0.086819,-0.000859,-0.084669,-0.023116,0.053263,-0.126475,-0.022816,-0.034650,-0.041801,0.066700,0.008191,0.075666,-0.022678,-0.128509
0.413665,-0.000468,0.017752,0.067289,0.149870,0.062019,-0.073507,0.175768,0.083814,0.040732,0.074997,0.052884,-0.053063,-0.024760,0.039745,0.074009
2.414441,-0.001028,-0.048498,0.030036,0.019123,-0.002374,-0.004324,-0.013604,0.013830,0.047066,-0.007977,0.003449,-0.060301,0.025327,-0.006039,0.048126
3.982029,-0.004080,-0.093062,-0.096123,-0.157762,0.011825,0.081352,-0.056977,0.004650,-0.091229,0.025749,0.224985,0.090635,0.060265,-0.025039,-0.274602
2.424969,0.005316,-0.008295,-0.042063,0.010733,-0.049498,0.043859,-0.042718,0.052724,-0.083426,-0.023521,0.114697,0.048945,-0.029722,0.001565,-0.193611
2.100227,0.004382,-0.035785,0.024604,0.127776,-0.013439,-0.072945,-0.004046,0.077564,0.053442,-0.074278,0.030355,-0.060790,-0.035387,0.001899,0.100615
2.296230,0.001697,-0.038369,0.008033,0.029772,-0.016506,0.008994,-0.013574,0.033707,0.022096,-0.025617,0.039674,-0.043181,0.017930,-0.013936,0.023275
3.869727,-0.005802,-0.072387,-0.067396,-0.038453,-0.054568,0.050849,0.001219,0.054556,-0.040483,-0.063574,0.154494,0.086454,-0.000087,-0.061926,-0.157797
2.286030,-0.002263,-0.008396,-0.005665,-0.018703,-0.089900,0.070408,-0.046438,0.002903,0.016899,0.022390,0.054099,-0.030083,-0.020407,-0.015885,-0.026367
1.832453,-0.013272,-0.069418,0.079103,0.101914,-0.008534,-0.137614,0.248874,0.091046,0.050295,-0.000381,0.195399,0.133849,-0.061765,-0.059743,0.060786
1.376561,0.000974,-0.029775,0.067434,-0.012570,-0.015873,0.023032,-0.015448,-0.035009,0.082160,0.046290,-0.030090,-0.115839,0.066435,-0.009839,0.157014
3.149761,-0.004335,-0.026148,-0.071424,-0.048972,-0.160021,0.110358,-0.068261,0.005347,0.067296,-0.061458,0.050929,-0.059677,0.002239,-0.094868,0.134383
1.471660,0.003240,-0.047578,0.121718,0.030272,-0.093342,-0.018032,-0.038381,-0.015029,0.056698,-0.061484,-0.032005,-0.021723,0.013338,-0.064042,0.188131
1.714218,0.004726,-0.055144,0.008116,0.044443,0.009844,-0.076650,0.026851,0.013192,0.084608,0.015434,0.109108,-0.068362,0.036429,0.024785,0.040586
2.275926,-0.001006,-0.042521,0.015295,0.024895,-0.011528,-0.009013,0.024239,0.028186,0.032807,-0.011202,0.044482,-0.027444,0.017812,-0.017887,0.032499
1.784240,-0.001330,0.012084,-0.033297,0.040903,0.022124,0.031038,0.115136,0.065365,-0.049249,0.065960,0.113400,0.025690,-0.004971,0.027109,-0.195081
3.803695,-0.004400,-0.033523,-0.062986,-0.081893,-0.091156,0.128539,-0.130851,0.005590,-0.018700,-0.045795,0.004311,-0.031229,0.001617,-0.056425,-0.017260
2.255710,0.002107,0.011226,-0.053199,0.020954,0.023476,0.053974,0.027731,0.045080,-0.071145,0.073238,0.097919,0.009273,-0.005290,0.073312,-0.344571
1.724715,0.003679,-0.029331,0.039413,-0.002822,0.034996,0.002435,0.022356,0.023610,-0.071397,0.031406,0.070209,0.042703,0.028730,0.011096,-0.130889
4.354503,0.006374,-0.092307,-0.032473,-0.120369,-0.077151,0.105266,-0.245456,-0.029364,-0.078253,-0.125191,-0.005463,0.023919,0.059239,-0.050629,-0.167469
1.335431,0.002998,0.001882,0.036725,-0.000218,0.000022,0.044081,-0.006584,-0.003649,-0.008849,0.073338,0.019771,-0.051919,0.026976,0.029664,-0.059886
2.658442,0.011853,-0.098102,0.022425,0.171578,-0.073341,-0.113727,-0.073757,0.062137,0.176234,-0.211018,0.007672,-0.142383,0.021938,-0.034576,0.239177
1.917692,-0.003361,-0.129227,0.195843,0.069987,-0.073113,-0.129235,0.066239,-0.019444,0.162995,-0.130400,-0.053446,-0.000068,0.055097,-0.116586,0.344432
1.585936,0.004414,0.000035,0.002871,0.017693,-0.008602,0.014127,0.013665,0.033523,-0.056716,0.038910,0.095018,0.023455,-0.009801,0.022596,-0.138174
3.828339,0.002780,-0.106599,-0.002479,-0.141727,0.007966,0.052365,-0.060432,-0.010493,-0.195709,-0.045900,0.141169,0.224542,0.071140,-0.033895,-0.459695
1.153917,-0.003740,-0.012394,0.009004,0.193934,0.087919,-0.135608,0.240634,0.121828,0.103964,0.043221,0.111867,-0.070319,-0.025999,0.042711,0.094314
3.009139,0.002587,-0.092044,0.021889,0.002458,-0.059717,-0.024700,-0.039230,0.020405,0.009476,-0.104349,0.083280,0.046900,0.025299,-0.057793,-0.023244
3.614760,-0.007161,-0.045057,-0.081308,-0.128051,-0.004850,0.107852,-0.019733,0.019024,-0.106516,0.039679,0.145881,0.085905,0.022376,-0.031079,-0.231904
2.208520,-0.004875,-0.026618,-0.056607,0.085465,-0.037483,-0.044384,0.112107,0.083557,0.081640,0.010953,0.192799,-0.023218,-0.044578,-0.004961,0.017913
1.664689,0.002868,-0.052440,0.057649,0.152920,0.010626,-0.113476,0.055747,0.067666,0.119922,-0.050028,0.037138,-0.094743,-0.007550,0.009496,0.165971
1.010450,-0.009343,0.103914,-0.087704,0.050123,-0.100372,0.062099,0.077479,0.071013,0.044159,0.146822,0.131443,-0.087642,-0.145425,0.017401,0.129517
1.563953,-0.002496,0.032312,-0.028697,0.063239,-0.027657,-0.003691,0.090587,0.082460,-0.055282,0.066810,0.156160,0.056505,-0.093581,0.026488,-0.143167
1.970682,-0.004162,-0.046334,0.029833,-0.004801,-0.060730,-0.029475,-0.005601,-0.014013,0.114893,0.027405,0.063789,-0.076309,-0.000280,-0.025185,0.190916
1.225775,0.001049,0.010894,0.026553,-0.036628,0.051684,0.070551,-0.013159,0.003426,-0.045561,0.124474,0.036343,-0.063224,0.033128,0.037598,-0.036007
1.823855,0.004165,-0.049555,0.043251,-0.009498,-0.064032,-0.029148,-0.073691,-0.028828,0.069035,0.001609,0.054580,-0.057245,0.013831,-0.005403,0.089919
1.827224,0.000978,-0.031485,0.054278,-0.025192,-0.022363,0.023998,-0.052923,-0.013425,0.011533,0.026270,0.009324,-0.044707,0.022527,-0.011811,0.065540
1.521535,0.006388,-0.045712,0.087146,0.184505,-0.024148,-0.106788,-0.001177,0.070051,0.135809,-0.106983,-0.038400,-0.133306,-0.017114,-0.011231,0.281031
1.437498,-0.002746,-0.049313,0.052957,0.015232,0.153650,-0.010172,0.110240,0.007253,0.069233,0.120962,0.009715,-0.132457,0.123288,0.049674,0.040823
1.890505,0.002430,-0.010342,0.029706,0.082209,0.003088,-0.019891,-0.011609,0.056896,0.011798,-0.012098,0.002020,-0.059376,-0.028849,0.016505,0.046077
2.453991,0.005995,-0.063883,0.033820,-0.005253,-0.002778,-0.014121,-0.030674,0.021234,-0.074221,-0.041820,0.086447,0.081014,0.025068,-0.006577,-0.184720
1.466805,0.002619,0.003312,0.013348,-0.025061,0.006384,0.050285,0.032186,0.014992,-0.085488,0.073287,0.087001,0.043746,0.018184,0.015446,-0.176327
3.901707,-0.005219,0.004176,-0.109196,-0.052876,-0.182647,0.124417,-0.162449,0.024566,-0.001619,-0.067402,0.028312,-0.031012,-0.090044,-0.062906,0.029174
2.038591,0.003277,-0.038938,0.034993,-0.042741,-0.051140,0.037833,-0.024516,-0.022819,-0.028866,0.007380,0.055036,0.035615,0.041174,-0.016930,-0.124493
2.372058,0.001428,-0.035328,-0.003316,-0.004474,-0.017073,0.014735,-0.017359,0.027811,-0.025718,-0.004642,0.079346,0.010804,0.006103,-0.009025,-0.065757
2.416207,0.000140,-0.086159,0.006959,-0.002859,0.056935,-0.077709,0.046602,0.021085,0.026413,0.015720,0.137284,0.006938,0.048921,0.008187,-0.033435
2.175750,-0.002318,-0.020256,0.000899,0.044557,-0.044497,-0.023212,0.041185,0.051339,0.008405,-0.008711,0.088605,0.019588,-0.044153,-0.018278,0.004224
1.909506,-0.000274,-0.029408,0.022419,0.044608,0.017808,0.003729,0.111998,0.056340,-0.032338,-0.004709,0.070292,0.044272,0.031362,-0.021220,-0.094128
4.255809,-0.002123,-0.048218,-0.119856,-0.047288,-0.045331,0.075956,-0.066029,0.074215,-0.112398,-0.066819,0.160309,0.098079,-0.032926,-0.030724,-0.273987
2.396480,0.003710,-0.049479,-0.021639,0.037980,0.053699,-0.043098,0.042098,0.058822,-0.038907,0.004530,0.136359,0.031405,0.016513,0.034804,-0.188939
2.760074,0.004822,-0.079033,0.030577,-0.006829,-0.025833,-0.001731,-0.031527,0.011944,-0.030980,-0.074864,0.058234,0.053522,0.049914,-0.032583,-0.124154
1.503423,0.007859,-0.025259,0.027006,0.128218,-0.077191,-0.080680,0.034419,0.080287,0.023491,-0.100909,0.099727,0.020673,-0.048808,-0.037362,0.087352
3.460544,-0.002208,-0.100639,0.012049,-0.025084,-0.110127,-0.018729,-0.067116,0.001397,0.058397,-0.117295,0.068769,0.026432,0.007769,-0.088663,0.089744
0.626843,0.006574,-0.019503,0.076274,0.075166,0.014618,-0.058657,0.046295,0.022063,0.049057,0.033171,0.053249,-0.064554,0.023859,0.017432,0.105588
1.800133,-0.001589,-0.016416,0.034472,0.041714,-0.043117,0.003265,0.047961,0.040613,0.008550,-0.007798,0.047372,0.005903,-0.015857,-0.033468,0.045063
3.318079,-0.002737,-0.103858,0.041455,-0.176603,-0.157015,0.130299,-0.182931,-0.072149,0.021214,-0.094463,0.020719,0.004600,0.082320,-0.161961,0.211908
3.642641,0.004142,-0.106426,0.022944,-0.022710,0.010228,-0.043798,-0.067505,0.001751,-0.041014,-0.098799,0.012876,0.064419,0.051437,-0.013704,-0.171113
2.175300,0.000224,0.023056,-0.080127,0.118760,0.068977,-0.022839,0.078143,0.124051,-0.028322,0.045303,0.108755,-0.046840,-0.062399,0.075697,-0.140139
2.467644,-0.002665,-0.050204,-0.009741,0.028359,0.028366,-0.012344,0.055891,0.056363,0.014995,0.001517,0.099607,-0.013159,0.019404,-0.011066,-0.008036
1.124867,0.006302,-0.071163,0.140482,0.077038,0.029670,-0.087146,0.046652,0.011722,0.046091,-0.038091,-0.007206,-0.020722,0.063091,-0.016886,0.109660
1.140452,-0.002277,0.007244,0.038814,0.050020,-0.037915,0.003985,0.066174,0.034888,0.047416,0.037097,0.036540,-0.053930,-0.017284,-0.025443,0.162052
2.900271,0.007083,-0.075808,-0.017311,0.025175,0.006517,-0.041200,-0.062508,0.040514,-0.009676,-0.067901,0.100616,-0.000620,0.022043,0.007734,-0.095783
2.153920,0.001773,-0.087503,0.081317,0.032139,-0.031130,-0.062504,-0.005184,0.014482,0.051192,-0.065626,0.059446,0.006463,0.026469,-0.047163,0.102901
2.652001,0.006553,-0.036040,0.008819,0.042784,-0.047539,0.007791,-0.102680,0.036685,-0.016552,-0.074432,0.014676,-0.022549,-0.017357,0.000052,-0.056864
1.553565,0.002412,0.001578,0.021032,0.071530,0.032597,-0.022803,0.031686,0.076486,-0.064477,0.043185,0.105939,0.024576,-0.052682,0.043732,-0.125878
3.093773,0.010332,-0.083042,-0.006295,0.005593,-0.063238,-0.012672,-0.090177,0.008474,-0.023963,-0.114512,0.079909,0.047493,0.039039,-0.014035,-0.202148
2.122572,0.002702,-0.052351,0.048203,-0.019610,-0.026792,0.005114,-0.039160,-0.017007,0.018528,-0.010706,0.012700,-0.023584,0.045558,-0.018894,0.017229
1.559088,-0.003051,0.044579,-0.055916,-0.071302,-0.040382,0.129333,0.036889,0.002594,-0.067729,0.142254,0.119799,0.008708,-0.002830,0.017940,-0.189850
2.113751,0.008074,-0.071420,0.063652,0.007186,-0.016946,-0.040030,-0.048913,-0.005072,-0.010935,-0.052937,0.038961,0.022787,0.044662,-0.010070,-0.058761
3.409168,-0.000667,-0.080161,-0.021207,0.013135,-0.080926,-0.036527,-0.032280,0.043678,0.009135,-0.105274,0.120201,0.063298,-0.027498,-0.054617,-0.036271
3.133186,0.003682,-0.022326,-0.081231,-0.004704,-0.117787,0.042388,-0.105392,0.033810,-0.005650,-0.073125,0.092378,-0.008285,-0.040784,-0.028595,-0.051461
2.514519,0.003453,-0.074413,0.029316,-0.083643,-0.053471,0.013302,-0.071967,-0.033051,-0.034499,-0.018814,0.096102,0.061840,0.044815,-0.037129,-0.087730
1.935126,0.009312,-0.069323,0.049892,0.056435,-0.061874,-0.081629,-0.077962,0.012713,0.068092,-0.087987,0.059628,-0.043513,0.004600,-0.021787,0.133546
2.808775,0.001290,-0.046303,0.012054,-0.011227,-0.146995,0.021407,-0.126618,-0.004033,0.047547,-0.090016,0.022035,-0.024145,-0.031737,-0.065593,0.122429
1.502364,-0.003164,-0.026707,0.056436,-0.042560,-0.011459,0.031160,0.006198,-0.000026,0.001554,0.054699,0.053979,-0.019692,0.021396,-0.041759,0.141387
2.248149,-0.000532,-0.051940,-0.009504,0.032540,0.011291,-0.040227,-0.002814,0.019289,0.103556,0.026198,0.079862,-0.112120,0.021395,0.022856,0.088418
2.125526,0.000921,-0.073084,0.077785,0.102117,-0.098191,-0.098685,-0.004445,0.025547,0.146269,-0.117803,0.003874,-0.060809,-0.017385,-0.064371,0.282815
2.251008,0.000263,-0.037886,0.033117,0.062979,-0.012900,-0.032614,0.042250,0.058161,-0.013209,-0.045194,0.046975,0.033256,-0.015821,-0.021312,-0.025052
1.994270,0.004734,-0.039984,0.035492,0.045739,-0.012531,-0.025654,-0.020191,0.024860,0.024302,-0.034595,0.016843,-0.041444,0.017578,-0.004807,0.039655
2.491067,0.003804,-0.050435,0.055249,0.075344,-0.124225,-0.022373,-0.029158,0.020883,0.058187,-0.141665,-0.038021,-0.003105,-0.006959,-0.067567,0.083351
