1.062135,0.058246,-0.006419,0.001241,-0.017030,0.018766,0.011119,-0.002248,0.004153,-0.010819
1.627428,0.060882,-0.023817,0.013684,0.000305,-0.006320,-0.011110,0.014460,-0.031311,0.030005
1.377280,0.172977,0.006168,-0.030428,0.034075,0.042285,-0.011197,0.028959,-0.051162,0.020471
1.897178,0.013161,-0.021857,0.014430,0.015629,-0.022408,-0.018320,0.023935,-0.064789,0.054328
1.210003,0.060480,-0.007642,0.000156,-0.006722,0.013655,0.004996,0.002831,-0.010273,0.002626
1.087413,0.063917,-0.007921,0.001892,-0.023975,0.023126,0.005232,0.026487,-0.015367,-0.007821
1.000291,0.078490,-0.002631,0.002242,-0.023680,0.033122,0.013685,0.006962,0.002970,-0.020770
1.760111,0.081474,-0.025642,0.017372,0.008613,-0.005956,-0.012004,0.000253,-0.025433,0.032837
0.971300,0.125390,0.036284,-0.018207,0.018548,0.074138,0.034342,-0.045404,0.011487,-0.039694
1.026741,0.069600,-0.004834,0.008051,-0.030069,0.032002,0.013472,0.013100,0.000001,-0.021126
1.932505,0.042978,-0.038025,0.014230,0.025274,-0.042186,-0.023390,-0.007739,-0.033050,0.065385
1.113273,0.059610,-0.001482,0.001207,-0.010583,0.022914,0.013167,-0.007443,0.000567,-0.010255
1.036378,0.053007,-0.003527,-0.000742,-0.014848,0.019509,0.012452,-0.001902,0.001271,-0.009699
1.195409,0.064506,-0.018667,0.010296,-0.024416,0.010294,0.002795,0.010517,-0.000460,-0.003274
1.584446,-0.022260,-0.034943,0.031208,-0.004263,-0.043674,0.002319,-0.046095,0.016237,0.032297
1.242203,0.112791,-0.012124,0.000049,-0.009794,0.024881,-0.000995,0.016513,-0.011747,-0.000253
1.285324,0.041997,-0.011861,0.005431,-0.006748,0.003715,0.003835,-0.001409,-0.010092,0.008673
1.022885,0.055028,-0.007015,0.002038,-0.018853,0.017496,0.012616,-0.004608,0.008147,-0.011547
1.706269,0.089115,-0.010196,-0.003863,0.039495,-0.002615,-0.007519,-0.026760,-0.023972,0.038590
2.120548,0.126003,-0.034563,0.023689,0.027612,-0.011610,-0.022268,-0.012810,-0.027963,0.050224
1.938804,0.067264,-0.036165,-0.007163,0.030807,-0.036117,-0.043780,0.062634,-0.091408,0.086689
1.805335,0.093243,-0.032592,0.015814,0.007666,-0.011022,-0.020589,0.017323,-0.035551,0.042128
1.433951,0.038298,-0.028411,0.006634,-0.007861,-0.017480,-0.011940,0.018986,-0.023586,0.029428
1.263942,0.167588,0.004815,0.015052,-0.013206,0.067217,0.020361,-0.023001,0.020224,-0.040498
1.568111,0.059823,-0.023858,0.024771,-0.000532,-0.007085,0.003865,-0.037545,0.013516,0.014359
1.597983,0.028024,-0.027676,0.017485,0.005316,-0.024885,-0.004357,-0.023406,-0.004405,0.032741
1.321785,0.029681,-0.020059,0.001272,-0.003436,-0.012920,-0.004728,0.006773,-0.017187,0.023763
1.495444,0.052167,-0.029465,0.031760,-0.008654,-0.013244,0.009302,-0.057653,0.038815,0.006564
1.524776,0.036635,-0.022141,0.014273,-0.006589,-0.008305,-0.006353,0.011305,-0.025162,0.023679
1.479369,-0.008025,-0.018491,-0.005857,0.008632,-0.026585,-0.014731,0.029082,-0.053329,0.046423
1.882332,0.018695,-0.052234,0.024884,0.007995,-0.059059,-0.024114,-0.011115,-0.015287,0.064180
1.743829,-0.021237,-0.031175,0.005600,0.039512,-0.063314,-0.009358,-0.060700,-0.001884,0.066185
1.030993,0.055802,0.001507,-0.003419,-0.012083,0.025561,0.013179,0.003666,-0.006917,-0.009893
1.075601,0.069256,0.005230,-0.009277,-0.007238,0.032326,0.010139,0.010872,-0.016338,-0.010932
1.333881,0.077754,-0.027506,0.000473,-0.008048,-0.006480,-0.011362,0.016461,-0.012454,0.020293
1.111715,0.055488,-0.003712,-0.003010,-0.018294,0.023416,0.003841,0.031903,-0.026748,-0.003844
2.078046,0.028769,-0.101365,0.032757,0.007612,-0.121926,-0.050190,-0.027024,0.017334,0.103437
1.459263,0.066123,-0.037571,0.015648,-0.032858,-0.006049,-0.020494,0.061625,-0.037599,0.020650
1.260314,0.153631,0.016966,-0.009304,0.001486,0.070811,0.006902,0.034162,-0.042235,-0.017554
1.963231,0.091825,-0.028332,0.011755,0.021760,-0.011699,-0.024991,0.020615,-0.053749,0.052873
1.047770,0.059497,-0.002554,-0.000101,-0.011968,0.021122,0.014312,-0.010745,0.006888,-0.011278
1.466664,0.048222,-0.020792,0.000531,0.017624,-0.019523,-0.004181,-0.027528,-0.002930,0.032880
1.225595,0.048933,-0.002616,-0.007436,0.003245,0.011318,0.003218,0.007195,-0.023796,0.011084
0.939892,0.125395,0.022204,-0.012323,-0.009234,0.071400,0.020800,0.013515,-0.013989,-0.035628
1.367769,0.115230,0.012141,-0.016792,0.028617,0.037488,0.005711,-0.012464,-0.024429,0.004352
1.181496,0.079551,-0.011122,0.010268,-0.023379,0.024390,0.006981,0.011349,-0.003290,-0.010656
1.053590,0.056985,-0.009846,0.010994,-0.023930,0.017873,0.015583,-0.012951,0.017772,-0.015530
1.848247,0.068465,-0.040969,0.028269,0.012411,-0.032188,-0.010099,-0.047187,0.014324,0.038408
1.962905,0.086024,-0.040051,0.017665,0.014256,-0.025121,-0.028256,0.018268,-0.042814,0.057158
2.029340,0.191555,-0.030179,-0.002070,0.031552,0.009209,-0.039336,0.048313,-0.069274,0.055987
1.393655,-0.015998,-0.017111,0.036388,-0.039708,0.002600,0.009740,0.016014,-0.016968,-0.002957
1.335025,0.081652,-0.042896,0.014532,-0.028942,-0.013695,-0.017688,0.042285,-0.015671,0.025494
1.383225,0.145989,-0.008573,-0.006881,-0.004609,0.038516,-0.012608,0.055514,-0.048796,0.007473
1.740487,0.075723,-0.041074,0.020787,0.000711,-0.024714,-0.016931,-0.007499,-0.006492,0.036323
2.429951,-0.037640,-0.049216,0.014962,0.074925,-0.104216,-0.034983,-0.054390,-0.045811,0.127891
1.716458,0.074607,-0.018115,0.011949,0.033418,-0.013824,0.000245,-0.058875,0.006288,0.035359
1.458358,0.011091,-0.024133,0.011105,0.000202,-0.023930,-0.004116,-0.006163,-0.014805,0.032576
1.025290,0.063164,-0.003325,0.002025,-0.022105,0.027156,0.012242,0.009385,-0.002551,-0.015157
1.198828,0.039124,0.000200,-0.001111,0.002132,0.012768,0.012224,-0.016483,-0.005785,0.002195
1.894097,0.224093,-0.011827,-0.017201,0.048424,0.031368,-0.028752,0.023521,-0.057217,0.041140
1.000388,0.225695,0.011316,-0.016603,-0.020569,0.093069,0.004488,0.051946,-0.021268,-0.045224
1.519443,0.018109,-0.026592,0.017316,-0.015407,-0.014384,-0.011133,0.036055,-0.041485,0.031611
1.769451,0.078618,-0.029301,0.019185,0.013557,-0.014908,-0.010774,-0.016609,-0.013552,0.038056
1.416192,0.027151,-0.042349,0.028342,-0.024589,-0.029907,-0.002955,-0.019210,0.022383,0.017067
0.950030,0.268590,0.003371,-0.012336,-0.064307,0.121126,-0.013634,0.157571,-0.072538,-0.057861
1.469842,0.065110,-0.031482,0.025092,-0.005751,-0.014691,0.003856,-0.045838,0.031283,0.013237
1.200815,0.127240,0.012633,-0.021348,0.008633,0.051447,0.001092,0.033613,-0.043805,-0.004720
1.212297,0.030578,-0.000160,-0.022537,0.017140,0.000351,-0.003489,0.017735,-0.042654,0.028029
2.498730,-0.103235,-0.124312,0.075484,-0.014050,-0.171090,-0.055586,-0.016819,-0.003282,0.132845
0.975615,0.063949,0.004375,-0.007224,-0.015223,0.032975,0.012856,0.014034,-0.011722,-0.014901
1.459393,0.079495,-0.004885,-0.013103,0.026688,0.005979,-0.006998,0.004812,-0.037929,0.032148
0.977104,0.069511,-0.000823,-0.001828,-0.020284,0.030510,0.013705,0.005959,0.000920,-0.018476
1.628883,0.193222,-0.022291,0.041373,-0.059562,0.072147,-0.011544,0.094971,-0.048694,-0.028672
1.553908,0.044501,-0.034551,0.020870,-0.018507,-0.015463,-0.012832,0.023103,-0.022169,0.025596
1.226838,0.099143,-0.012687,0.003263,-0.005055,0.016910,0.005328,-0.012618,0.008419,-0.000994
1.209961,0.088518,0.007186,-0.004681,0.010246,0.031859,0.016256,-0.032180,0.005913,-0.010292
2.257391,0.017095,-0.070336,0.053978,0.006023,-0.077234,-0.026467,-0.040279,0.003851,0.072906
1.000719,0.060455,0.002473,-0.007805,-0.011723,0.027485,0.011868,0.007977,-0.008945,-0.011153
1.256324,0.030727,-0.013795,-0.001165,-0.004212,-0.004412,-0.000870,0.008269,-0.018627,0.017362
1.454428,0.125096,-0.031153,0.026250,-0.014757,0.008506,0.000794,-0.022781,0.025398,0.002082
2.107111,-0.187880,-0.067555,0.054689,0.018030,-0.142466,-0.011506,-0.087140,0.011237,0.104548
1.017791,0.058426,-0.003766,-0.000965,-0.015163,0.020612,0.013071,-0.004285,0.004931,-0.011350
1.204674,0.097106,-0.001187,0.002789,-0.017880,0.040321,0.006190,0.024323,-0.019811,-0.015189
1.627423,0.080715,-0.037483,0.026266,-0.039355,0.005346,-0.023648,0.081863,-0.055550,0.019033
1.773124,-0.085243,-0.006438,-0.019850,0.062498,-0.061055,-0.016526,-0.006619,-0.080916,0.093457
1.280234,0.048441,-0.003120,0.003971,0.004126,0.010914,0.012707,-0.030703,0.004860,0.001042
1.778059,0.084498,0.004977,-0.003616,0.053994,0.009508,0.003077,-0.052917,-0.021289,0.031555
1.338982,0.070912,0.020036,-0.006793,0.023301,0.038833,0.019862,-0.038138,-0.009450,-0.009714
1.036223,0.073200,-0.001703,0.004846,-0.021799,0.032347,0.015610,-0.000490,0.005471,-0.020983
1.166780,0.052034,-0.012850,0.006787,-0.020960,0.012216,0.004998,0.011998,-0.007172,-0.002577
1.252468,0.056380,-0.010377,0.003398,-0.004302,0.007823,0.005727,-0.009017,-0.002696,0.005012
1.741420,0.018012,-0.016527,-0.001388,0.034227,-0.028058,-0.013193,-0.008400,-0.044088,0.056780
2.007950,0.049444,-0.030518,0.019567,0.010951,-0.019308,-0.025676,0.034305,-0.065481,0.054690
0.981897,0.084493,0.005312,-0.001033,-0.021358,0.044258,0.016382,0.010741,-0.003809,-0.026101
0.999305,0.059809,0.000605,-0.004266,-0.018091,0.028706,0.011117,0.016564,-0.011908,-0.012464
1.638971,0.144229,-0.015717,0.027659,-0.012256,0.037384,-0.000484,0.008977,-0.014087,-0.003773
1.974344,0.064478,-0.079288,0.056697,-0.001710,-0.076143,-0.013814,-0.095446,0.074737,0.049142
0.993469,0.068266,0.004050,-0.008444,-0.014472,0.033577,0.011084,0.017370,-0.014583,-0.014078
1.566449,0.022201,-0.051491,0.037375,-0.019832,-0.044637,-0.004878,-0.038560,0.033743,0.026497
1.072544,0.074943,-0.002908,0.001629,-0.019730,0.030429,0.010599,0.011277,-0.005626,-0.014837
1.155388,0.084437,0.009752,-0.008653,0.011421,0.032604,0.017415,-0.032283,0.005702,-0.011333
1.038034,0.043894,-0.004218,-0.000120,-0.010824,0.013388,0.014874,-0.017473,0.010957,-0.008260
1.339015,0.060243,-0.010317,0.012351,-0.003750,0.010216,0.008890,-0.018761,0.001535,0.004026
1.115347,0.061811,-0.001220,-0.006049,-0.007511,0.021955,0.006576,0.013396,-0.018057,-0.001249
1.180304,0.072466,-0.008601,0.003080,-0.020004,0.023696,0.002746,0.026664,-0.019501,-0.004756
2.150447,-0.088903,-0.032844,0.036226,0.027444,-0.070335,-0.009595,-0.044801,-0.032797,0.073138
1.816534,-0.013091,-0.046636,0.001363,0.048560,-0.087331,-0.022757,-0.055303,-0.005446,0.092529
1.223789,0.051932,-0.004002,-0.001129,0.000829,0.011767,0.008759,-0.013859,-0.003992,0.002671
2.045374,0.031667,-0.034109,0.032773,0.033868,-0.043302,-0.005947,-0.070375,0.004862,0.056244
1.585583,0.105476,0.014159,-0.020913,0.034740,0.037332,-0.008360,0.033404,-0.075714,0.024099
1.702613,0.021993,-0.013405,-0.001335,0.031756,-0.021590,-0.011337,-0.002960,-0.047154,0.053292
1.779087,0.004425,-0.034690,0.020401,0.026537,-0.051952,-0.003959,-0.071552,0.017613,0.049409
1.505351,-0.005122,-0.016366,0.019865,-0.005680,-0.013029,0.003003,-0.006540,-0.019424,0.021911
1.229631,0.064374,-0.010900,0.014737,-0.031155,0.026126,0.004579,0.032270,-0.020422,-0.009572
1.395476,0.253049,-0.013219,0.018469,-0.039032,0.085009,-0.006862,0.068498,-0.025451,-0.034562
1.837288,0.071278,-0.037817,0.040880,-0.002075,-0.017813,-0.004594,-0.034018,0.009140,0.027991
1.502585,-0.016398,-0.010292,-0.013262,0.038217,-0.035855,-0.004233,-0.033373,-0.023746,0.050144
1.289647,0.045262,-0.020563,0.021184,-0.014140,-0.002753,0.011169,-0.033430,0.023938,0.001640
1.530132,0.026356,-0.000579,-0.008435,0.038939,-0.009775,0.002556,-0.036484,-0.022534,0.036044
1.189780,0.079883,-0.010915,0.003523,-0.025355,0.026120,-0.000557,0.038979,-0.024641,-0.006309
1.584600,0.194870,0.013555,-0.019621,0.000301,0.084075,-0.026651,0.144921,-0.136880,0.010881
1.403008,0.022554,-0.008307,-0.000492,0.018351,-0.010831,0.005014,-0.033097,-0.006178,0.023976
1.454353,0.061065,-0.005841,0.018434,0.013586,0.007784,0.018406,-0.066205,0.024170,0.004405
1.430769,0.020630,-0.062954,0.082136,-0.110872,-0.005460,-0.005336,0.075580,-0.003034,-0.013591
2.352199,-0.090100,-0.091207,0.046060,0.026175,-0.148789,-0.041797,-0.049790,-0.006918,0.129304
1.480688,0.054986,-0.000604,-0.021292,0.034502,0.000305,-0.008942,0.006455,-0.048741,0.037472
1.484471,0.035908,0.005095,0.002785,0.000307,0.024816,-0.000529,0.041671,-0.066277,0.014411
1.687970,0.006146,-0.034963,0.015399,0.002630,-0.038252,-0.016527,0.007694,-0.030782,0.049108
1.626645,0.084525,-0.019997,0.009238,0.006967,0.001608,-0.010648,0.010792,-0.030531,0.028177
1.294438,0.126807,-0.004610,0.000880,-0.013229,0.042601,-0.000859,0.034186,-0.027999,-0.008768
1.160512,0.048504,-0.005043,0.000741,-0.001197,0.009534,0.012584,-0.025081,0.008437,-0.000418
1.271800,0.030013,-0.018186,0.016160,-0.015210,-0.003444,0.007646,-0.013657,0.005889,0.006221
1.139657,0.022541,0.008109,-0.013546,0.024840,0.003654,0.018167,-0.051223,0.006757,0.009375
1.059325,0.064746,-0.001309,0.000049,-0.017715,0.028239,0.011113,0.011650,-0.008838,-0.012116
1.516290,-0.008435,-0.043188,0.034886,-0.064054,-0.014519,-0.024300,0.114518,-0.074785,0.025377
1.083578,0.076455,-0.003679,-0.002520,-0.018016,0.028847,0.005906,0.024168,-0.016857,-0.008780
1.588279,0.022193,-0.005442,-0.014674,0.045392,-0.021001,-0.005111,-0.032214,-0.028965,0.046979
1.884128,-0.019611,-0.032370,0.016925,0.004386,-0.039747,-0.027278,0.054685,-0.083243,0.069593
1.282319,0.074730,0.017735,-0.001469,-0.002452,0.052118,0.011882,0.027993,-0.047254,-0.010784
1.306937,0.018133,-0.008624,0.011819,-0.006549,0.001706,0.010687,-0.017707,-0.002774,0.005291
1.325463,0.022494,-0.015776,0.010881,-0.019651,0.001483,-0.001066,0.025680,-0.027511,0.010376
1.862992,0.020411,-0.025209,-0.002977,0.050230,-0.047740,-0.016221,-0.044164,-0.022284,0.067635
1.691149,0.035949,-0.027568,0.012312,0.017393,-0.028565,-0.009402,-0.022832,-0.013675,0.043654
1.083540,0.074015,-0.001087,-0.004422,-0.019782,0.032912,0.004442,0.036992,-0.027923,-0.009224
1.406869,0.090579,-0.006615,-0.001472,0.001673,0.021792,-0.005112,0.028971,-0.040287,0.014352
1.409980,0.005443,-0.036494,0.003625,0.014737,-0.053116,-0.007992,-0.037029,0.009984,0.051278
1.404842,0.050097,-0.011299,-0.002433,0.007045,0.000066,-0.004366,0.008306,-0.028791,0.023180
1.676143,0.113667,-0.017370,0.006981,0.011049,0.011941,-0.012443,0.014608,-0.034898,0.025781
2.110820,0.146522,-0.036681,0.020569,0.031760,-0.011511,-0.024782,-0.012888,-0.026200,0.054220
1.012686,0.065379,-0.004661,-0.000140,-0.022044,0.025634,0.010716,0.010503,-0.001767,-0.014678
1.583791,0.036058,-0.010268,-0.000759,0.027200,-0.012248,-0.003150,-0.021595,-0.024337,0.036507
2.046499,0.026238,-0.033817,0.001519,0.085001,-0.077115,-0.012277,-0.118943,0.017288,0.092358
1.219577,0.013647,-0.011929,0.001385,0.008096,-0.015115,0.011300,-0.047195,0.018230,0.014420
1.199667,0.053966,-0.015526,0.006533,-0.014685,0.005565,0.004927,-0.003160,0.002399,0.001179
1.743219,0.154312,-0.062686,0.051971,-0.046361,-0.002456,-0.021040,0.028375,0.009067,0.011988
1.514793,0.030276,-0.029503,-0.008359,-0.002236,-0.023635,-0.029543,0.069467,-0.070715,0.050680
1.129738,0.054726,-0.000460,0.001418,-0.011813,0.024016,0.011920,0.001748,-0.008215,-0.008571
1.348999,0.015372,-0.020680,0.021316,-0.009022,-0.013765,0.011480,-0.043771,0.023983,0.007044
1.121805,0.098083,0.002136,-0.001345,-0.017374,0.043538,0.007834,0.027556,-0.021480,-0.016051
1.168099,0.021726,-0.010252,0.000528,-0.005695,-0.002552,0.007775,-0.013045,0.000016,0.007016
1.343551,-0.008652,-0.026097,0.000288,0.015702,-0.044262,-0.001039,-0.042058,0.009310,0.041675
1.311256,0.087331,0.008710,-0.022614,0.032085,0.021400,0.004204,-0.019793,-0.019663,0.011898
1.712490,0.006246,-0.028459,0.014278,0.021025,-0.040300,-0.007359,-0.035355,-0.009829,0.049513
1.858759,0.039494,-0.038071,0.017624,0.013293,-0.036885,-0.020715,-0.001686,-0.029114,0.054884
1.443208,0.134481,0.024701,-0.045047,0.038791,0.055389,-0.016011,0.072437,-0.104601,0.021425
2.215966,-0.008188,-0.059438,0.025722,0.052330,-0.099409,-0.026563,-0.075503,0.000518,0.103921
1.507968,0.016663,-0.015282,-0.017186,0.029615,-0.027856,-0.016706,0.013591,-0.051157,0.056241
1.396184,-0.002656,0.010934,-0.005078,0.022889,0.006066,0.011336,-0.017927,-0.034139,0.019353
1.296336,0.015415,0.000529,-0.005800,0.021646,-0.004359,0.012772,-0.047528,0.002855,0.014306
1.078444,0.073040,-0.003341,0.002116,-0.020206,0.029674,0.010612,0.010290,-0.004708,-0.015270
1.034605,0.064107,0.001313,-0.002593,-0.012115,0.027761,0.014429,-0.003262,0.000117,-0.013991
1.079828,0.058106,-0.004503,0.001046,-0.016285,0.021264,0.010396,0.004949,-0.004065,-0.008837
1.429051,-0.016079,-0.025739,0.034111,0.008179,-0.039422,0.025808,-0.127000,0.077669,0.011096
1.145573,0.042435,0.010996,-0.005210,0.013139,0.021045,0.021941,-0.043207,0.007226,-0.005641
1.384681,0.056026,-0.035800,0.019207,-0.037786,-0.004568,-0.014612,0.054150,-0.028749,0.014520
1.266730,0.026171,-0.001170,-0.009758,0.002129,0.008200,-0.001218,0.027485,-0.044907,0.017561
1.665259,0.096572,-0.022581,0.009654,0.010620,-0.000236,-0.011539,0.001557,-0.023266,0.029197
1.027944,0.112903,0.000329,-0.000312,-0.027354,0.050000,0.007776,0.039946,-0.020287,-0.021853
1.655589,0.114338,-0.014568,0.021784,0.006502,0.018741,0.002064,-0.021458,-0.004452,0.010117
2.178209,-0.007828,-0.050609,0.026583,0.033673,-0.075633,-0.027882,-0.027691,-0.031378,0.089654
1.114181,0.070582,-0.002917,0.015109,-0.025122,0.033389,0.019328,-0.012043,0.013804,-0.025693
1.742803,0.034663,-0.020228,0.006090,0.031205,-0.026495,-0.009115,-0.026475,-0.023957,0.050126
0.998742,0.049066,0.001874,-0.001439,-0.012075,0.023600,0.017465,-0.010351,0.004611,-0.013265
1.103097,0.055403,0.007045,-0.011787,0.009188,0.020931,0.014375,-0.021060,-0.003018,-0.002498
1.328409,0.069569,0.012105,-0.015487,0.040672,0.015987,0.014749,-0.056793,0.000313,0.012003
1.037468,0.048077,0.000373,0.001741,-0.011891,0.021756,0.018580,-0.019791,0.011656,-0.015114
1.108281,0.077021,-0.006101,0.010011,-0.027425,0.032075,0.011181,0.014161,-0.003743,-0.017902
1.908895,0.084660,-0.038943,0.020557,0.020778,-0.028989,-0.017977,-0.024715,-0.009935,0.050271
1.609915,-0.037033,-0.029965,0.045806,-0.014053,-0.034137,0.012625,-0.055977,0.023364,0.018810
1.899953,0.060608,-0.027260,0.004527,0.049126,-0.037675,-0.013540,-0.055505,-0.008065,0.060849
1.201141,0.046340,-0.006433,0.008506,0.000072,0.006888,0.018360,-0.050791,0.027546,-0.004846
1.721527,0.020629,-0.023105,0.010853,0.011940,-0.022697,-0.014166,0.013396,-0.046105,0.047834
1.096784,0.055862,-0.004636,0.003220,-0.016102,0.020619,0.011500,0.000878,-0.001820,-0.009050
1.196612,0.031342,-0.012574,0.001072,-0.011353,0.001017,0.002537,0.007995,-0.012788,0.008304
1.419021,0.021827,0.035367,-0.041910,0.061356,0.023328,0.003199,0.006324,-0.083271,0.035447
1.042278,0.076037,0.000236,-0.004548,-0.017389,0.033133,0.009645,0.015914,-0.010447,-0.015848
2.591631,-0.034332,-0.058478,-0.025696,0.076481,-0.114883,-0.088165,0.104299,-0.174997,0.178839
1.097777,0.082927,-0.029275,0.037527,-0.066341,0.025754,0.011145,0.015932,0.028391,-0.035845
1.379263,0.071469,-0.004476,0.003590,0.005556,0.016402,0.006592,-0.016328,-0.007411,0.003970
1.786948,-0.034794,-0.020991,0.001367,0.046937,-0.056833,-0.009144,-0.046643,-0.026382,0.071747
1.439007,0.036031,-0.031773,0.019643,-0.006518,-0.023561,0.001420,-0.039595,0.024860,0.016506
1.102815,0.054028,-0.019086,0.015719,-0.036102,0.012567,0.007591,0.010992,0.007318,-0.012084
1.400466,0.041120,-0.006766,0.012920,0.014218,-0.000636,0.018114,-0.072088,0.029484,0.004159
1.750277,0.076022,-0.031033,0.006887,0.017371,-0.020942,-0.020455,0.006861,-0.032852,0.049145
1.157971,0.102357,0.002380,-0.009450,-0.004973,0.037793,0.004710,0.018717,-0.021089,-0.008905
1.401395,0.015225,-0.028649,0.021866,-0.007294,-0.025259,0.005435,-0.040799,0.022510,0.018010
1.254901,0.204245,-0.000711,0.013650,-0.020485,0.074422,0.012670,0.001959,0.011661,-0.040565
1.193098,0.031050,-0.017504,-0.007102,-0.000372,-0.013112,-0.003527,0.006076,-0.014653,0.024477
1.269315,0.084474,-0.004331,0.002829,-0.001611,0.023023,0.008421,-0.011202,-0.002209,-0.003336
1.210461,0.110228,-0.011554,0.003442,-0.002489,0.019793,0.008558,-0.026151,0.019715,-0.005487
1.145782,0.191394,-0.027204,0.021094,-0.055081,0.053441,-0.000633,0.036742,0.018273,-0.040598
1.641645,0.054066,-0.047935,0.045900,-0.043697,-0.013945,-0.012005,0.027729,-0.008633,0.015054
1.122022,0.051377,-0.011635,-0.001272,-0.011719,0.007055,0.004800,0.002225,-0.002864,0.002164
1.419960,-0.009265,-0.018225,0.015125,-0.002829,-0.020147,0.003826,-0.016575,-0.009066,0.024077
1.479643,0.145653,-0.001774,0.032553,0.002244,0.045604,0.027980,-0.080583,0.050101,-0.028292
1.128126,0.058467,-0.005844,0.002313,-0.019488,0.022338,0.006872,0.017837,-0.013836,-0.007478
1.024090,0.062709,-0.004022,0.002079,-0.020297,0.024873,0.012863,0.003451,0.001632,-0.014204
1.361185,0.045826,-0.032791,0.020785,-0.013479,-0.019072,0.002035,-0.031098,0.025797,0.013143
1.189397,0.039391,-0.016380,0.017834,-0.022050,0.004750,0.012423,-0.018586,0.017170,-0.006071
1.259312,0.049757,-0.012651,0.010849,-0.028862,0.018468,-0.000779,0.044442,-0.033601,-0.000091
1.225500,0.063411,0.002356,0.013468,-0.017219,0.035649,0.016421,0.000198,-0.008525,-0.016932
1.053483,0.064247,-0.005661,0.003286,-0.016960,0.021387,0.014179,-0.011817,0.012629,-0.015147
1.429224,0.140598,-0.015570,0.003274,-0.018164,0.036538,-0.014397,0.064392,-0.047706,0.003641
1.109060,0.063702,-0.010961,0.012353,-0.028654,0.022182,0.011209,0.004802,0.005376,-0.015714
1.671844,0.109502,-0.036144,0.045388,-0.042916,0.018681,-0.008569,0.036915,-0.016257,-0.001428
1.513128,0.023526,-0.037037,0.009134,-0.020057,-0.024810,-0.023847,0.058613,-0.049825,0.038702
1.092966,0.070060,-0.002290,-0.001696,-0.015321,0.027420,0.008692,0.012642,-0.010626,-0.010319
1.258438,0.023624,-0.024020,0.019866,-0.021786,-0.009553,0.006580,-0.013528,0.011944,0.005948
0.932000,0.178784,0.009654,0.000984,-0.049414,0.094495,0.010613,0.072046,-0.026120,-0.057230
1.045540,0.077345,0.002412,-0.003664,-0.013030,0.033882,0.012804,0.005111,-0.005346,-0.015816
1.687778,0.109992,-0.035438,-0.005906,0.008634,-0.013012,-0.033949,0.050066,-0.052981,0.047835
1.924136,0.044883,-0.036060,0.016481,0.027463,-0.040378,-0.018366,-0.024724,-0.020780,0.060378
1.218963,0.043374,-0.013421,0.001827,-0.007203,0.001043,0.002670,0.001560,-0.008934,0.010818
0.983057,0.058730,0.000541,-0.003467,-0.015724,0.026528,0.014537,0.000188,0.000852,-0.015153
1.094510,0.041907,-0.003052,0.005052,-0.010693,0.015380,0.017235,-0.023316,0.012486,-0.010122
1.127756,0.192033,0.006837,-0.000341,-0.008622,0.071771,0.015279,-0.005980,0.011344,-0.036658
1.693503,0.033633,-0.031153,0.027122,-0.017752,-0.011837,-0.014161,0.036730,-0.042785,0.030854
1.829113,-0.012302,-0.020403,0.004925,0.050535,-0.051071,-0.005330,-0.066664,-0.010627,0.064772
1.714285,0.121598,-0.046253,0.023053,-0.010371,-0.012214,-0.021885,0.014345,-0.009021,0.030356
1.581950,-0.004079,-0.035671,0.020594,0.000780,-0.042788,-0.006474,-0.024248,-0.001143,0.041179
1.349328,0.014947,-0.014440,-0.001380,0.001292,-0.011773,-0.004570,0.013185,-0.030942,0.027859
1.849398,-0.015565,-0.038362,0.017203,0.039743,-0.070090,-0.008326,-0.077721,0.011576,0.069693
1.859648,-0.040385,-0.032504,0.009172,0.016560,-0.054125,-0.026316,0.031823,-0.072096,0.076386
1.771039,0.101891,-0.021985,0.010098,0.024917,-0.005130,-0.010289,-0.021784,-0.015453,0.035760
1.879600,0.034071,-0.040404,0.016817,0.011512,-0.040256,-0.025608,0.015117,-0.042500,0.062072
1.366482,0.040170,-0.003755,-0.002036,0.030432,-0.007629,0.013089,-0.067513,0.016624,0.019912
1.069274,0.069977,0.001014,-0.006191,-0.012391,0.029769,0.008300,0.017591,-0.017014,-0.009015
1.093861,0.056206,-0.005413,0.004047,-0.012708,0.017420,0.014256,-0.016098,0.010917,-0.010340
1.564978,0.027621,-0.003668,0.000270,0.027063,-0.005586,0.002988,-0.030606,-0.020388,0.027697
1.183262,0.041313,-0.005257,0.002260,-0.004598,0.009718,0.010978,-0.014966,0.000249,0.000510
2.008979,0.070586,-0.064013,0.042101,-0.000790,-0.052896,-0.025109,-0.020967,0.004841,0.057758
1.022587,0.084111,-0.001003,0.003785,-0.025836,0.038798,0.013819,0.012026,-0.000873,-0.024116
1.705930,-0.034473,-0.030832,0.005854,0.039325,-0.067171,-0.005686,-0.074220,0.009114,0.062504
1.573264,0.031062,-0.023026,0.001169,0.031462,-0.034574,-0.004949,-0.046561,-0.000262,0.047332
1.324396,0.013934,-0.032920,0.030894,-0.035946,-0.014721,0.002479,0.002303,0.006981,0.007127
1.567245,-0.021390,-0.018760,0.044029,-0.011036,-0.016460,0.019724,-0.060869,0.023582,0.007748
1.609921,-0.063079,-0.063389,0.041210,-0.029907,-0.078805,-0.017392,0.005883,-0.005624,0.058618
1.123798,0.033817,-0.003674,0.004378,-0.012853,0.014039,0.013165,-0.006569,-0.001967,-0.005293
1.717326,0.070722,-0.022596,0.012649,0.012289,-0.007844,-0.011051,-0.000861,-0.027795,0.034853
1.468301,0.163939,-0.014696,0.004549,-0.005414,0.037079,-0.009649,0.032819,-0.027912,0.004143
1.132756,0.054502,-0.003480,0.002956,-0.006749,0.016534,0.014513,-0.020978,0.009029,-0.007168
1.177338,0.098579,-0.002198,-0.005585,-0.002557,0.029070,0.005471,0.005730,-0.011220,-0.003614
1.161730,0.058830,-0.013682,0.013571,-0.023232,0.014402,0.010597,-0.006149,0.010127,-0.009844
1.358107,0.037076,-0.040348,0.036072,-0.040111,-0.015305,0.001674,-0.009704,0.025142,0.001129
1.359731,0.047755,-0.005358,0.000509,0.005124,0.008256,0.002956,-0.001099,-0.021970,0.013760
1.116210,0.071783,-0.002189,0.004922,-0.013749,0.027516,0.013125,-0.000758,-0.002133,-0.010252
2.269361,-0.180894,-0.045505,0.021531,0.081928,-0.147353,-0.011259,-0.136119,0.002493,0.128421
1.354735,0.084103,-0.011000,-0.002562,-0.002257,0.015324,-0.005886,0.025581,-0.031593,0.012949
1.177330,0.063937,0.005095,-0.004129,-0.004204,0.030461,0.009019,0.014083,-0.025845,-0.003425
1.576258,-0.028475,0.000941,-0.023078,0.057874,-0.034758,-0.003643,-0.038970,-0.039478,0.059008
0.903883,0.140214,0.012798,-0.014679,-0.022164,0.069961,0.008942,0.054396,-0.032541,-0.029421
1.335425,0.071591,-0.008986,-0.004537,0.003767,0.010401,-0.002722,0.010940,-0.024775,0.014672
1.085079,0.061611,-0.008313,0.006098,-0.026166,0.023288,0.008901,0.014823,-0.004625,-0.013074
1.189022,0.034247,-0.014707,0.004590,-0.016129,0.001771,0.002794,0.010169,-0.010526,0.006443
1.009261,0.066656,0.000012,0.000336,-0.019812,0.031133,0.014407,0.005059,-0.000750,-0.018207
1.885104,0.087536,-0.022548,0.010921,0.025967,-0.008764,-0.017585,0.004799,-0.044231,0.049377
1.176700,0.049960,-0.004678,-0.016800,-0.003014,0.011748,-0.003581,0.026047,-0.030947,0.006279
1.096086,0.047375,0.001139,-0.000997,-0.007010,0.020519,0.014684,-0.010822,-0.000987,-0.007922
0.967344,0.075589,0.006277,-0.004220,-0.013748,0.037953,0.018785,-0.007012,0.005781,-0.023955
1.247391,0.017450,0.021554,-0.017393,0.031386,0.018831,0.017546,-0.030736,-0.024807,0.009386
1.290696,0.066010,-0.019468,0.017863,-0.022122,0.009819,0.005376,-0.003546,0.006575,-0.003830
1.615043,0.024931,-0.057536,0.055253,0.016306,-0.074348,0.021957,-0.186865,0.135112,0.031315
1.493060,0.034567,-0.012392,-0.010185,0.023396,-0.014884,-0.009126,-0.001967,-0.033348,0.038613
2.326057,-0.056111,-0.076511,0.042392,0.037787,-0.126094,-0.030754,-0.076392,0.006960,0.113001
1.323764,0.110540,-0.010828,0.011761,-0.017219,0.032248,0.003379,0.013022,-0.009116,-0.009463
1.166468,0.046304,-0.008854,-0.001234,-0.007808,0.007799,0.005222,0.001635,-0.008303,0.004357
1.274315,0.102515,-0.001785,0.001495,-0.001250,0.031660,0.007924,-0.005032,-0.006532,-0.006305
2.636715,-0.147864,-0.084094,0.058581,0.035059,-0.156067,-0.038102,-0.059414,-0.026054,0.138318
1.067057,0.068113,-0.008837,0.007645,-0.021580,0.021212,0.013653,-0.009600,0.014646,-0.016016
1.429867,0.081115,-0.030249,0.022593,-0.025476,0.003470,-0.004265,0.008957,0.000695,0.003623
1.035550,0.055209,-0.002288,0.001088,-0.020837,0.025696,0.011517,0.013324,-0.008510,-0.012153
1.562328,0.090803,-0.036125,0.020569,-0.022530,-0.001661,-0.016815,0.037952,-0.025554,0.020446
1.603018,-0.019125,-0.020408,0.010263,0.063173,-0.064882,0.020608,-0.174586,0.078221,0.047050
1.148948,0.060106,-0.007255,-0.000292,-0.011694,0.016206,0.005912,0.007771,-0.009632,-0.001267
1.440189,0.014431,-0.019900,0.005143,0.003304,-0.019316,-0.004673,-0.001891,-0.020436,0.030821
1.647927,0.082757,-0.019711,0.005560,0.016240,-0.004047,-0.010826,-0.001220,-0.026689,0.033694
1.101100,0.081492,-0.004078,-0.000071,-0.024767,0.034333,0.003975,0.038722,-0.024902,-0.011890
1.748907,0.121195,-0.026986,0.022608,-0.006316,0.012900,-0.013893,0.022542,-0.029286,0.019255
1.516332,0.044883,-0.027278,0.028055,-0.016497,-0.006938,0.000450,-0.008720,-0.000080,0.012885
1.400948,0.034133,-0.034533,0.012580,-0.013064,-0.024544,-0.009037,0.002868,-0.003920,0.025971
1.077369,0.077811,0.000204,-0.004855,-0.012951,0.031381,0.008842,0.013554,-0.012155,-0.011581
1.534628,0.102871,-0.006412,0.003819,0.013384,0.020392,-0.000520,-0.006598,-0.020447,0.012749
1.810908,0.033783,-0.032973,0.011672,0.012468,-0.031659,-0.022688,0.019472,-0.047681,0.056889
1.752201,-0.041287,-0.040876,0.015928,0.019367,-0.069776,-0.015102,-0.029121,-0.015770,0.069646
1.826725,0.007784,-0.037139,0.026598,0.015957,-0.046864,-0.008461,-0.042939,-0.000972,0.051209
2.086394,0.025128,-0.049861,0.019566,0.038126,-0.069539,-0.026248,-0.040883,-0.015015,0.083003
1.406359,0.003479,-0.021645,0.012681,-0.003030,-0.021429,0.000136,-0.010452,-0.010029,0.027108
1.389018,0.108015,0.007903,-0.019040,0.009204,0.042097,-0.010070,0.062305,-0.074836,0.012142
1.301608,0.097351,-0.013745,0.030996,-0.035679,0.035817,0.012709,0.003530,0.007968,-0.023305
1.752758,0.104664,0.005556,-0.026919,0.038950,0.025085,-0.027284,0.076394,-0.115063,0.049683
1.606120,-0.003509,-0.027033,0.012845,0.013184,-0.037940,-0.005672,-0.026172,-0.011218,0.044434
1.453757,-0.012675,-0.027259,0.005237,0.007567,-0.039986,-0.006692,-0.015108,-0.012307,0.042589
1.410662,0.054511,0.019008,-0.022233,0.043868,0.020725,0.008201,-0.024692,-0.035806,0.019311
1.125534,0.028344,0.010554,-0.022921,0.005227,0.020914,0.001415,0.038074,-0.055069,0.010792
1.104564,0.071787,-0.004361,0.002044,-0.020064,0.028228,0.008365,0.016167,-0.010270,-0.012015
1.866023,-0.025045,-0.038577,0.017985,0.037518,-0.071436,-0.007328,-0.083999,0.017063,0.064214
1.233518,0.073804,-0.021555,0.013532,-0.028764,0.012327,-0.000359,0.022376,-0.006856,-0.001939
1.067064,0.071888,-0.006878,0.003687,-0.024215,0.026710,0.008938,0.015135,-0.004620,-0.013864
1.609945,0.038911,-0.054943,0.024955,-0.017490,-0.045535,-0.021174,0.007946,-0.002877,0.042830
1.086467,0.177347,0.008307,0.000303,-0.031634,0.083531,0.007083,0.060171,-0.031830,-0.038984
1.556644,-0.030728,-0.029684,0.001836,0.005220,-0.045384,-0.019560,0.030425,-0.053478,0.059518
1.564127,0.010134,-0.022229,0.013472,0.015024,-0.029102,0.000028,-0.037388,-0.002394,0.037200
1.161333,0.051461,-0.013601,0.013606,-0.024783,0.013375,0.009733,0.000028,0.004811,-0.008266
1.972405,-0.021441,-0.050948,0.018789,0.040273,-0.087793,-0.018771,-0.071336,0.007543,0.083722
1.559078,-0.024559,-0.026969,0.034546,0.014157,-0.045169,0.019451,-0.112740,0.056942,0.025579
1.521395,0.134416,0.014880,-0.011442,0.031747,0.047554,0.004054,-0.005356,-0.036851,0.005122
1.771844,0.033542,-0.036544,0.042251,0.026963,-0.046416,0.016205,-0.143115,0.079474,0.030158
1.815837,0.013629,-0.026992,0.017539,0.032586,-0.041649,-0.004970,-0.054857,-0.004235,0.054673
1.271447,0.027087,-0.012059,0.006477,-0.013965,0.003495,0.002288,0.013894,-0.020067,0.008152
1.888722,0.104655,-0.028548,0.010744,0.025502,-0.011958,-0.020576,0.001247,-0.035636,0.050217
1.837947,0.016487,-0.039071,-0.005516,0.026580,-0.053872,-0.037405,0.038227,-0.070073,0.083634
1.449060,0.114180,-0.021840,0.032333,-0.025449,0.025253,0.007179,-0.011855,0.016277,-0.013318
1.088575,0.082426,0.007856,-0.009942,-0.014443,0.044618,0.005774,0.042281,-0.038377,-0.013043
2.105765,-0.121591,-0.042517,0.016641,0.076263,-0.125285,-0.009040,-0.128774,0.011707,0.113846
1.435047,0.039375,-0.006892,0.004199,0.015592,-0.001658,0.006992,-0.033756,-0.004022,0.017477
1.289630,0.062656,-0.019775,0.011890,-0.017343,0.005326,0.001340,0.003951,-0.002260,0.003928
1.184387,0.109465,-0.007459,-0.001308,-0.010371,0.029881,0.003440,0.011108,-0.007509,-0.006939
1.292040,0.022571,-0.012224,0.001935,0.003181,-0.008602,0.004454,-0.016822,-0.005464,0.017712
1.048990,0.066493,-0.000641,-0.001410,-0.015774,0.028267,0.011673,0.008008,-0.006521,-0.012407
1.082537,0.069794,-0.002451,0.000331,-0.016255,0.027547,0.010763,0.006666,-0.004917,-0.012550
1.697595,0.145182,-0.013873,0.015789,0.016172,0.023126,-0.000021,-0.031455,0.001576,0.009110
1.102567,0.063382,-0.004837,0.000105,-0.018700,0.024223,0.006832,0.019346,-0.014402,-0.007871
1.102423,0.109485,0.000891,0.017150,-0.033296,0.054966,0.020186,0.001667,0.010797,-0.040157
1.250492,0.068281,-0.012190,0.005877,-0.013962,0.014806,0.002211,0.013538,-0.013622,0.002423
1.820162,0.075352,-0.027221,0.006816,0.019597,-0.015972,-0.021970,0.017039,-0.047026,0.050971
1.685810,0.057258,-0.015068,0.000553,0.036010,-0.016770,-0.005798,-0.036454,-0.015390,0.042281
1.092521,0.176481,0.024822,-0.033577,0.019622,0.073930,0.005963,0.025956,-0.038771,-0.015572
1.626817,0.009372,-0.044082,0.038400,-0.023714,-0.034358,-0.006960,-0.007437,0.002193,0.028021
1.607502,-0.072261,-0.006532,0.013151,0.047900,-0.050785,0.022238,-0.127163,0.033138,0.040817
