2.391723,0.021727,0.002891,-0.042086,0.087254,0.147594,0.020676,-0.027823,-0.062083,-0.102047
2.599147,0.004176,-0.011243,0.071644,0.021592,0.024179,0.018043,-0.020658,-0.049575,0.067473
2.520359,-0.017296,0.036169,0.011074,0.044414,0.066357,0.061604,-0.033933,-0.030183,-0.026559
2.785203,-0.003427,0.005171,-0.022472,-0.003238,0.001354,0.000559,-0.037337,-0.096075,0.022818
2.545403,-0.022576,-0.014014,0.065687,-0.011580,0.017219,-0.028152,-0.021089,-0.029020,0.082562
3.228604,-0.014598,-0.060352,0.099602,0.053913,0.122829,-0.012824,-0.100702,-0.103402,0.047777
2.022746,0.033676,0.006077,-0.006968,0.001495,-0.001559,0.008994,0.023643,-0.040928,0.027140
2.701133,-0.042887,0.019947,0.076299,0.003947,0.060126,0.068885,-0.063889,-0.036099,0.001677
2.319209,-0.043675,0.022159,0.078996,-0.033259,0.053143,0.062738,-0.077875,-0.023799,0.030712
1.857636,-0.005245,-0.011164,0.068627,-0.010413,0.074434,-0.018143,-0.010474,0.009371,0.042112
2.516856,-0.026913,0.011938,0.039305,0.026223,0.069835,0.019583,-0.028639,-0.018792,-0.001525
2.222271,-0.086952,0.039944,0.054660,-0.014828,0.106557,0.010609,-0.044378,0.050012,-0.031479
2.227400,0.006491,0.000825,-0.009861,0.011066,0.059189,-0.000907,-0.020964,-0.047184,-0.007190
1.890916,-0.011837,-0.021897,0.152244,-0.051010,0.057129,0.051075,-0.060352,-0.009766,0.083011
2.291061,-0.049337,0.008829,0.038661,-0.016999,0.058746,-0.010505,-0.016374,0.012216,-0.003902
1.962412,0.047579,-0.005033,0.070127,0.026187,0.029941,0.035460,-0.007053,-0.037349,0.089561
2.325085,0.017684,0.004748,-0.026851,0.032550,0.037438,-0.011045,0.009891,-0.045824,-0.002807
1.869119,-0.029826,0.037014,0.057723,0.004864,0.097449,0.064090,-0.026794,0.030443,-0.032873
2.105839,-0.042409,0.009261,0.010320,-0.041332,0.003833,-0.059767,0.027321,0.028028,0.033280
2.849895,-0.009558,-0.008089,0.064100,0.024957,0.037015,0.029583,-0.046092,-0.068176,0.046118
1.957339,-0.011573,-0.004359,0.026805,0.016878,0.121359,-0.020989,-0.010403,0.006350,-0.034828
3.370812,-0.011653,-0.037888,0.110507,0.012984,0.025078,0.028983,-0.086373,-0.124706,0.089158
2.314317,-0.028593,-0.009276,0.032768,-0.001372,0.108264,-0.011063,-0.053912,-0.029807,-0.017889
2.549463,-0.017723,0.017551,-0.044093,0.043500,0.057915,-0.040582,0.012555,-0.021782,-0.029470
2.486833,0.069818,0.001211,-0.083321,0.140645,0.155434,0.052842,-0.022493,-0.108578,-0.130448
2.373869,0.002341,-0.005734,0.033365,0.006151,0.024103,-0.004239,-0.007858,-0.038095,0.044897
2.353808,0.018160,-0.031098,0.037177,0.008294,0.038006,-0.032143,-0.011941,-0.055642,0.059485
3.635851,-0.018771,-0.055624,0.066183,-0.019532,0.017794,0.014359,-0.141609,-0.187561,0.085359
2.457224,0.021220,-0.008018,-0.012697,0.020121,0.024475,-0.007196,-0.001137,-0.069162,0.010559
1.587617,-0.012342,-0.012648,0.122065,-0.032364,0.096303,0.026633,-0.044129,0.024884,0.052609
2.089514,-0.036358,0.023387,0.027315,-0.014980,0.040740,-0.006915,0.003184,0.023520,0.008797
2.531361,0.025464,-0.002376,0.000340,0.049306,0.060874,0.031786,-0.030146,-0.079405,-0.004191
1.318002,0.070585,-0.050182,0.074723,0.004462,0.094445,-0.025601,-0.012446,-0.025494,0.088622
1.816364,0.017237,-0.016792,0.057525,0.012305,0.079541,-0.004578,0.001008,-0.000337,0.026665
2.131157,-0.008320,0.018595,0.132229,-0.010225,-0.018188,0.072419,0.000599,0.016982,0.109666
2.473677,-0.002752,-0.008927,-0.017892,-0.010533,-0.008231,-0.053405,0.016750,-0.045972,0.037097
2.833120,0.047488,-0.047881,-0.004616,-0.040655,-0.158289,-0.092863,0.062564,-0.112766,0.175299
2.393232,-0.003243,0.003076,0.017488,0.020903,0.033890,-0.009859,0.006528,-0.024073,0.020530
2.672401,-0.029823,-0.008291,0.041417,0.010043,0.034018,-0.031658,-0.004175,-0.021414,0.033166
2.538060,0.009884,0.002527,-0.014223,0.064665,0.072763,-0.013338,0.001961,-0.042952,-0.015799
2.134191,-0.018167,0.000754,0.051477,-0.023297,0.004503,-0.026886,0.016089,0.009601,0.066631
2.330647,-0.018173,-0.010037,0.043076,0.023177,0.079336,-0.029543,-0.016981,-0.006883,0.027783
2.050054,0.043362,-0.040253,0.036967,0.003584,0.016202,-0.048108,0.017064,-0.045346,0.089732
1.887182,0.055437,-0.042823,0.035356,0.027861,0.093444,-0.031407,-0.020919,-0.058718,0.051489
1.838485,-0.021751,-0.003338,0.024633,0.011998,0.139471,-0.041405,-0.018819,0.022107,-0.028291
2.648402,0.003510,-0.012089,0.001698,0.010883,0.029120,-0.006333,-0.019396,-0.075212,0.009095
1.225441,0.005896,-0.012421,0.096244,-0.032032,0.126749,0.022962,-0.039419,0.027293,0.018827
2.516398,-0.033818,0.024876,0.012099,-0.007734,0.002888,0.008600,0.002672,-0.013962,0.008662
2.591308,0.009201,0.005325,0.044361,0.024584,0.025909,0.052889,-0.032415,-0.066229,0.033190
2.818882,0.054479,-0.042417,0.087050,0.048213,-0.029179,-0.007805,-0.001881,-0.094841,0.164999
3.110406,-0.164989,0.082116,0.002442,-0.104430,-0.074708,-0.007453,-0.009567,0.039529,-0.011341
1.327435,-0.015423,0.012507,0.044770,-0.049746,0.077160,0.007857,0.002734,0.045383,-0.015625
2.604134,0.003296,-0.021391,0.098907,-0.052540,-0.070179,0.001530,-0.010403,-0.067726,0.145663
2.551981,-0.035651,0.055008,-0.001398,0.025878,0.018487,0.041911,0.009058,-0.000709,-0.024117
3.511897,0.011897,-0.053356,0.061508,0.046922,-0.008054,-0.032787,-0.027118,-0.126409,0.102325
2.092297,-0.014620,-0.008171,0.086310,-0.019780,0.058899,0.012166,-0.033085,-0.010242,0.048599
2.479874,-0.067489,0.017188,0.101451,-0.061402,-0.008166,0.030236,-0.048854,0.001860,0.082517
1.834929,0.001969,0.010661,0.041710,-0.026572,0.041852,0.025859,-0.030979,-0.017538,0.042086
1.589228,-0.015640,-0.005484,0.039010,0.018895,0.130814,-0.064147,0.014747,0.061186,0.002867
3.315181,0.046368,-0.014007,0.096730,-0.007068,-0.184089,0.072811,0.004008,-0.139522,0.215061
2.425615,-0.040337,-0.040158,0.113712,-0.101420,-0.029463,-0.030466,-0.027300,-0.033781,0.104074
2.243889,-0.033809,0.016371,-0.000907,-0.013890,0.070513,0.001589,-0.027792,-0.017221,-0.038468
2.982073,-0.018726,0.008170,0.039152,0.025859,0.050309,0.062398,-0.072413,-0.088530,0.002036
3.173333,0.020516,-0.000162,0.002635,0.090193,0.126844,0.112313,-0.113880,-0.155557,-0.076752
3.162535,0.034835,-0.015374,0.026406,0.020079,-0.060540,0.046043,-0.018981,-0.139043,0.076268
2.558122,0.018285,-0.037188,0.064425,0.087871,0.138241,-0.016281,-0.048308,-0.051054,0.035719
2.519954,0.028814,-0.036555,0.110076,0.012010,-0.005788,0.012290,-0.020346,-0.063044,0.139535
2.930014,-0.048783,0.045179,-0.043413,0.012414,0.052956,0.071745,-0.063969,-0.071519,-0.093391
2.338287,0.102171,-0.079521,0.052862,0.041457,-0.014929,-0.037413,0.017493,-0.112732,0.149115
1.949609,0.086600,-0.028967,-0.032705,0.080397,0.047606,-0.039164,0.054408,-0.050577,0.029610
2.912104,-0.102768,0.052882,0.034046,-0.024287,0.058488,0.061530,-0.075258,-0.012644,-0.055608
2.723420,0.001180,-0.007792,0.032310,0.027455,0.029520,0.012845,-0.025356,-0.065254,0.034844
2.350185,-0.029117,0.003500,0.075324,0.024657,0.056820,-0.018859,0.009668,0.025221,0.044211
2.021741,-0.044720,0.018422,0.027355,-0.058089,-0.001230,-0.027954,0.007561,0.024303,0.040794
2.392640,-0.008899,0.017291,-0.014002,-0.014836,0.041620,0.042899,-0.038301,-0.067380,-0.044051
2.325642,-0.156043,0.082676,0.067376,-0.071927,0.061424,0.041131,-0.032115,0.103198,-0.068490
2.081692,0.011720,0.019313,0.004343,-0.004871,0.002934,0.043077,-0.003645,-0.032293,0.020816
2.556670,-0.027758,0.010699,0.037831,0.016572,0.042054,-0.002826,-0.016990,-0.017535,0.029590
2.180534,-0.010191,0.000061,0.073228,0.019686,0.096588,0.029621,-0.039701,-0.012994,0.013056
3.112354,-0.038589,-0.003607,0.122666,0.025850,0.059121,0.066579,-0.096278,-0.066968,0.067749
2.491407,-0.011073,-0.012012,0.042951,-0.042504,-0.066228,-0.043229,0.030983,-0.028421,0.104355
2.809167,-0.025241,0.033439,-0.089138,0.039259,0.049614,-0.039152,0.009300,-0.051482,-0.074140
2.461383,-0.063645,0.070508,-0.033261,-0.033537,-0.010347,0.054873,-0.003638,-0.001256,-0.060390
2.503309,0.014652,0.018863,-0.007783,0.025558,0.037047,0.073530,-0.029688,-0.078409,-0.036093
2.008270,-0.033841,0.051486,0.063434,0.019371,0.088815,0.097760,-0.021709,0.033499,-0.047741
2.208274,-0.015650,0.006815,0.018453,-0.007799,0.052466,0.005032,-0.025152,-0.023629,0.005535
2.753035,-0.072369,0.012404,0.054326,0.016848,0.112097,0.001305,-0.066841,-0.007334,-0.018379
2.328716,-0.076500,0.036958,0.018377,0.006027,0.142846,0.028564,-0.065330,0.016611,-0.089737
1.806287,-0.021683,-0.000687,0.079249,-0.018126,0.098181,0.010225,-0.039236,0.016458,0.023262
3.040661,-0.021147,-0.016995,0.068556,0.041568,0.094595,0.028526,-0.083822,-0.084444,0.014900
2.497711,-0.037043,-0.006015,0.084707,-0.034274,-0.012119,-0.019341,-0.005306,-0.005987,0.091403
2.373717,-0.039891,0.020758,0.036660,0.028110,0.107692,0.014494,-0.043292,-0.000240,-0.019186
2.616022,-0.031181,0.025700,-0.023554,0.028246,0.050056,0.002107,-0.000853,-0.022053,-0.046736
1.524351,0.008337,-0.005001,0.054090,0.001285,0.107205,-0.008690,-0.008453,0.022675,0.015508
2.024945,0.057536,-0.039350,0.039123,-0.000471,-0.001700,-0.031111,0.015749,-0.061019,0.102385
2.130523,-0.111364,0.071518,0.085697,-0.041419,0.032210,0.038993,-0.011020,0.103489,0.014388
1.831917,0.006071,-0.022477,0.028859,0.016099,0.088451,-0.069163,0.027544,0.019212,0.018374
2.328739,-0.005972,-0.008540,0.015411,0.003185,0.026260,-0.034202,0.015743,-0.019625,0.024321
2.720850,-0.053675,0.041475,0.022649,-0.055414,-0.111078,0.008392,0.031115,-0.005467,0.077665
2.567033,0.014991,-0.026976,0.105162,-0.028145,-0.056178,0.022825,-0.023181,-0.068863,0.155052
1.932286,0.026947,-0.015961,0.019733,0.007724,0.047253,-0.020383,0.007485,-0.025959,0.035592
1.995480,-0.021045,0.076530,-0.021792,0.016288,0.026640,0.087500,-0.002106,0.016784,-0.038282
2.863253,0.012329,0.025067,-0.039324,0.057097,-0.009923,0.021763,0.005695,-0.073259,0.013939
2.274720,-0.020609,0.026253,0.014381,-0.005060,0.012941,0.015871,-0.004973,-0.009575,0.024128
3.235278,0.017320,0.013418,-0.063226,0.096306,0.003235,0.004069,0.014030,-0.094396,-0.010376
2.816799,-0.077224,0.008500,0.094339,-0.024711,-0.001811,-0.005694,-0.012651,0.016515,0.062625
2.028115,0.080045,-0.076387,0.058637,0.015231,0.059458,-0.041363,-0.032549,-0.101853,0.112335
3.347475,-0.047805,-0.001730,0.096494,-0.001864,-0.006012,0.047624,-0.069951,-0.079304,0.073828
3.235919,-0.005775,-0.022418,0.072861,0.058059,0.095301,0.050230,-0.097184,-0.117412,0.015492
2.723238,0.040302,-0.027878,0.078800,0.037879,-0.002306,0.031376,-0.016723,-0.089058,0.100335
2.970913,-0.051309,0.010689,0.107713,0.026483,0.062575,0.057595,-0.073732,-0.032854,0.044895
2.507743,-0.050087,0.036812,-0.005948,0.018938,0.075600,0.021596,-0.020242,-0.002653,-0.062839
3.481360,0.069692,-0.078017,0.008717,0.060234,0.002995,-0.019592,-0.051660,-0.210187,0.079677
2.250740,0.009423,-0.000882,0.009720,0.032217,0.071695,0.003087,-0.022786,-0.038289,0.009813
2.594525,-0.017928,-0.020891,0.031274,-0.038510,-0.045498,-0.066138,0.017481,-0.036828,0.096828
2.915384,0.004883,-0.012289,0.070877,0.047388,0.025743,0.023311,-0.021555,-0.066075,0.061412
2.552566,0.013556,-0.012149,0.036607,0.034649,0.043917,0.011773,-0.018135,-0.058865,0.032038
2.272645,-0.021243,0.034287,0.058735,0.019129,0.024454,0.042870,-0.006811,0.012164,0.048390
3.084266,-0.032064,0.013711,0.050328,-0.045523,-0.081432,0.056649,-0.046102,-0.089657,0.086130
2.017710,-0.017659,0.011522,0.048269,-0.002957,0.057315,0.000537,-0.003294,0.013627,0.021618
2.696205,-0.073371,-0.011603,0.142531,-0.048900,0.064453,0.031244,-0.096643,-0.024734,0.059843
2.108529,0.025030,-0.003380,0.005899,0.026271,0.077785,0.023569,-0.017869,-0.049783,-0.020853
2.094059,-0.020685,0.029614,0.008115,0.011267,0.054411,0.020997,0.012148,0.014343,-0.033682
2.718124,-0.125016,0.134628,-0.093944,0.039612,0.109147,0.101974,-0.031507,0.047037,-0.224931
2.272064,-0.051797,0.017389,0.039412,-0.032662,0.031522,-0.010125,-0.011357,0.013794,0.015915
2.824641,-0.036345,0.002443,0.079524,0.002090,0.003610,0.004575,-0.019859,-0.026537,0.074022
2.917171,-0.005075,-0.061066,0.088956,0.025540,0.121833,-0.025515,-0.097591,-0.104115,0.046170
2.729790,-0.014676,0.033230,-0.063219,0.033041,0.082152,0.065456,-0.060192,-0.090238,-0.109984
2.812771,-0.017080,-0.002141,0.055229,0.022324,0.049341,0.030139,-0.052207,-0.063449,0.029550
2.925674,-0.025844,0.011545,0.025473,0.022578,0.036542,0.029235,-0.045499,-0.065570,0.009052
2.745122,-0.062287,0.027586,0.041704,-0.009069,0.012601,0.010610,-0.008413,-0.000603,0.007860
2.386412,-0.005820,0.060685,-0.079753,0.072385,0.123795,0.090309,-0.052280,-0.053849,-0.138024
2.348592,0.014871,0.002978,0.080329,-0.027987,-0.073336,0.042438,0.018746,-0.037755,0.113260
1.985498,0.030854,-0.020055,0.060768,-0.010642,0.020767,0.007444,-0.008329,-0.040496,0.076134
3.504054,0.078122,-0.098699,0.093189,0.061035,0.002428,0.006957,-0.057548,-0.206550,0.126265
2.157235,0.016398,0.003226,0.010722,-0.014245,-0.018035,-0.005387,0.026184,-0.033520,0.044804
2.005142,-0.020356,-0.013769,0.109456,-0.002447,0.112096,0.002737,-0.055672,0.004461,0.053249
2.176213,0.052531,-0.021512,0.019147,0.045649,0.029310,-0.019847,0.023317,-0.049162,0.061610
1.938228,0.022394,-0.053151,0.054430,-0.012689,0.035226,-0.092886,0.019444,-0.014188,0.102726
1.641392,-0.013412,0.017533,0.027281,-0.014911,0.077736,-0.002169,-0.005186,0.028211,0.001300
2.701650,-0.009133,-0.051634,0.102069,0.000557,0.083777,-0.012841,-0.064508,-0.073236,0.050005
2.468160,0.044689,-0.010130,0.048960,0.003309,-0.037886,0.056206,-0.027110,-0.096547,0.105936
2.382137,0.011000,0.011028,-0.010320,0.035886,0.053135,0.022398,-0.013556,-0.050204,-0.014184
1.840097,0.072348,-0.035277,0.048771,-0.015516,-0.004872,0.012562,0.001925,-0.076012,0.093234
2.550624,-0.126960,0.037281,0.083750,-0.065515,0.038996,-0.008436,-0.033087,0.060741,0.005257
2.415776,0.031996,-0.029330,0.036958,0.044763,0.042878,-0.023655,0.000438,-0.052910,0.063891
2.735981,-0.008410,0.007218,0.002004,0.031030,0.035758,0.012305,-0.018516,-0.058324,-0.001561
2.210579,-0.012062,0.000245,0.038531,0.004997,0.030846,-0.025612,0.014542,0.003933,0.043431
2.684057,-0.009998,-0.001710,0.024776,0.008879,0.014836,0.008826,-0.019048,-0.055774,0.029126
2.555341,-0.017981,-0.015052,0.068074,-0.006502,0.033799,-0.008499,-0.032895,-0.040465,0.062033
1.661119,0.012212,-0.012428,0.066986,-0.020281,0.056305,-0.005243,-0.003826,0.005135,0.053522
2.178479,0.022854,0.000126,0.024612,0.019658,0.019165,-0.001451,0.013834,-0.030402,0.049330
1.430600,-0.041013,0.059136,-0.004916,-0.016807,0.061744,0.003946,0.039284,0.092086,-0.042172
2.680155,-0.005425,0.029374,-0.014787,-0.001478,-0.049801,0.029736,0.005941,-0.057740,0.035078
4.125957,-0.154264,0.036791,0.006613,0.013035,0.107359,0.033083,-0.134551,-0.076182,-0.117606
1.774973,-0.005763,0.034548,0.060934,0.028202,0.141799,0.099721,-0.072642,-0.001192,-0.033765
2.568926,-0.036482,-0.001164,0.026254,0.018510,0.120247,0.006481,-0.053296,-0.037198,-0.056955
2.935143,-0.096359,0.015566,0.054887,0.001374,0.070804,-0.038567,-0.035697,0.016088,0.005457
1.860624,-0.019025,0.024365,0.004404,-0.002968,0.118953,0.041394,-0.036028,-0.005183,-0.083052
2.364499,-0.026842,-0.025058,0.114830,-0.010309,0.086365,0.021491,-0.062686,-0.024014,0.042605
2.927711,-0.092556,0.010020,0.102899,-0.029603,0.023010,-0.015649,-0.053683,0.005262,0.080723
2.958363,-0.012674,0.074543,-0.072904,0.049788,0.042840,0.138548,-0.043548,-0.099518,-0.143080
1.994807,-0.045340,0.023895,0.053306,-0.010326,0.130055,0.044433,-0.062305,0.009947,-0.050576
2.621776,0.003351,-0.001340,0.013078,0.033488,0.051217,0.013818,-0.028181,-0.064127,0.007884
3.374540,0.129928,-0.114099,-0.019451,0.114764,-0.022124,-0.101041,0.032348,-0.207776,0.127665
2.782300,0.000833,-0.016215,0.064986,-0.008650,-0.035090,-0.001618,-0.013185,-0.068771,0.106729
2.567229,0.073946,-0.023998,-0.011329,0.042273,-0.022370,0.014481,0.008149,-0.120353,0.062514
2.188188,0.038990,0.008502,-0.004474,-0.023598,-0.046991,0.036698,0.003691,-0.079002,0.053925
1.937506,-0.028496,0.065587,0.007234,-0.017793,0.024673,0.081808,-0.013707,0.013096,-0.026173
2.997932,-0.030622,-0.019196,0.062091,-0.004576,-0.014017,-0.037393,-0.013268,-0.050048,0.090044
2.643502,-0.004711,-0.023705,0.040317,-0.004553,-0.008813,-0.036221,-0.003783,-0.050305,0.083137
2.295166,-0.060616,0.044555,0.043116,-0.051220,0.005525,0.063592,-0.028476,0.005927,-0.008452
2.882403,-0.070896,0.014623,-0.033179,-0.018745,0.035376,-0.043555,-0.034755,-0.035505,-0.026739
2.735773,-0.037518,-0.038641,0.108979,-0.087908,-0.094970,-0.070187,0.013560,-0.031299,0.168611
1.698770,0.060717,-0.049662,0.041440,0.016527,0.111697,-0.015051,-0.022075,-0.057565,0.018744
2.792833,-0.069798,0.052599,-0.072000,0.024222,0.073348,-0.004059,-0.027262,-0.017916,-0.096709
2.033213,-0.023799,0.002988,0.035873,-0.014098,0.073110,-0.012434,-0.016743,0.003371,0.002404
2.010173,-0.022613,0.010134,0.093527,-0.029073,0.049907,0.056482,-0.038448,0.000623,0.032335
3.303045,0.056623,-0.008194,-0.025897,0.047508,-0.126813,0.010226,0.028477,-0.142906,0.123198
2.795834,-0.029786,0.006487,0.050245,0.003868,0.018094,0.019928,-0.031358,-0.045152,0.035579
2.106178,-0.018835,0.005609,-0.025066,-0.002599,0.102192,-0.021512,-0.023065,-0.023987,-0.064606
2.226054,0.011770,-0.001080,0.035176,-0.010558,-0.022302,0.001794,0.024986,-0.026085,0.061709
1.861032,0.054193,-0.031451,0.047756,0.019750,0.099769,0.040580,-0.046593,-0.071149,0.012575
2.444041,0.084892,-0.018587,-0.016706,0.059825,0.041178,0.070092,-0.036158,-0.142922,0.002666
2.065763,-0.085312,0.067805,-0.009649,-0.047150,-0.009310,-0.026094,0.026859,0.076689,0.011263
2.012779,0.054351,0.004595,-0.065676,0.022591,0.042515,0.005236,0.007261,-0.080061,-0.033411
2.082052,0.004264,0.053551,-0.057631,0.073510,0.151751,0.076652,-0.030508,-0.028999,-0.148015
2.278080,-0.015366,0.014134,0.036943,0.005765,0.034541,0.016197,-0.010583,-0.010367,0.027329
3.303237,0.072131,-0.036350,0.030069,0.080662,0.015732,0.077733,-0.059696,-0.190305,0.043978
2.127375,-0.049238,-0.010123,0.135328,-0.065299,-0.000344,-0.014563,-0.016160,0.031245,0.120751
1.975606,-0.021583,-0.012808,0.044820,-0.007056,0.116333,-0.013624,-0.024992,0.002012,-0.031919
2.949695,0.013151,-0.025747,-0.038832,0.083937,0.112055,-0.038183,-0.041931,-0.100557,-0.033174
2.854395,0.009465,-0.033945,0.028903,0.028564,0.042228,-0.028269,-0.034151,-0.091119,0.049159
2.100316,0.010779,0.013788,-0.005254,-0.044754,-0.069582,0.003195,0.030034,-0.032754,0.066185
3.085739,0.007895,0.050047,-0.165463,0.115704,0.093342,0.050887,-0.021387,-0.111961,-0.180480
2.043418,0.013032,-0.044994,0.040747,0.017894,0.128423,-0.048170,-0.033589,-0.035439,0.008357
1.974959,0.032216,-0.027229,-0.013150,0.015984,0.041961,-0.063804,0.035127,-0.025441,0.025157
2.518750,-0.012859,0.029170,-0.009646,-0.010574,0.023088,0.060144,-0.041175,-0.069730,-0.030280
2.149160,0.003620,-0.009111,-0.009008,0.041753,0.091453,-0.051845,0.013687,-0.007310,-0.012025
2.161480,0.099294,-0.008743,-0.025363,0.074019,0.011948,0.064791,0.024127,-0.099744,0.007934
1.988372,-0.049361,-0.035369,0.142734,-0.024085,0.119797,-0.041904,-0.021588,0.049684,0.037379
2.048664,0.046740,-0.018106,-0.011406,0.014574,0.055108,0.005135,-0.006582,-0.073045,-0.007905
1.726905,-0.003757,0.016470,0.038892,-0.000391,0.061821,0.000435,-0.001171,0.024014,0.035032
2.102575,0.021422,-0.026393,0.038362,0.009465,0.049527,-0.032747,-0.001549,-0.032931,0.055221
2.797517,0.014929,-0.005616,0.043566,0.024566,-0.038576,0.000124,0.002917,-0.065682,0.110356
2.236288,0.013257,-0.019625,-0.001064,0.018293,0.076885,-0.031488,-0.009897,-0.047583,-0.007596
2.836500,0.010057,-0.012130,0.032171,0.001081,0.015195,0.066944,-0.034046,-0.108180,-0.022964
2.904794,0.010985,-0.019659,0.047296,0.018390,-0.019560,0.000821,-0.018744,-0.084899,0.093487
2.599595,-0.055309,0.002800,0.058390,-0.023543,0.005568,-0.046938,0.002865,0.008555,0.063597
3.412921,-0.046280,0.055153,-0.162758,0.098776,0.139246,0.032751,-0.056234,-0.106303,-0.232275
2.143943,0.025983,-0.037242,-0.014311,0.006577,0.054228,-0.081491,0.006687,-0.051471,0.032860
2.338631,-0.013146,-0.015269,0.046862,-0.034473,0.026360,-0.011885,-0.026843,-0.044539,0.039931
2.341627,0.033757,-0.051913,0.068807,0.003499,0.011114,-0.060109,0.007447,-0.056282,0.118305
2.374985,-0.026245,0.044082,-0.005443,0.000130,0.043049,0.062644,-0.017347,-0.027562,-0.062567
2.621305,-0.001344,0.006236,0.021551,0.015347,0.025034,0.037596,-0.033710,-0.066038,0.018513
2.468926,-0.045053,0.036032,-0.017616,0.003033,0.063087,0.032678,-0.018017,-0.015518,-0.081226
1.541655,0.062371,-0.049781,0.062725,-0.014658,0.037972,-0.042292,0.014213,-0.030977,0.101184
2.550466,-0.021725,-0.014458,0.096511,0.030449,0.084245,-0.012451,-0.041044,-0.017817,0.067063
3.007695,-0.000065,-0.000982,0.017635,0.025451,0.031222,0.048999,-0.058078,-0.110210,0.003589
2.833100,-0.054528,-0.028841,0.126015,-0.047648,-0.026194,-0.035123,-0.010327,-0.013335,0.116144
1.824997,-0.060302,0.037995,0.060636,-0.027423,0.092073,0.025885,-0.023328,0.057555,-0.024704
2.718973,-0.012268,-0.011677,0.075816,0.009051,0.027302,0.021670,-0.040170,-0.054882,0.062281
2.437707,-0.019933,0.006956,0.059835,-0.028426,-0.020860,0.020175,-0.008627,-0.025573,0.066642
2.015863,-0.054107,0.039314,0.030769,0.007547,0.129227,0.040375,-0.055587,0.028149,-0.052721
2.426564,-0.050499,0.022192,0.027804,-0.015854,0.028018,-0.025186,-0.014269,0.005443,0.036149
2.226790,0.048144,0.006874,-0.054273,0.013288,0.017047,0.031071,-0.004627,-0.097020,-0.025449
2.532370,0.011182,-0.014365,0.059111,0.001179,0.002363,0.019179,-0.022743,-0.064042,0.073844
2.335027,0.003219,-0.003160,0.043700,-0.005767,-0.006844,0.001507,0.001037,-0.031840,0.071859
2.242692,0.003139,-0.034718,0.025716,-0.031060,0.017141,-0.055811,0.004798,-0.042327,0.045712
2.283787,-0.003168,0.007796,0.048584,0.012684,0.051572,0.040612,-0.035065,-0.032104,0.027256
2.242026,0.067712,-0.010724,-0.010812,0.011286,-0.035985,0.017394,0.014343,-0.096315,0.068881
2.259897,-0.033847,-0.017453,0.140340,-0.025211,0.075134,0.023192,-0.054090,-0.004539,0.061337
1.706858,0.046822,0.008152,0.030987,0.002965,0.005380,0.016835,0.031644,-0.016751,0.061165
2.657004,0.019051,-0.014757,0.066422,0.012314,0.058305,0.091299,-0.090773,-0.115693,0.020345
2.228678,-0.005079,0.009095,-0.009288,0.001741,0.051128,0.011099,-0.013949,-0.035478,-0.025137
2.567721,-0.042760,0.049935,-0.006741,-0.008152,-0.011746,0.036802,-0.002222,-0.013337,-0.005905
2.342900,0.105377,-0.073310,0.130265,0.104726,0.117109,0.034998,-0.056787,-0.115799,0.119449
2.136848,-0.056805,0.039008,-0.001341,-0.009361,0.057658,-0.013576,0.003580,0.038728,-0.029464
2.742424,-0.077809,0.048978,0.013582,-0.018560,0.034547,0.043907,-0.044311,-0.012094,-0.038546
2.517697,-0.009795,0.000281,0.036600,0.015352,0.048250,0.015178,-0.030105,-0.043809,0.020727
2.400784,0.104221,-0.011869,-0.022711,0.068444,-0.036897,0.052183,0.017121,-0.124223,0.074746
2.872578,-0.026252,0.044306,-0.041072,0.095591,0.092742,0.023865,-0.007007,-0.026630,-0.079297
3.093082,0.002776,-0.013825,0.002689,-0.008083,-0.085571,-0.024980,0.026124,-0.090713,0.075007
2.701867,0.031775,-0.001092,0.006117,0.025435,0.017340,0.066043,-0.045134,-0.116820,0.010601
2.952214,0.033403,-0.011886,0.019451,0.061936,0.039861,0.049991,-0.045136,-0.120206,0.019903
2.599319,0.079251,0.005680,-0.098563,0.126136,0.057118,0.013957,0.016399,-0.109436,-0.037654
1.921735,-0.030926,-0.036231,0.101274,-0.080285,-0.006135,-0.093159,0.016146,0.028108,0.132139
2.102234,-0.066177,0.024906,0.079123,-0.074647,-0.015861,-0.005875,-0.002500,0.042386,0.070490
1.791101,0.021265,-0.002678,0.066749,0.054320,0.176250,0.078288,-0.068854,-0.021677,-0.042800
2.202632,0.025438,-0.015213,0.028562,0.032511,0.087302,0.009419,-0.031591,-0.055836,0.011062
2.864074,0.049516,-0.031558,0.026139,0.086077,0.072218,0.013762,-0.040970,-0.117240,0.038586
1.764159,-0.010682,0.025352,-0.019406,0.000446,0.100479,0.015594,-0.005285,0.006150,-0.077859
2.380027,0.010325,-0.017547,-0.009017,0.006720,0.034565,-0.041220,0.005925,-0.053021,0.011162
1.096576,-0.010942,-0.010456,0.091467,-0.022424,0.150701,-0.024738,-0.016242,0.072137,0.016205
1.505258,0.077380,-0.003789,0.010998,0.050659,0.044992,0.031316,0.041882,-0.013039,0.028589
2.860620,0.023939,0.012887,0.035833,0.030360,-0.010969,0.103608,-0.061763,-0.114814,0.054940
1.647576,0.014496,0.038458,0.050442,-0.007700,-0.051863,0.021179,0.076801,0.053449,0.093760
2.307576,0.081994,-0.034520,0.012983,0.008252,0.009067,0.060998,-0.049543,-0.149443,0.050788
2.545108,0.005631,-0.012167,0.033544,0.026929,0.048642,0.004153,-0.022670,-0.055768,0.027337
1.755611,0.038042,0.001479,0.041311,0.017310,-0.003877,-0.004613,0.042008,0.009033,0.097601
2.931349,0.025069,-0.003907,0.005921,0.014507,-0.010490,0.069883,-0.044751,-0.132351,0.013415
2.426897,0.018365,-0.009312,-0.018701,-0.001257,-0.004740,-0.030452,0.007536,-0.067644,0.037770
2.439698,-0.084229,-0.006044,0.115482,-0.014302,0.090523,-0.064169,-0.036175,0.050951,0.072956
2.171007,-0.053040,-0.017592,0.022362,-0.013653,0.100874,-0.091416,-0.009434,0.026806,-0.002450
2.905316,-0.032767,0.015196,0.055352,0.013670,0.025492,0.041870,-0.038296,-0.050326,0.020372
2.308656,0.003627,0.008057,0.050521,0.004943,0.032345,0.051252,-0.032951,-0.043973,0.034092
2.557545,-0.007579,-0.007981,0.100640,-0.053828,-0.114248,-0.012485,0.016254,-0.031005,0.193485
2.329852,-0.024651,-0.002021,0.036291,0.016020,0.070282,-0.033228,-0.010925,-0.001173,0.024856
2.489596,-0.038744,0.023546,-0.028589,-0.020213,-0.034995,-0.066659,0.050188,0.005477,0.028910
2.209472,0.003422,-0.028122,0.058106,0.013227,0.040450,-0.041227,0.014774,-0.005457,0.063387
2.300157,0.049812,0.002118,-0.057761,0.025471,-0.046125,-0.029797,0.055682,-0.062152,0.048245
2.441992,-0.002032,-0.014154,0.037634,-0.011501,-0.004374,-0.029554,0.003157,-0.038603,0.071984
2.955384,-0.010632,-0.013226,0.079371,-0.023104,-0.040277,0.028798,-0.052445,-0.091183,0.116428
2.631741,0.027346,-0.026001,0.038409,0.006435,-0.025910,-0.007186,0.002756,-0.079410,0.086030
2.798000,-0.046345,0.027541,-0.025593,0.014487,0.067038,0.021759,-0.041124,-0.048305,-0.071057
2.168684,0.016932,0.018021,-0.003145,-0.000181,-0.023278,0.020491,0.035195,-0.026960,0.022230
3.411697,0.057216,-0.015547,-0.095336,0.082279,-0.015223,0.003137,-0.001208,-0.179504,-0.021790
2.335547,0.067756,-0.024918,-0.019843,0.038733,0.049889,0.025311,-0.034803,-0.123373,0.011847
2.139306,0.044516,-0.013464,0.037520,0.052476,0.120856,0.070734,-0.048312,-0.074847,-0.037563
1.912543,0.003990,-0.002106,0.020425,0.028943,0.143391,0.014331,-0.040043,-0.018926,-0.048292
2.468987,0.069524,-0.085539,0.085943,0.028909,0.056452,-0.033466,-0.031098,-0.116337,0.103417
2.321772,0.134780,-0.082095,-0.005267,0.081511,0.041179,-0.034853,0.005136,-0.155494,0.082628
2.834150,0.081233,-0.081495,0.088775,-0.010792,-0.067200,0.020839,-0.033049,-0.170734,0.161863
2.554674,0.016245,-0.008601,0.034884,0.041718,0.066879,0.044118,-0.043778,-0.073295,0.008180
1.326697,-0.096045,0.069294,0.096846,-0.042264,0.077285,0.002570,0.012972,0.166271,0.031418
2.586272,-0.025655,0.007034,0.056580,-0.001385,0.016372,0.017650,-0.017514,-0.026595,0.040279
2.326682,0.016376,-0.011585,0.081990,0.006094,-0.005843,0.011483,-0.003135,-0.033520,0.110410
3.356050,-0.117674,0.060185,0.004749,-0.000334,0.079934,0.062976,-0.091334,-0.038813,-0.102546
2.634898,-0.007491,-0.023220,0.056080,0.001861,0.028619,-0.015492,-0.022740,-0.053712,0.054605
2.937887,0.080564,-0.040832,0.029980,0.041928,-0.064048,0.016783,-0.008141,-0.152860,0.139417
2.015465,0.045850,-0.044337,0.062368,-0.027954,0.015009,-0.010973,-0.024308,-0.075722,0.098538
1.795050,-0.000444,-0.026481,0.071925,-0.005935,0.078915,-0.053084,0.004102,0.019773,0.059698
2.933459,-0.012102,-0.003278,0.068616,-0.044405,-0.128922,-0.029422,-0.000980,-0.065550,0.205946
2.476412,0.021432,-0.003464,0.012266,0.017797,-0.001582,0.009553,0.004449,-0.061180,0.042011
2.088005,-0.062004,0.034908,0.075900,-0.069383,-0.059741,-0.016701,0.042228,0.065169,0.093466
2.885607,0.007791,-0.024632,0.059642,0.018247,0.009675,0.004208,-0.036376,-0.088314,0.081146
2.206235,-0.005232,-0.026553,0.043463,-0.026906,-0.036814,-0.094218,0.065221,0.011624,0.105072
2.578527,-0.028328,0.001944,0.061450,-0.006359,0.014246,0.007145,-0.017445,-0.023222,0.050897
2.309170,0.017505,-0.003630,0.020472,0.022275,0.042598,0.010613,-0.014680,-0.050399,0.027540
1.875828,0.001769,0.022807,0.005876,-0.024084,0.024368,0.031253,-0.000795,-0.014885,-0.003836
2.778960,-0.081769,0.038813,0.093924,-0.041771,-0.027416,0.039900,-0.034723,0.008545,0.076269
2.253803,-0.009185,0.015812,0.014354,0.004680,0.034421,0.017040,-0.007544,-0.020698,0.006463
3.502867,0.069875,-0.023602,-0.000162,0.014157,-0.173624,0.029541,0.013757,-0.191904,0.157224
1.522624,-0.018382,0.001942,0.048743,-0.023818,0.081052,-0.025574,0.020180,0.055112,-0.000392
2.479429,-0.062225,0.028238,0.072407,-0.016353,0.031905,0.023711,-0.021367,0.018667,0.024242
2.547552,0.026565,-0.016260,0.060938,0.047826,0.064398,0.043891,-0.040953,-0.074457,0.036205
2.504135,-0.092787,0.046822,0.018414,-0.094764,-0.126715,-0.070783,0.060466,0.056363,0.107843
2.474020,-0.049112,0.043085,0.015580,0.017910,0.085875,0.062035,-0.050451,-0.011056,-0.056465
2.546545,0.055737,-0.061910,0.103028,0.009558,0.016144,-0.003383,-0.031931,-0.110373,0.124908
2.728349,-0.167305,0.044502,0.162087,-0.034607,0.102416,0.018625,-0.064891,0.106905,0.008219
2.945339,0.011966,-0.019666,0.023628,0.013565,-0.016146,-0.002902,-0.019377,-0.099432,0.065363
2.145992,0.003310,0.005586,-0.013357,0.023918,0.054264,-0.026743,0.011381,-0.014391,0.001561
2.462452,-0.264975,0.058817,0.117280,-0.159866,-0.003528,-0.138258,0.011362,0.222119,0.055657
2.493534,0.003191,-0.008616,-0.021500,-0.027832,0.038490,-0.002447,-0.057449,-0.105285,-0.004910
2.638354,-0.017812,-0.004732,0.038921,0.001439,0.012010,-0.003625,-0.029207,-0.044673,0.063667
2.670691,0.112516,-0.071365,0.052509,0.061390,-0.037779,-0.030533,0.009597,-0.145260,0.182331
2.398055,0.030742,-0.054139,0.108507,0.012019,0.011779,-0.030164,-0.001418,-0.047958,0.135455
3.135289,-0.078920,0.033198,0.052554,0.009944,0.044667,0.045511,-0.050693,-0.026112,-0.021396
2.029490,-0.016187,0.007006,0.138866,-0.098909,-0.179028,-0.003891,0.062775,0.039427,0.248154
2.651545,-0.034494,0.033269,0.027766,0.036332,0.024814,0.037206,-0.004153,-0.002485,0.008657
2.282669,-0.045670,0.023838,0.014620,-0.015287,0.049596,-0.005557,-0.014233,0.005519,-0.010745
2.435724,-0.051161,0.033315,0.003431,-0.013046,0.021743,-0.003408,0.004999,0.007909,-0.015562
2.487623,-0.134066,0.058101,0.089047,-0.104675,-0.051288,-0.001288,0.006937,0.082012,0.048663
1.519408,0.004891,-0.005999,0.178012,-0.001208,0.052422,0.044868,-0.007023,0.062691,0.138410
2.475168,-0.171802,0.081250,0.142048,-0.006551,0.216763,0.120771,-0.129241,0.099190,-0.126412
2.322534,-0.015960,0.002989,0.043628,-0.053254,-0.074790,-0.023701,0.024060,-0.014376,0.113223
2.885773,-0.004498,0.009622,0.049242,0.094944,0.121309,0.073152,-0.046333,-0.056479,-0.051180
2.670541,-0.014459,0.010757,0.069160,0.026436,0.021447,0.036686,-0.017361,-0.030587,0.049815
1.788426,0.006756,0.001203,0.030141,-0.025891,0.003882,-0.002040,0.034489,0.010779,0.031817
2.993671,-0.005583,-0.026531,0.133130,-0.000150,-0.026997,0.030392,-0.034645,-0.071046,0.135456
2.079369,0.009207,0.000036,0.018170,0.029788,0.093335,0.002349,-0.023978,-0.025837,0.000317
2.529104,0.011763,-0.044953,0.164336,-0.030878,-0.019743,0.039518,-0.026192,-0.058736,0.134667
2.071601,-0.016464,0.024942,0.026544,-0.021745,-0.007512,0.018720,0.016696,0.008423,0.032132
2.547728,0.022030,0.019784,0.016807,-0.037688,-0.102093,0.091226,-0.004966,-0.092019,0.063895
2.399170,0.000630,-0.012825,0.047630,-0.008093,-0.020915,-0.039074,0.025595,-0.022083,0.092084
2.521823,0.006966,-0.007378,0.043782,0.040807,0.081085,0.036245,-0.044811,-0.059833,0.005127
2.748718,-0.080766,0.060293,0.015400,-0.038475,-0.009413,0.073517,-0.038705,-0.012526,-0.029258
2.402348,-0.049712,0.049537,-0.034290,0.018414,0.063890,0.022169,-0.001018,0.009038,-0.082953
2.011407,-0.012220,0.006898,0.048085,-0.026831,0.029710,0.004106,-0.012329,-0.005646,0.043685
2.371189,0.000586,0.018774,-0.046773,0.004102,0.045073,0.016727,-0.020076,-0.065502,-0.050522
2.629012,0.023174,-0.011183,0.006273,0.076975,0.190104,0.075915,-0.111003,-0.122813,-0.103340
2.129938,-0.091524,0.059770,0.094824,-0.084217,-0.016443,0.050780,-0.024577,0.057106,0.051840
2.595835,-0.001477,0.003801,0.025452,0.006442,0.022911,0.041562,-0.032223,-0.067558,0.011076
1.407516,-0.020576,-0.012097,0.098100,-0.054587,0.066655,-0.033389,0.005675,0.059167,0.059817
2.502345,-0.004143,0.000854,0.034905,0.009727,0.029262,0.017442,-0.021632,-0.047020,0.029595
2.369501,-0.005425,0.002762,0.008375,0.000050,0.027851,-0.007726,-0.007893,-0.038286,0.017706
1.886573,0.069230,-0.017023,0.113264,0.052039,0.106673,0.135250,-0.071669,-0.072844,0.035381
2.934212,0.016436,0.002238,-0.027642,0.024481,-0.008526,0.028339,-0.019752,-0.112592,0.001870
2.877511,-0.030931,0.041188,-0.063380,0.039923,0.071883,0.049951,-0.048477,-0.073123,-0.100667
