2.998778,0.002580,0.021664,0.013400,0.010341,-0.001889,-0.020603,0.031324,0.009211,-0.004527,0.004160,-0.005265,0.009233,-0.044748,0.027072,0.014040
3.285692,-0.004826,0.012606,-0.003933,0.008622,-0.028637,0.037106,0.031378,0.041083,-0.063657,0.014677,-0.011985,-0.075563,-0.080753,0.004701,-0.032439
3.361013,0.003045,0.026072,-0.008247,0.007746,0.011923,-0.001288,0.014675,-0.013448,-0.021772,-0.013633,-0.056662,0.049448,-0.021761,0.004375,-0.035248
2.767468,0.006298,0.021338,0.011877,0.016084,0.009395,-0.002623,0.027473,-0.002662,0.040167,0.030192,0.005452,0.032934,0.009461,0.022821,0.036416
2.918976,0.002916,0.022211,0.044934,-0.010463,0.006093,-0.054446,0.026846,-0.005086,0.018895,0.027518,0.016919,0.044362,-0.038993,0.010961,0.024073
3.192156,0.002242,0.010526,-0.004616,-0.005310,-0.009452,-0.008959,0.027393,0.002184,0.015367,-0.011312,-0.009908,0.025971,-0.031714,0.041421,-0.002362
2.939054,0.000661,0.011593,-0.020362,0.000493,-0.030836,0.000948,0.039505,0.013481,0.048356,-0.004691,-0.010496,-0.018250,-0.033148,0.042901,0.022958
3.245809,0.001129,-0.016907,-0.070627,-0.035549,-0.013903,0.072745,0.043268,-0.002478,-0.017545,0.014537,-0.002732,0.060852,0.011368,0.002576,-0.044451
2.931282,0.003810,0.014726,0.000559,0.012908,-0.010615,0.003137,0.032469,0.009004,0.030487,0.012350,0.000972,0.011453,-0.013675,0.035340,0.022984
2.967976,0.005096,0.013592,0.014997,0.018474,-0.020746,-0.009060,0.027333,0.008175,0.071934,0.006557,0.006886,0.017776,-0.003248,0.058404,0.036047
2.737460,0.006992,0.024709,-0.056185,0.022994,0.032059,0.038210,0.087023,-0.010281,-0.206420,0.060549,-0.043851,0.166647,-0.016500,-0.131364,-0.051151
2.037113,0.013289,-0.002752,-0.060154,0.043134,-0.006314,0.035126,0.117067,0.026434,-0.058631,0.048614,0.063179,0.108931,0.011189,0.011019,0.080478
3.523422,-0.002274,0.004427,-0.026838,-0.025996,0.000774,0.024022,0.020000,0.006035,-0.053956,-0.017508,-0.023719,-0.000873,-0.057991,0.019358,-0.056261
3.023210,-0.006116,0.009557,-0.044432,-0.047320,-0.014467,-0.003075,0.033876,0.009388,0.010039,-0.019143,-0.019860,-0.069004,-0.080288,0.028199,-0.003596
2.296682,-0.002185,0.023109,-0.052970,-0.037368,0.040689,-0.001892,0.066235,0.006438,-0.100490,0.035090,0.005740,-0.032327,-0.081313,-0.043759,0.025193
3.624253,-0.001959,0.001957,-0.050668,-0.016508,-0.023482,0.045333,0.027961,0.002753,-0.039307,-0.020667,-0.052042,0.024424,-0.036686,0.003808,-0.072698
2.893617,0.006919,0.036923,0.024635,0.034212,0.025430,0.003955,0.008550,-0.011498,0.028424,0.035260,-0.028116,0.032573,0.022672,-0.000165,0.018111
3.117870,-0.007583,-0.040389,-0.128361,-0.080885,-0.014963,0.140287,0.048122,0.028018,-0.045248,0.016406,0.032420,-0.079288,-0.025197,0.022803,-0.049455
2.567257,0.006022,0.034015,-0.002282,0.067572,-0.003019,0.030279,0.074193,0.028440,-0.121404,0.069519,-0.014283,0.047155,-0.029776,-0.070989,0.009446
2.788875,0.007518,-0.003300,-0.013846,0.042604,-0.020085,0.058389,0.052681,0.036569,-0.005471,0.031561,0.042402,0.016732,0.012025,0.054277,0.035383
2.792984,0.005042,0.004350,0.010290,0.023587,-0.011500,0.013201,0.046929,0.032449,-0.004365,0.024664,0.048420,-0.002254,-0.027300,0.055345,0.041408
2.773175,0.008122,0.014875,0.019365,0.058852,-0.020603,0.026264,0.043293,0.029589,0.020444,0.038345,0.024846,0.017494,0.008924,0.040483,0.045308
2.672594,0.004824,0.039639,0.067264,0.027516,0.001172,-0.064452,0.011275,0.003768,0.098542,0.020732,0.007728,-0.021842,-0.022684,0.053597,0.076904
2.829114,0.003730,0.009301,-0.011675,0.021705,-0.045992,0.021378,0.020997,0.015120,0.164010,-0.002131,-0.001690,-0.048564,0.025577,0.095161,0.063961
3.209682,0.000780,0.006718,0.045203,-0.039074,0.003591,-0.022246,-0.018432,-0.011790,0.138415,0.013180,0.030050,-0.021460,0.004356,0.079251,0.025336
2.858296,0.002738,-0.018546,-0.096542,-0.008146,-0.001159,0.135010,0.060518,0.020124,-0.068965,0.050305,0.018473,0.020298,0.029080,-0.015161,-0.027184
3.250709,-0.000699,0.011019,-0.023733,-0.014252,-0.001998,0.038253,0.013415,-0.000332,0.011165,0.009739,-0.027481,-0.012126,-0.012167,0.010709,-0.027555
2.519631,0.007139,-0.002334,-0.019430,0.018129,-0.009024,0.053874,0.050832,0.020214,0.039066,0.054633,0.051334,0.017849,0.034511,0.036631,0.054934
2.799275,-0.003949,0.021905,-0.017793,-0.041067,0.020283,-0.024042,0.035748,0.003926,-0.039535,0.007714,-0.004794,-0.046640,-0.087248,-0.003173,0.007009
3.194661,0.004556,0.029581,0.058815,0.022775,-0.013450,-0.094179,0.037562,0.005000,-0.027223,-0.019913,-0.012841,0.081611,-0.079315,0.031717,0.011042
2.564145,0.014475,0.052653,0.048758,0.088187,0.008975,-0.035849,0.044578,-0.013864,0.011610,0.055289,-0.035899,0.137795,0.038565,-0.036646,0.049730
2.694675,0.004178,0.014006,0.005391,0.046258,-0.032979,0.000233,0.070285,0.044815,-0.043836,0.021657,0.026024,-0.000862,-0.058208,0.028795,0.041740
3.162838,0.000173,0.006071,-0.021708,0.026513,-0.014811,-0.032744,0.083831,0.064572,-0.194340,-0.067801,0.019478,-0.023682,-0.176928,0.075620,-0.004967
2.933301,-0.000577,0.011981,0.000566,-0.012361,-0.006281,-0.004844,0.029406,0.016087,0.014041,0.008494,0.012819,-0.037252,-0.050145,0.038924,0.019831
2.721825,0.003502,0.005371,0.006085,-0.018357,0.009199,0.005603,0.032218,0.000535,0.027910,0.046281,0.037993,0.028532,0.002459,0.016926,0.031576
2.314514,0.002519,0.005174,-0.024870,-0.011404,0.027199,0.063540,0.046618,0.017765,-0.020516,0.086350,0.057202,-0.031516,0.008083,-0.014539,0.043770
2.925971,0.005173,0.015446,0.004570,0.017452,-0.005504,0.004148,0.031755,0.005980,0.027821,0.017130,0.002776,0.027619,-0.004066,0.032075,0.023026
3.028663,0.005039,0.023090,0.021048,0.015267,0.000044,-0.005659,0.015150,-0.006610,0.053221,0.021628,-0.012642,0.034114,0.008201,0.021993,0.015599
2.289085,0.005450,0.026540,0.082601,0.039104,-0.023966,-0.109673,0.057168,0.046033,0.052595,0.006077,0.078219,-0.039787,-0.093023,0.105852,0.134554
3.299725,0.004445,-0.006215,-0.078250,0.023931,-0.036268,0.070840,0.061367,0.017854,-0.052189,-0.021638,-0.035846,0.065137,-0.006515,0.024548,-0.038919
3.427199,-0.000896,0.045216,0.090049,0.023142,-0.011330,-0.044679,-0.040761,0.001444,0.135051,-0.000568,-0.039097,-0.086778,-0.027668,0.064708,0.016583
2.725734,0.004349,0.020521,-0.051022,0.003085,0.014877,0.053176,0.031757,-0.017412,0.017589,0.039032,-0.042480,0.040487,0.042210,-0.030586,0.001981
3.008244,0.003138,0.028278,0.038916,-0.019706,0.030396,-0.071422,0.024040,-0.016836,-0.018623,0.009123,0.002302,0.061564,-0.057408,0.004631,0.008583
2.202929,0.003273,0.028459,0.104249,0.015053,-0.013262,-0.115503,0.034881,0.038686,0.118845,0.027343,0.100093,-0.089645,-0.083423,0.113715,0.153112
2.937522,0.002832,0.000652,-0.009303,0.021339,-0.029984,0.006780,0.061520,0.040242,-0.045355,-0.002010,0.028548,0.004644,-0.060421,0.053122,0.020831
3.501458,-0.001305,-0.031318,-0.032516,-0.042428,-0.044017,0.036188,0.023858,0.025917,0.071028,-0.036930,0.046800,-0.032914,-0.033113,0.127229,-0.006815
3.088851,0.003859,0.035436,0.067803,0.011973,-0.010822,-0.033349,-0.033216,-0.020886,0.219568,0.018580,-0.022866,-0.029719,0.044004,0.070046,0.051914
3.102794,0.001740,0.012224,-0.017991,-0.004240,-0.000681,-0.006789,0.041519,0.008754,-0.037500,-0.012237,-0.008035,0.019822,-0.056450,0.027474,-0.006176
2.425770,0.001511,0.033839,0.094674,0.013553,0.003659,-0.070249,0.012945,0.028369,0.093253,0.047339,0.066919,-0.098053,-0.057397,0.069441,0.108067
2.949241,0.006323,0.033902,-0.001248,0.056557,-0.015212,0.013652,0.029820,0.006065,0.032161,0.010017,-0.047925,0.019272,0.006313,0.014774,0.018330
3.439290,-0.000269,-0.015804,-0.085975,-0.024201,-0.028965,0.085365,0.034299,0.005968,0.007511,-0.019224,-0.027042,0.013539,0.002923,0.037518,-0.049852
2.573327,0.007913,0.027250,0.054767,0.055513,0.000063,-0.018871,0.035395,0.028266,0.022977,0.041434,0.039722,-0.004044,-0.015395,0.048213,0.074328
3.035165,0.001183,0.022249,0.027398,0.012702,-0.003782,-0.015522,0.023396,0.018324,0.000154,0.011105,0.004735,-0.026498,-0.052819,0.033981,0.015825
2.728019,0.005023,0.038847,0.043932,0.032725,0.016442,-0.063631,0.048255,0.012867,-0.066998,0.018197,0.002740,0.036281,-0.076112,-0.001100,0.034153
3.083335,-0.002215,0.010337,-0.053024,-0.009415,-0.035314,0.082923,0.025918,-0.003922,0.046933,0.050216,-0.055334,-0.003401,0.033109,-0.048472,-0.035281
2.996907,-0.002141,0.010363,-0.003786,-0.009689,-0.029872,-0.004513,0.037422,0.022947,0.021250,0.005478,0.005767,-0.044879,-0.061596,0.034836,0.014627
1.386151,0.011788,0.042502,0.118623,-0.010408,0.073383,-0.137592,0.040558,-0.017832,0.107048,0.115463,0.132355,0.046334,0.000615,0.019580,0.192512
2.440062,0.007746,0.003910,-0.025057,0.009455,0.007542,-0.005474,0.079557,0.015618,-0.055679,0.024453,0.044961,0.074907,-0.027519,0.020681,0.050256
2.605437,0.005951,0.042417,0.064466,0.031187,0.020942,-0.066844,0.026193,0.004840,0.018763,0.030140,0.013051,0.009154,-0.041307,0.022835,0.064638
2.863734,0.001212,-0.000260,-0.028921,-0.035926,-0.018020,-0.007426,0.038212,-0.002867,0.084150,-0.001791,0.017032,0.005663,-0.017381,0.055146,0.032837
3.383741,-0.007351,0.043703,0.030572,-0.026494,0.020995,-0.024392,-0.035662,-0.006676,0.051684,-0.013471,-0.063408,-0.128151,-0.069073,0.025352,-0.020353
2.996819,0.001669,0.029621,0.052425,0.057286,-0.025603,0.013882,0.022135,0.039453,-0.006811,0.045110,-0.000776,-0.048624,-0.034884,0.011893,0.018022
1.617476,0.007273,0.071545,0.081827,0.032592,0.064991,-0.090156,0.029849,-0.008581,0.056103,0.096332,0.029430,-0.035293,-0.019087,-0.028854,0.144163
1.692718,0.010858,0.064217,0.037241,0.113476,-0.002955,0.005021,0.050504,0.024131,0.076867,0.096857,-0.012950,-0.038410,0.043882,-0.021817,0.137281
3.298728,-0.001245,0.002284,-0.031942,-0.010116,-0.016694,0.041230,0.024363,0.017456,0.001870,-0.009206,-0.010285,-0.037060,-0.036902,0.043498,-0.021561
1.992639,0.008709,0.049969,0.081236,0.069843,0.028162,-0.081910,0.064309,0.039464,-0.054780,0.055059,0.061606,-0.018103,-0.080991,0.021735,0.121895
2.928721,0.000450,0.017143,-0.031345,-0.001360,-0.017059,-0.003286,0.046610,0.008501,-0.001813,-0.007565,-0.025967,-0.000961,-0.048152,0.016829,0.007909
2.778110,0.003013,-0.025176,-0.040199,-0.031486,-0.010993,-0.000662,0.080351,0.034538,-0.060374,-0.012560,0.085357,0.031039,-0.073086,0.082188,0.033407
3.743825,0.000821,0.012372,-0.031462,0.020529,-0.011314,0.059986,0.008817,0.009897,-0.034380,-0.027378,-0.060249,-0.003361,-0.023496,0.029253,-0.069195
1.483798,0.014910,0.052398,0.026941,0.045316,0.065889,-0.078871,0.072728,-0.011885,0.005750,0.065059,0.040405,0.077161,0.003470,-0.005858,0.150820
3.254526,0.006838,0.013202,-0.083978,0.047225,-0.028283,0.080399,0.055531,-0.002045,-0.038446,-0.006893,-0.084699,0.095579,0.030280,-0.021607,-0.048241
2.685617,0.003847,0.074539,0.118762,0.031597,0.068561,-0.063167,-0.027614,-0.020986,0.032237,0.084848,-0.020646,-0.028174,-0.012517,-0.046818,0.040947
3.210438,0.007094,0.009296,0.052236,0.048845,-0.044605,-0.012173,0.033220,0.024583,0.038762,0.017280,0.020497,0.059942,-0.006957,0.055595,0.020808
2.619317,0.005686,0.023284,0.074070,0.016896,-0.001768,-0.048774,0.015176,0.010180,0.103894,0.042586,0.050698,-0.007989,-0.005336,0.063166,0.084333
2.920674,0.002936,0.016881,0.013205,-0.003389,0.005355,-0.011564,0.023580,0.001739,0.030548,0.017792,0.009680,0.007182,-0.020631,0.031357,0.023413
3.212324,-0.002088,0.036143,-0.032441,-0.010688,0.024620,-0.014803,0.031022,-0.007834,-0.097000,-0.020901,-0.073667,0.003283,-0.086077,-0.032357,-0.046375
3.009689,0.007448,0.030851,0.016760,0.030095,-0.002612,-0.024500,0.028597,-0.015443,0.030779,0.013564,-0.037467,0.090047,0.008727,0.000681,0.010747
3.834260,-0.005516,0.008160,-0.051113,-0.037788,-0.024303,0.012905,0.010964,-0.006934,-0.009231,-0.059908,-0.080320,-0.007655,-0.066340,0.026320,-0.081574
2.821441,0.005023,0.025110,0.033751,0.008074,0.006363,-0.011957,0.018319,-0.009455,0.059519,0.050565,0.005524,0.036847,0.014036,0.000475,0.029944
2.929088,0.000959,0.000833,-0.038037,-0.006607,-0.016209,0.038927,0.049725,0.018270,-0.014610,0.018519,0.010432,-0.002486,-0.027347,0.016995,0.001894
2.314864,0.005507,0.018766,-0.035114,0.024594,0.006860,0.031402,0.063700,0.017391,-0.014968,0.044747,0.014687,-0.001552,-0.006115,0.000056,0.055581
2.634618,0.012080,-0.000280,-0.086696,0.013233,-0.015711,-0.004114,0.105939,-0.014604,-0.044947,-0.014473,-0.016171,0.199996,0.007154,0.000018,0.018897
2.590096,-0.002115,0.011997,-0.028806,-0.064528,0.000748,-0.034335,0.025399,-0.017383,0.125284,0.000923,0.006493,-0.042126,-0.026605,0.047015,0.056469
3.359922,-0.000385,-0.029341,-0.055920,-0.184815,0.119994,0.011863,-0.040045,-0.084563,0.078647,-0.011413,0.053336,0.063112,0.039388,0.069189,-0.039725
2.836880,0.003131,0.009207,-0.010208,-0.002213,-0.009751,-0.002390,0.034134,0.010276,0.058076,0.000266,0.017037,-0.014488,-0.021409,0.063519,0.041231
3.331221,-0.007662,0.002754,-0.057401,-0.063781,-0.025368,-0.003427,0.028620,-0.000680,0.009543,-0.040060,-0.043584,-0.038793,-0.079570,0.026011,-0.036761
2.256339,0.009471,0.059761,0.046969,0.050337,0.044095,-0.017244,0.008520,-0.022504,0.081220,0.079205,-0.025602,0.019037,0.053531,-0.030004,0.077798
3.084171,0.003944,0.020351,0.012307,0.030965,-0.042617,-0.032616,0.043813,0.013126,0.035555,-0.012571,-0.022548,0.038040,-0.038313,0.040334,0.020067
2.956672,-0.002624,0.005829,-0.020192,0.009061,-0.109248,-0.091775,0.100933,0.047856,0.009211,-0.069850,-0.009951,0.001217,-0.150601,0.076136,0.042624
2.610627,0.011081,0.050272,0.058717,0.030754,0.099283,-0.009412,0.010241,-0.030960,-0.091373,0.095313,-0.001170,0.111735,0.030365,-0.080425,0.008223
2.830268,0.001427,0.012344,-0.010586,-0.011440,0.005549,0.013387,0.038347,0.005229,-0.013776,0.035721,0.009752,0.010718,-0.023855,-0.004462,0.008496
3.275812,-0.000914,0.010137,0.014656,-0.004318,-0.022043,0.000303,0.027803,0.015844,-0.016668,0.014863,-0.002303,0.005314,-0.049944,0.011290,-0.020097
2.792068,-0.001444,0.002541,-0.071468,-0.036717,-0.018505,0.006732,0.073100,0.003192,-0.043560,0.001655,-0.015325,0.034370,-0.056716,-0.016878,-0.006013
3.519793,0.002855,0.065320,0.072719,0.034138,0.049140,-0.069886,-0.039491,-0.018977,0.025476,-0.039935,-0.079272,-0.037613,-0.057837,0.047962,-0.010238
3.086050,0.006609,0.015194,0.047581,0.012009,-0.008849,-0.000996,-0.008555,-0.011573,0.150720,0.032411,0.011703,0.027334,0.053755,0.061176,0.036807
3.582210,-0.003452,0.005024,-0.017286,-0.023042,0.037814,0.050109,0.035958,0.020190,-0.243650,0.026476,-0.005289,0.028991,-0.097885,-0.062605,-0.109692
2.566605,0.006437,0.006482,0.000502,0.019980,-0.014203,0.017049,0.053592,0.018034,0.029959,0.048079,0.041586,0.030138,0.007773,0.026341,0.053610
3.212569,-0.000208,0.003996,-0.037770,0.001335,-0.006354,0.087294,0.021056,0.013301,-0.024298,0.033995,-0.020014,-0.016272,0.007408,-0.007835,-0.038723
2.725329,0.006908,0.032926,0.043591,0.038459,0.022487,-0.002259,0.006285,0.005513,0.056643,0.037605,0.009338,-0.016198,0.013929,0.041064,0.054274
1.990649,0.005653,0.001219,0.001931,0.013760,0.002343,0.016931,0.078903,0.043817,-0.018527,0.078336,0.105534,-0.022448,-0.025018,0.029321,0.101571
2.994367,0.002496,0.026486,0.040981,0.016824,0.005580,-0.017566,0.013424,0.011069,0.014921,0.021970,0.003082,-0.014796,-0.032278,0.029148,0.021067
3.345231,0.009361,0.027800,0.031409,0.074094,-0.006335,0.015938,0.020333,0.010878,-0.023758,0.007584,-0.033400,0.071679,0.007423,0.023725,-0.013748
3.242409,-0.001823,-0.011520,-0.084017,-0.026808,-0.021112,0.053964,0.065995,0.019820,-0.097493,-0.015495,-0.012352,0.022772,-0.062505,0.004472,-0.050136
3.046322,0.007593,0.000167,-0.002766,0.039313,-0.050897,0.016528,0.038351,0.020640,0.098692,-0.008649,0.011855,0.031889,0.019631,0.093897,0.042085
3.065604,0.012807,0.030677,-0.007233,0.126926,-0.046079,0.028768,0.077226,0.033856,-0.083428,0.003258,-0.053519,0.113179,-0.005669,-0.002575,-0.001231
3.712598,-0.002116,-0.011781,-0.007331,-0.108760,0.021915,-0.041153,-0.008686,-0.046004,0.049813,-0.034279,-0.000278,0.085051,-0.027545,0.048972,-0.055502
3.011610,0.005187,0.014366,0.032874,0.066099,-0.044566,0.007403,0.038294,0.050444,0.032566,0.001735,0.025301,-0.042933,-0.038414,0.088812,0.047065
4.163778,0.000283,0.015835,0.016068,0.001086,0.009371,0.074795,-0.051201,-0.022423,0.033584,0.007000,-0.076714,0.020554,0.045105,0.005674,-0.107402
3.384310,-0.000559,0.009112,0.000671,-0.010488,-0.023290,0.000499,0.023207,0.004318,0.001186,-0.001088,-0.022271,0.025189,-0.037113,0.015525,-0.030240
3.355628,0.000665,0.039190,0.070522,-0.006413,0.024643,-0.064296,-0.030579,-0.013557,0.087162,-0.016686,-0.021776,-0.043951,-0.043912,0.067839,0.013564
3.068868,-0.003180,-0.026036,-0.070837,-0.061813,-0.006081,0.084054,0.036390,0.016065,-0.002711,0.021020,0.041733,-0.037723,-0.015106,0.036143,-0.019854
3.069961,-0.009195,0.005877,-0.117760,-0.073290,-0.014052,0.024235,0.051157,-0.003138,-0.030147,-0.042106,-0.065005,-0.060997,-0.090840,-0.006399,-0.040567
2.704723,0.006603,0.004657,-0.006125,0.022795,-0.016711,0.038915,0.026720,0.015097,0.109455,0.027593,0.031017,-0.016868,0.039004,0.075739,0.062111
2.561960,0.001581,0.062353,-0.002064,0.029068,0.005963,-0.056979,0.030533,-0.011189,0.045203,-0.004940,-0.082231,-0.033774,-0.049879,-0.011311,0.048002
3.269197,-0.003337,-0.002819,-0.075932,-0.036587,-0.009943,0.065677,0.039044,0.004332,-0.045959,0.002260,-0.030562,-0.004825,-0.033145,-0.011574,-0.054677
3.520675,0.005610,0.002341,-0.030448,0.026150,-0.015369,0.012299,0.038605,0.017482,-0.040060,-0.060450,-0.020359,0.045864,-0.045717,0.085319,-0.024846
2.582361,0.005099,0.037796,0.125595,-0.007164,0.011763,-0.145624,0.007219,-0.009841,0.127026,0.029848,0.055518,0.022167,-0.045550,0.065315,0.104488
4.073641,-0.002579,0.010758,0.020044,0.025745,-0.054244,0.027343,-0.007029,0.028009,0.024987,-0.039950,-0.048624,-0.048506,-0.054516,0.069352,-0.065766
3.148281,0.003629,0.007853,0.021539,0.029529,-0.034378,0.001079,0.033124,0.028560,0.022264,0.002003,0.014169,0.004708,-0.030134,0.062319,0.017864
2.997587,0.004108,-0.013740,-0.170595,0.018813,-0.067828,0.077910,0.096811,0.021012,0.003523,-0.086360,-0.066682,0.031976,-0.016455,0.076006,-0.002945
2.664507,0.003157,0.024574,0.015772,0.025579,-0.024077,-0.008175,0.029582,0.015037,0.088328,0.024264,0.000313,-0.033257,-0.007785,0.042310,0.060507
3.487612,0.001029,0.002415,-0.021382,0.014530,-0.029490,0.032430,0.029003,0.023731,-0.019088,-0.026964,-0.019765,-0.002444,-0.041541,0.056007,-0.031088
3.208019,0.004021,0.026114,0.014429,-0.018971,0.037603,-0.058426,0.030331,-0.024554,-0.074215,-0.006031,-0.023175,0.108262,-0.057188,-0.014917,-0.027398
2.878884,0.000935,0.014479,-0.014311,-0.008661,0.000077,-0.000121,0.038807,0.008202,-0.008408,0.011794,0.000003,-0.003195,-0.041027,0.016017,0.012420
2.723211,0.003262,0.038580,0.058922,0.005476,0.018141,-0.066315,0.020949,-0.005311,0.025316,0.035411,0.005452,0.016205,-0.041413,0.002465,0.043925
2.682559,0.005328,0.003294,-0.017424,0.038580,-0.027010,0.036930,0.062898,0.040845,-0.010451,0.023812,0.035916,-0.009086,-0.021345,0.048406,0.044521
3.350375,0.008414,0.024280,-0.040413,0.103320,-0.036290,0.068611,0.067700,0.030103,-0.143766,-0.002085,-0.083260,0.102590,-0.011544,-0.033973,-0.057424
2.794893,0.003885,0.045200,0.086663,0.005068,0.005911,-0.104915,0.004333,-0.016443,0.112303,0.020282,-0.001358,0.014755,-0.032849,0.033371,0.064942
3.726230,-0.002538,-0.012483,-0.013419,-0.001583,-0.047446,0.044022,0.018356,0.039130,-0.005208,-0.034836,0.002036,-0.045380,-0.056940,0.088046,-0.041942
2.887753,-0.001323,0.001887,-0.020872,-0.008102,-0.026654,0.016622,0.043329,0.032545,0.017204,0.001872,0.024391,-0.063475,-0.056346,0.058019,0.027230
3.841555,-0.006936,0.025192,-0.043805,-0.036548,-0.014164,0.011874,-0.007331,-0.022993,0.007202,-0.046400,-0.120010,-0.016147,-0.050844,-0.011968,-0.093452
2.764155,0.008453,0.049709,0.055998,0.091427,0.020098,0.003072,0.025292,0.023510,-0.060201,0.048731,-0.020868,0.011196,-0.012836,-0.011558,0.028871
3.137175,0.001495,0.051027,0.107191,0.001984,0.029806,-0.104124,-0.032172,-0.012340,0.108191,-0.005699,-0.006820,-0.054908,-0.056511,0.071817,0.047378
2.525678,0.000519,0.015048,0.032653,-0.004462,-0.000075,-0.012127,0.036121,0.026125,0.019240,0.054947,0.055162,-0.050368,-0.042899,0.024650,0.059432
4.037600,-0.001174,-0.024613,-0.012549,-0.011870,-0.027112,0.036494,0.047499,0.042067,-0.172612,-0.030624,0.026855,0.054991,-0.105559,0.041079,-0.101826
3.279910,0.006765,0.016131,0.006633,0.052674,-0.030335,0.019730,0.037555,0.014687,-0.009986,0.006281,-0.026258,0.067661,-0.002491,0.020511,-0.012658
2.776665,0.013133,0.000491,-0.028467,0.080599,-0.041990,0.071335,0.075336,0.025500,-0.014734,0.043388,0.006723,0.123059,0.059492,0.011093,0.023065
2.141388,0.013721,0.006992,-0.104135,0.073140,-0.002835,0.055078,0.116318,0.036879,-0.074260,-0.011361,0.016835,0.050470,-0.009270,0.054840,0.078084
2.579424,0.006809,0.036283,0.021225,0.017301,0.030691,-0.044370,0.045704,-0.010280,-0.040093,0.036701,-0.006593,0.078119,-0.025759,-0.026482,0.033406
3.786357,0.002178,0.017787,-0.068403,0.063653,-0.080326,0.050854,0.045738,0.017410,-0.008976,-0.065635,-0.123927,0.040485,-0.026474,0.024169,-0.069132
3.491800,0.003033,-0.001965,0.019199,0.013466,-0.034233,0.043143,-0.007143,0.014924,0.116073,0.001364,0.010359,-0.024396,0.025268,0.094646,0.000555
3.223130,0.005117,0.032690,0.050697,0.034808,-0.027916,-0.040310,0.004882,-0.005969,0.109121,-0.000098,-0.035122,0.030911,0.000803,0.045480,0.022627
3.617700,-0.003487,-0.003178,-0.056139,-0.024763,-0.036321,0.029391,0.035823,0.012205,-0.028895,-0.042307,-0.040829,-0.001215,-0.065317,0.033430,-0.060493
3.585986,-0.002354,0.015932,-0.048598,0.013607,-0.024653,0.044240,0.048972,0.015579,-0.142015,-0.009168,-0.077375,0.040058,-0.071050,-0.051898,-0.094153
2.496406,0.002390,0.081880,-0.072409,0.073341,-0.015443,0.013916,0.026342,-0.023481,0.101388,-0.014859,-0.187572,-0.059213,0.017853,-0.045799,0.034808
2.885888,-0.005775,0.004940,-0.039664,-0.055275,0.000639,0.056793,0.009331,0.000013,0.063213,0.042121,-0.001951,-0.088440,-0.005880,0.000760,-0.001618
2.629611,0.005940,0.040902,0.047880,0.019461,-0.000934,-0.061435,0.007821,-0.014752,0.155707,0.016318,-0.010854,-0.004429,0.008843,0.052943,0.082406
2.880282,0.005664,0.002989,-0.051303,0.020893,-0.025700,0.032546,0.068867,0.013540,-0.028488,0.004817,-0.009818,0.068031,-0.009194,0.013430,0.005446
3.204086,0.001250,0.016057,0.045306,0.011197,-0.014485,-0.027644,0.012936,0.023092,0.036336,-0.005112,0.019566,-0.037498,-0.056317,0.075038,0.022100
3.808568,-0.006305,0.001362,-0.065642,-0.036309,-0.040597,0.009528,0.030998,0.006141,-0.040400,-0.073646,-0.075375,-0.005018,-0.091745,0.033018,-0.081236
0.996640,0.009404,0.050410,0.027832,-0.044496,0.105034,-0.095857,0.066278,-0.047597,0.043849,0.137456,0.079623,0.069652,0.015445,-0.082251,0.164219
2.242171,0.007668,0.014708,-0.030641,0.039398,-0.023962,0.030374,0.065240,0.020365,0.075778,0.041831,0.022890,-0.004448,0.023495,0.035620,0.087751
2.833622,0.002045,0.010039,-0.030283,0.001236,-0.013176,0.003305,0.055359,0.015483,-0.018501,0.000842,0.000305,0.009503,-0.045283,0.024714,0.017600
2.807756,0.002163,0.034104,0.002494,0.003706,0.013022,-0.040089,0.042929,-0.004153,-0.040107,0.011043,-0.028523,0.033908,-0.057181,-0.018973,0.011012
3.094575,0.004855,0.026582,0.029384,0.015537,0.026082,0.008804,0.003758,-0.007421,0.006125,0.034517,-0.011572,0.028804,0.007781,0.004060,-0.002731
2.448351,0.003514,0.016191,0.007999,-0.014268,0.017696,0.011632,0.026939,-0.005072,0.062238,0.070618,0.032768,0.001211,0.022652,-0.001632,0.053599
2.971804,0.005767,-0.004238,0.042751,0.006991,-0.022647,-0.015535,0.034838,0.023791,0.056648,0.023595,0.073798,0.025692,-0.017205,0.082662,0.047472
3.373874,0.004478,0.021836,0.048962,-0.009085,-0.000977,-0.083657,0.020810,-0.019099,0.012157,-0.016553,-0.013817,0.108336,-0.047846,0.027693,-0.008907
3.467957,0.006374,0.037900,-0.013172,0.021914,0.077523,0.032970,0.014397,-0.026816,-0.184077,0.018024,-0.073210,0.116953,-0.016234,-0.077988,-0.093641
3.360053,0.004413,0.036733,0.009632,0.022440,-0.008662,-0.028228,0.007614,-0.022856,0.058267,-0.020496,-0.077178,0.056543,-0.004835,0.015548,-0.015124
2.916803,0.001636,0.012019,-0.001959,-0.000370,-0.004850,0.004101,0.033649,0.014108,0.005491,0.014275,0.010456,-0.009865,-0.033503,0.031468,0.018145
2.559829,0.006333,0.026317,0.045921,0.025776,0.011290,0.001061,0.018013,0.005846,0.073061,0.068569,0.033584,-0.005469,0.022874,0.019261,0.064013
2.825169,0.007999,0.049944,0.056124,0.045172,0.009719,-0.059435,0.013732,-0.016380,0.065384,0.020218,-0.037455,0.054221,0.001653,0.009443,0.044341
2.986970,0.006000,0.047356,0.088521,0.087102,-0.029013,-0.054564,0.006864,0.032718,0.082877,-0.006057,-0.015466,-0.053431,-0.039593,0.087314,0.068299
3.575315,0.004273,0.025698,0.042120,0.046514,-0.016837,-0.013580,0.010498,0.014411,-0.013091,-0.017284,-0.033484,0.029125,-0.039736,0.043766,-0.025139
1.532692,-0.004297,-0.015147,-0.077849,-0.076545,-0.013613,0.005772,0.096500,0.038350,0.065913,0.049143,0.114878,-0.130890,-0.067127,0.055776,0.139190
3.299976,0.002344,0.005036,-0.040926,0.003740,-0.039671,0.035673,0.028144,-0.002911,0.065682,-0.011963,-0.044611,0.035206,0.014071,0.032546,-0.017851
2.423133,0.008521,0.000133,-0.064668,0.068626,-0.061115,0.022265,0.117679,0.055651,-0.053071,-0.013561,0.018728,0.041528,-0.046065,0.057281,0.065810
3.607867,0.008242,0.008816,-0.060402,0.067080,-0.039712,0.059866,0.050355,0.012094,-0.058672,-0.046186,-0.080561,0.105896,0.004423,0.028860,-0.057717
2.807640,0.002944,0.009906,0.005353,0.003931,-0.022606,-0.000163,0.030646,0.012645,0.084363,0.017917,0.020278,-0.016588,-0.007367,0.056147,0.047411
3.083771,0.002240,0.001816,-0.041241,-0.011284,-0.039997,-0.012617,0.055552,0.002321,0.033955,-0.027703,-0.018056,0.052739,-0.034339,0.043504,0.005860
3.785027,-0.004015,0.004810,-0.043726,-0.023228,-0.029148,0.021535,0.014781,0.003590,-0.010725,-0.053795,-0.063835,-0.010205,-0.060302,0.039114,-0.070556
3.252065,-0.001571,0.014943,0.030431,-0.019950,0.000713,-0.017608,0.009006,0.007408,0.007398,0.011168,0.006533,-0.021710,-0.054195,0.028416,-0.008699
2.745816,0.002786,0.038038,0.013602,0.020681,-0.004889,-0.041525,0.031005,0.001479,0.042943,0.002959,-0.030146,-0.009936,-0.039261,0.021121,0.042822
2.760653,0.003012,0.020821,0.099155,-0.008169,0.002086,-0.052852,-0.014810,0.004066,0.171548,0.049903,0.067546,-0.054481,0.002052,0.085258,0.087243
2.504516,0.008327,0.015139,0.060732,0.018125,-0.003973,-0.029606,0.020621,0.006697,0.136079,0.052057,0.066201,0.010870,0.028415,0.073089,0.098373
2.796109,0.008354,-0.010185,-0.049949,-0.014655,-0.001723,0.018649,0.067023,-0.008907,-0.005680,0.014793,0.026324,0.129223,0.018968,0.020958,0.014604
3.347194,0.002584,-0.008283,0.012477,0.034124,-0.042535,0.034395,0.038801,0.052922,-0.030524,-0.005965,0.037626,-0.017328,-0.048427,0.084919,-0.001534
3.750108,-0.002191,-0.054281,-0.095658,-0.046955,-0.060212,0.085261,0.067792,0.041472,-0.069229,-0.047927,0.042459,0.027562,-0.062050,0.088528,-0.069623
3.139612,0.010240,0.032352,0.030982,0.076316,-0.036930,-0.048567,0.043031,0.010079,0.035682,-0.029315,-0.037724,0.084075,-0.021336,0.059474,0.031047
2.815735,-0.000319,0.074394,0.072132,-0.034348,0.080957,-0.055098,-0.057508,-0.073618,0.125251,0.075605,-0.079471,-0.011333,0.037649,-0.078237,0.009763
2.849103,0.003278,-0.011259,-0.047519,0.017436,-0.048125,0.046410,0.075871,0.039685,-0.021269,0.009030,0.028629,0.016274,-0.028290,0.043822,0.019536
3.611172,0.001045,0.004406,0.027786,-0.017947,-0.009078,0.032323,-0.020783,-0.013410,0.083822,0.025344,-0.012449,0.025651,0.033828,0.028929,-0.038829
3.736661,0.000050,-0.011506,-0.034069,-0.045371,-0.035939,0.026413,0.006580,-0.023425,0.087557,-0.022531,-0.036231,0.072979,0.020370,0.040890,-0.056775
3.138402,-0.000019,-0.004611,0.010699,0.008823,-0.041693,0.030342,0.035959,0.041403,0.015181,0.020847,0.040583,-0.040071,-0.040154,0.057309,0.010778
3.077813,0.004391,0.030678,0.070390,0.034173,-0.016633,-0.040899,-0.004209,0.009769,0.119355,0.005317,0.002094,-0.030546,-0.012054,0.080823,0.051165
3.227779,0.003281,0.010155,0.024457,0.005565,-0.011800,-0.000257,0.010471,0.006413,0.058170,0.006321,0.008478,0.007294,-0.008253,0.058234,0.009640
3.243649,-0.016141,0.017059,0.044488,-0.093194,-0.028336,-0.049452,-0.042621,0.012656,0.198301,-0.013667,0.008095,-0.248760,-0.100875,0.099034,0.031569
3.265636,-0.008223,-0.017720,-0.128442,-0.066831,-0.034828,0.017745,0.101476,0.029089,-0.171530,-0.061066,-0.020542,0.000678,-0.159092,-0.001025,-0.068021
3.272785,-0.000288,0.003012,-0.019210,-0.013315,-0.017107,0.020379,0.030028,0.010034,-0.009490,-0.001018,-0.009266,0.009364,-0.034913,0.024890,-0.023358
2.962586,0.007919,-0.002235,-0.074552,0.025048,-0.004837,0.080787,0.059737,0.006841,-0.043032,0.011635,-0.014172,0.079838,0.029704,0.009681,-0.013470
2.825001,0.003354,0.009617,-0.049839,0.013619,-0.008018,0.040336,0.059134,0.014723,-0.045261,0.014985,-0.011850,0.024278,-0.020952,-0.000144,0.002033
2.971683,0.003366,0.006583,-0.041034,0.001078,0.003383,0.036765,0.039409,0.007929,-0.012741,0.002579,-0.004134,0.010577,-0.013851,0.030145,0.001699
2.581648,0.003481,0.050574,0.053327,0.003965,0.048133,-0.047294,0.004175,-0.020176,0.032963,0.055629,-0.012799,-0.001116,-0.013151,-0.024765,0.043676
2.649851,0.001572,0.025946,0.014204,0.005475,0.002523,-0.019159,0.034824,0.011981,0.017807,0.028977,0.009088,-0.027252,-0.040640,0.016046,0.043702
2.969731,0.004079,0.046319,0.046859,0.015906,0.038242,-0.012286,-0.013671,-0.023671,0.047276,0.045930,-0.038722,0.010628,0.017807,-0.018462,0.008882
3.133503,-0.001417,0.016503,0.005841,0.005240,-0.017986,0.017066,0.017161,0.022416,0.029807,0.009684,-0.004026,-0.068552,-0.043996,0.039404,0.005285
2.548512,0.005210,0.016081,-0.040802,0.011056,-0.012478,-0.019937,0.081561,0.008176,-0.032765,0.003595,-0.003512,0.061622,-0.045118,0.003996,0.037559
3.093942,0.002700,0.028736,0.022375,0.029085,-0.016285,-0.026056,0.026631,0.012380,0.014354,-0.005558,-0.025274,0.000524,-0.045270,0.033400,0.013893
2.358484,0.009280,0.007963,-0.010365,0.029055,0.005055,0.025080,0.063698,0.016803,0.000397,0.055335,0.049684,0.049016,0.017987,0.019848,0.065207
4.216799,-0.001790,0.076089,0.186741,-0.009844,0.027770,-0.236445,-0.083407,-0.041511,0.115770,-0.104351,-0.083145,-0.010672,-0.139180,0.110616,-0.015357
1.831517,0.009415,0.027696,0.051094,-0.009174,0.032874,-0.072281,0.036794,-0.016856,0.141505,0.073863,0.076081,0.032064,0.029046,0.038413,0.145960
3.029438,-0.000195,0.032041,0.077630,0.008707,0.002541,-0.064641,-0.008461,0.022861,0.087708,-0.010628,0.026813,-0.110305,-0.076420,0.104748,0.060419
2.596356,0.006799,0.051908,0.014415,0.061613,-0.011781,-0.041169,0.044652,-0.000833,0.030803,0.013728,-0.058535,0.034658,-0.017074,-0.008993,0.050165
2.825868,0.000552,0.022046,-0.006130,0.003937,0.002243,-0.011508,0.044176,0.017301,-0.038859,0.008808,-0.002457,-0.020094,-0.066282,0.012373,0.016822
2.800652,0.004313,-0.002174,-0.045696,0.019294,-0.030948,0.058995,0.057200,0.023707,0.013558,0.023267,0.011064,0.013518,0.008142,0.030034,0.020880
2.963296,-0.001476,-0.000343,-0.022536,-0.005055,-0.029784,0.034831,0.032611,0.033734,0.040730,0.001766,0.021291,-0.080738,-0.039695,0.069553,0.024702
3.189679,-0.000233,0.058360,0.045842,0.048544,-0.019056,-0.030162,-0.010018,0.001049,0.079026,-0.000542,-0.089363,-0.062332,-0.031131,0.009798,0.008891
3.078269,0.003513,0.030815,0.038348,0.004433,0.007852,-0.008769,-0.019463,-0.018796,0.140870,0.021515,-0.021742,-0.018520,0.030584,0.044339,0.028221
3.174410,0.003396,-0.018299,-0.041740,0.028011,-0.047870,0.107170,0.056490,0.040604,-0.042319,0.041458,0.022013,0.030900,0.015899,0.013601,-0.026325
4.891070,-0.000655,-0.007086,-0.129980,0.066922,-0.105887,0.113284,0.075926,0.028828,-0.249647,-0.107697,-0.187074,0.165886,-0.075384,-0.047564,-0.232187
3.035560,0.000138,-0.009949,-0.068554,-0.011237,-0.018947,0.062637,0.060639,0.026421,-0.060827,0.002409,0.008356,-0.000132,-0.038924,0.021635,-0.018637
3.221996,0.005055,0.007738,0.035074,-0.004562,-0.022651,-0.046418,0.022089,-0.006511,0.075537,-0.005746,0.010759,0.075466,-0.011637,0.060833,0.018006
3.411147,0.002339,-0.008191,-0.020749,-0.008341,-0.002762,0.034986,0.017719,0.019612,0.008899,-0.029963,0.022951,-0.021224,-0.031407,0.099088,-0.010237
3.026819,0.003585,0.010861,-0.031846,-0.018364,0.024665,0.021333,0.033371,-0.014799,-0.036150,0.018524,-0.014218,0.065785,-0.004617,-0.012650,-0.020582
3.423006,0.002514,0.035802,0.014034,-0.009577,0.058456,-0.000654,-0.006246,-0.031504,-0.069450,0.017947,-0.055688,0.062556,-0.017747,-0.043462,-0.062130
3.082896,0.003821,0.036678,0.044086,0.008526,0.052386,-0.011750,0.001688,-0.012824,-0.056820,0.042297,-0.016987,0.038728,-0.018881,-0.028943,-0.017148
3.484358,-0.001604,0.030037,0.006306,0.047793,-0.017770,0.017729,0.023355,0.038514,-0.098082,-0.022127,-0.055797,-0.052502,-0.089788,0.017095,-0.043686
2.498243,0.002069,0.039026,0.030025,0.012015,0.019248,-0.024573,0.036229,0.002791,-0.021498,0.063864,-0.002973,0.002869,-0.032786,-0.042931,0.036424
2.930970,0.004643,0.000273,0.009091,0.015659,-0.053081,-0.039218,0.069595,0.026231,0.013337,-0.006149,0.030144,0.064207,-0.052436,0.056775,0.036849
3.025004,0.002294,-0.023479,-0.128188,0.003492,-0.036814,0.122888,0.069879,0.031700,-0.029224,-0.018364,-0.007365,-0.006718,0.004302,0.052442,-0.017162
2.597431,0.006890,0.020988,-0.009415,0.044784,-0.003005,0.018516,0.063063,0.021119,-0.048348,0.039467,0.006208,0.039567,-0.015516,-0.006276,0.032492
3.155654,0.004414,-0.004310,-0.016383,-0.028638,0.015071,0.003382,0.033840,-0.005742,-0.010761,-0.000277,0.028083,0.065570,-0.018938,0.042876,-0.006776
2.976928,0.001184,0.020481,0.030302,-0.003935,0.006431,-0.037330,0.023309,0.012337,0.007030,0.003022,0.017550,-0.021555,-0.062934,0.046685,0.026244
2.614215,0.006085,0.012120,0.022988,-0.009111,0.057380,-0.001393,0.011215,0.006128,0.020394,0.027168,0.065792,-0.027766,-0.008151,0.075628,0.062242
