3.389820,0.000577,-0.058206,0.026907,0.019892,-0.008675,0.020831,-0.039617,-0.012837,0.046549,0.006497,-0.025221,-0.038325,0.022679,-0.010266,-0.001575
3.968736,0.001351,-0.045120,-0.016339,0.007606,0.040606,-0.095661,0.026362,-0.065412,0.048146,0.001705,-0.135757,0.054253,-0.024045,0.058638,-0.045537
3.115398,0.000956,-0.069940,0.037030,0.034915,-0.013436,0.023667,-0.048281,0.002914,0.035503,0.039905,-0.088621,-0.049236,0.056032,0.050487,0.012586
3.815842,0.003814,-0.047287,0.052580,0.030152,0.015797,-0.074680,-0.058369,-0.066099,0.107419,-0.063767,0.038130,-0.059514,-0.068870,0.055227,0.001235
3.606246,0.003030,-0.052664,0.037824,0.005146,-0.019145,-0.016879,-0.025259,-0.055233,0.054363,-0.033619,-0.026020,-0.047572,0.011289,-0.003910,0.049704
2.980382,-0.002289,-0.032992,-0.017089,0.074633,0.041508,-0.017174,-0.000936,0.030869,-0.001769,0.041518,-0.044599,0.057160,0.009959,-0.014010,-0.015564
3.219329,-0.002056,-0.026338,-0.010651,0.029880,0.032176,-0.014410,0.018347,0.013242,0.005972,0.013188,-0.015723,0.052670,0.002371,-0.076716,0.017696
3.861922,0.002639,-0.054690,0.022997,-0.005415,0.003065,-0.051912,-0.006155,-0.062182,0.055480,-0.022713,-0.073333,-0.007211,-0.009348,0.020901,0.019838
3.372221,0.000189,-0.037838,0.010249,0.037236,0.014175,-0.014197,-0.019990,-0.017380,0.042952,-0.010116,0.002786,-0.006275,-0.005431,-0.024053,-0.003652
3.367753,0.003475,-0.056842,0.059438,0.059338,0.004902,-0.046914,-0.072555,-0.030115,0.077504,-0.027595,0.000543,-0.065085,-0.024617,0.082528,0.029023
3.195680,0.003915,-0.051644,0.090270,0.037910,0.002936,-0.054312,-0.070141,-0.024838,0.090975,-0.036126,0.023339,-0.094357,-0.026357,0.073723,0.089745
4.025950,-0.002229,-0.047635,-0.022258,-0.020740,0.011903,0.032436,-0.006488,-0.016481,0.041792,-0.008769,0.008329,0.034284,-0.015140,-0.122031,-0.081220
4.279956,0.006436,-0.104646,0.056434,0.031914,-0.034391,-0.036482,-0.100309,-0.084888,0.081583,-0.039723,-0.081748,-0.066003,-0.023483,0.130473,-0.017554
3.337130,-0.001885,-0.018686,-0.023168,0.051631,0.040179,-0.018209,-0.002400,0.005777,0.028413,-0.006279,0.014875,0.042167,-0.013146,-0.060322,-0.042841
3.559064,-0.004782,0.011577,-0.051104,0.013785,0.078881,-0.042834,0.052622,0.010242,0.027403,-0.023003,0.076829,0.107958,-0.065213,-0.170742,-0.053281
3.585173,0.001576,-0.059059,0.034789,-0.001789,-0.022384,0.013886,-0.024694,-0.044903,0.046600,-0.018715,0.005550,-0.041787,0.004416,-0.047973,0.037624
3.683584,-0.001301,-0.048801,-0.012969,0.001244,0.009757,0.007636,0.010107,-0.017995,0.014914,0.008958,-0.032206,0.042868,0.000266,-0.083150,-0.016361
3.798395,0.001804,-0.069806,0.033383,-0.003718,-0.028958,0.011438,-0.019697,-0.048834,0.021345,-0.026725,0.016403,-0.006993,-0.016423,-0.081996,0.069031
3.468638,0.007278,-0.026722,0.117959,0.029781,0.001763,-0.103993,-0.089690,-0.115089,0.191244,-0.123778,0.151151,-0.198147,-0.092804,0.105076,0.057461
5.030872,0.002303,-0.036198,0.058841,-0.187013,0.002018,-0.066218,0.050129,-0.154092,0.155850,-0.122748,0.109985,-0.051478,-0.126961,-0.184164,0.043054
3.137599,-0.000469,-0.046213,0.025425,0.028868,0.004204,0.015280,-0.026125,0.005117,0.035563,0.013568,-0.003781,-0.023678,0.017867,-0.031787,0.020351
4.107369,-0.002139,-0.028617,-0.044960,-0.026135,0.030084,-0.014486,0.040376,-0.042934,0.032861,-0.018503,-0.015449,0.074156,-0.027603,-0.127429,-0.072636
4.322251,0.001128,-0.050169,-0.001899,-0.029735,0.005245,-0.022781,-0.007398,-0.077619,0.076569,-0.046667,-0.001795,0.000798,-0.042345,-0.057923,-0.060978
5.076213,-0.003042,-0.008793,-0.099847,-0.083519,0.047055,-0.041725,0.096763,-0.112287,0.052751,-0.071993,0.030514,0.134880,-0.091645,-0.233067,-0.158165
3.107780,-0.002625,-0.025854,-0.049152,0.049463,0.038193,-0.026836,0.056628,0.013498,-0.041315,0.050700,-0.117940,0.111268,0.040403,-0.049718,0.007499
1.705128,-0.003964,-0.032074,0.012483,0.135340,-0.002485,0.126583,-0.084080,0.096456,0.020322,0.090098,0.034202,-0.097689,0.116949,0.004276,-0.057145
3.362556,-0.001671,-0.044615,-0.013565,0.024373,0.002948,0.033639,-0.004575,0.008666,0.003218,0.018698,-0.032893,0.029023,0.033950,-0.079907,-0.011683
3.978028,0.000783,-0.014342,-0.002960,-0.029966,0.032955,-0.069019,0.029655,-0.072838,0.083209,-0.057371,0.003731,0.007278,-0.042446,-0.058657,-0.020854
4.007070,-0.000524,-0.051237,-0.056593,0.087217,0.033093,-0.046565,-0.001819,-0.006657,-0.045078,-0.014560,-0.042259,0.158558,-0.048471,-0.061829,-0.029212
3.470611,-0.002075,0.008194,-0.040587,0.009908,0.027013,-0.002883,0.037787,-0.040823,0.046838,-0.044250,0.072608,0.018462,-0.007202,-0.149079,-0.049334
4.555167,0.006043,-0.035401,0.067816,-0.073071,0.019592,-0.163742,0.030629,-0.171684,0.136411,-0.121798,0.054743,-0.040831,-0.143202,-0.007079,0.088719
2.315962,-0.000775,-0.045833,0.009189,0.143801,0.008730,0.031973,-0.068187,0.068971,-0.013538,0.058558,-0.052264,-0.012193,0.075413,0.061386,0.008259
4.522074,0.002519,-0.039278,0.021763,-0.160843,-0.008988,-0.054642,0.078265,-0.138654,0.109514,-0.046464,-0.113020,-0.039968,0.006423,-0.066031,0.018209
2.682829,-0.000807,0.007354,0.011532,0.127997,0.061897,-0.064234,-0.033136,0.018670,0.046957,-0.040163,0.146253,0.005238,-0.067190,-0.028364,0.019408
4.772186,0.002641,-0.060890,0.032520,-0.030701,0.017207,-0.038767,-0.084216,-0.084191,0.162257,-0.088170,0.065654,-0.065907,-0.103321,0.009136,-0.141279
2.523150,-0.001835,-0.029303,-0.033465,0.132090,0.031448,-0.012442,0.003884,0.034205,-0.042676,0.060353,-0.072683,0.067350,0.047175,0.016342,0.004986
4.420211,-0.000210,-0.037184,-0.020613,-0.012644,0.029308,-0.042928,0.005552,-0.060955,0.054630,-0.062995,0.053345,0.062723,-0.088100,-0.115928,-0.055222
3.161642,0.002248,-0.043320,0.021401,0.085327,0.025334,-0.045825,-0.069110,-0.003989,0.074780,0.005883,-0.091820,-0.049743,0.028753,0.145596,-0.055599
3.537884,-0.004166,-0.040078,-0.067745,0.031675,0.025361,0.030218,0.036883,0.017341,-0.040240,0.044937,-0.068312,0.121661,0.025905,-0.124488,-0.062138
1.399082,-0.003946,0.034412,-0.020564,0.132862,0.038516,0.039866,0.001041,0.075600,0.017191,0.056244,0.010448,-0.058386,0.128353,-0.008875,-0.011437
2.799193,0.000328,-0.004210,-0.004450,0.095556,0.024698,-0.046337,0.011458,-0.013594,0.000953,-0.026431,0.046994,0.024867,-0.004613,-0.049136,0.071131
4.005007,0.004704,-0.115878,0.093943,-0.015622,-0.056323,0.034803,-0.113074,-0.050593,0.091965,-0.016011,-0.032825,-0.120151,-0.000030,0.062163,0.021593
3.126422,0.000122,-0.028241,0.018435,0.005901,-0.000112,0.007622,-0.001674,-0.014373,0.046267,-0.001877,-0.028424,-0.040531,0.047298,-0.037142,0.028041
2.977159,-0.001529,-0.011995,-0.000397,0.016207,0.005147,0.023264,0.018222,-0.004704,0.024292,-0.007371,0.033256,-0.013372,0.036938,-0.114264,0.035487
3.144224,-0.000146,-0.049233,0.026584,0.038284,-0.000224,0.016804,-0.032463,0.007234,0.027003,0.009087,0.001600,-0.018988,0.016424,-0.033783,0.031653
3.871516,-0.000940,0.013156,-0.019923,0.003223,0.057677,-0.072433,0.027322,-0.065684,0.093131,-0.087398,0.137216,0.021693,-0.098466,-0.126530,-0.054037
2.426375,0.004586,-0.100322,0.110385,0.076740,-0.071220,0.062261,-0.113880,0.014583,0.027490,0.049269,-0.087004,-0.155753,0.111282,0.132588,0.135683
3.208051,-0.001317,-0.046731,-0.014457,0.065652,0.007468,0.024902,-0.023159,0.027196,-0.013539,0.021490,-0.035672,0.043083,0.032553,-0.049690,-0.003746
5.662076,0.002128,-0.108130,-0.015712,-0.126610,-0.046495,0.036742,-0.013907,-0.138863,0.083157,-0.052507,-0.069154,0.010995,-0.042642,-0.108721,-0.137378
4.845203,0.004597,-0.110457,0.052716,0.003442,-0.025255,-0.005659,-0.128399,-0.075470,0.111962,-0.068251,0.026046,-0.057137,-0.087736,0.043269,-0.088408
4.793605,0.004406,-0.072545,0.044654,-0.100004,-0.032311,-0.032965,-0.006941,-0.119956,0.093405,-0.081713,-0.028559,-0.038737,-0.041046,-0.061729,0.032539
4.776372,-0.002384,-0.006011,-0.054154,-0.162440,0.045102,-0.072317,0.149585,-0.107303,0.054914,-0.044305,-0.069401,0.111704,-0.045884,-0.213375,-0.026848
3.240600,0.003706,-0.057968,0.061115,0.065389,-0.024870,-0.000139,-0.083393,-0.042890,0.074066,-0.038088,0.052990,-0.102190,-0.005604,0.040095,0.034277
3.480460,0.001033,-0.037210,-0.003779,0.019994,0.006650,-0.026600,0.007308,-0.039145,0.032049,-0.004762,-0.075912,0.004920,0.028061,-0.002700,0.001470
2.506309,-0.002428,0.004084,-0.008081,0.082803,0.047593,-0.018980,0.005496,0.035412,0.022505,0.014979,0.024462,0.009356,0.023199,-0.037561,0.010143
3.364895,0.000903,-0.064711,0.014186,0.113765,0.016573,-0.011215,-0.089300,0.024687,0.020719,0.000440,-0.003811,0.016181,-0.021352,0.048417,-0.029261
3.481485,-0.003104,-0.052256,-0.056281,0.018758,0.018098,0.018529,0.042867,0.019798,-0.048931,0.068507,-0.164325,0.117716,0.063451,-0.065407,-0.031355
4.376705,-0.002385,-0.025823,-0.060672,-0.002436,0.056227,-0.051802,0.036210,-0.042036,0.030923,-0.034164,0.008782,0.122858,-0.080787,-0.123440,-0.102951
3.547700,-0.003424,-0.006131,-0.072156,0.041201,0.048328,-0.008855,0.033059,-0.018357,0.025081,0.000496,-0.002861,0.073259,-0.005424,-0.094610,-0.125022
3.008433,0.001761,-0.050142,0.070820,0.069180,0.005235,-0.017475,-0.075200,0.021175,0.044885,-0.023951,0.065746,-0.046783,-0.025324,0.004029,0.095731
4.609237,-0.001766,-0.075081,-0.053095,-0.060450,-0.003133,0.007283,0.064422,-0.035173,-0.053811,0.011031,-0.126403,0.166106,-0.004617,-0.174234,0.007356
2.108895,0.000943,-0.037874,0.020712,0.095603,-0.008738,0.019312,-0.029076,0.032529,0.007153,0.075498,-0.169421,-0.068891,0.151776,0.125343,0.039522
3.182222,0.001973,-0.049364,0.052156,0.020247,-0.010308,0.007425,-0.055116,-0.041356,0.101237,-0.004863,-0.000440,-0.118163,0.022266,0.050046,-0.017407
4.238984,-0.001059,-0.087270,-0.050918,0.034606,-0.009018,0.046039,-0.031998,-0.012634,-0.018199,0.025643,-0.100904,0.089951,0.014162,-0.051752,-0.113215
4.531917,0.002319,-0.055862,0.011130,-0.042811,0.014514,-0.066715,-0.000325,-0.084310,0.076749,-0.055229,-0.038120,0.021763,-0.062716,-0.027506,-0.023276
3.772505,-0.003846,-0.047369,-0.061714,0.048549,0.024649,0.042927,-0.009089,0.012447,-0.007469,0.021005,0.001838,0.094029,-0.011527,-0.118530,-0.121057
3.473802,-0.000746,-0.041009,-0.012653,0.053501,0.022870,-0.016652,-0.010381,-0.001668,0.007589,-0.001251,-0.010652,0.052630,-0.014385,-0.047669,-0.008356
4.475149,0.004150,-0.075018,0.017664,-0.006763,0.006107,-0.092817,-0.007334,-0.100625,0.053732,-0.041382,-0.085396,0.033450,-0.065191,0.042295,0.006046
1.523243,-0.004924,-0.015767,0.012171,0.123384,0.026748,0.054225,-0.001817,0.149062,-0.085136,0.092927,-0.012356,0.052209,0.099676,-0.086225,0.152272
3.643656,0.006978,-0.063107,0.128855,-0.011157,-0.038657,-0.034615,-0.100863,-0.106987,0.170364,-0.091804,0.104267,-0.211646,-0.049630,0.074423,0.067951
3.329737,0.002576,-0.041483,0.029221,0.093800,0.007250,-0.039570,-0.060961,-0.012320,0.029882,-0.048743,0.048880,-0.005889,-0.032185,0.005769,0.050794
3.334825,0.004869,-0.080163,0.043132,0.062747,-0.039675,-0.039403,-0.016069,-0.029556,-0.052660,-0.006769,-0.114344,0.035495,0.035852,0.024818,0.196335
4.871405,0.001094,-0.096440,0.015255,-0.068525,-0.027393,0.027089,-0.031532,-0.075674,0.056420,-0.039450,0.007540,0.016735,-0.062210,-0.115071,-0.044650
4.462761,0.001401,-0.029190,-0.015486,-0.048041,0.033979,-0.098101,0.053678,-0.103731,0.065063,-0.061272,-0.030126,0.059374,-0.074124,-0.066577,-0.015407
3.464976,0.001428,-0.064659,0.012018,0.060015,0.015396,-0.038588,-0.035094,-0.010540,0.022976,0.021081,-0.102211,0.020160,0.006163,0.071938,-0.006484
3.012609,-0.000222,-0.056306,0.024180,0.069812,0.004496,0.025917,-0.064688,0.030030,0.032842,0.028217,-0.028698,-0.030765,0.033729,0.026877,-0.014725
2.614765,-0.000930,-0.012880,-0.018232,0.094945,0.020224,0.010064,-0.020268,-0.004885,0.047030,0.026120,-0.022949,-0.046364,0.060508,0.035450,-0.074081
3.533055,0.000984,-0.049282,0.009982,0.062115,0.026653,-0.059469,-0.016180,-0.014592,0.010307,-0.011831,-0.017173,0.054765,-0.043548,-0.003424,0.038347
3.057918,0.000399,-0.039056,0.024876,0.029347,0.010039,-0.023914,0.004846,-0.020752,0.029331,0.013757,-0.029944,-0.012875,0.012834,-0.009044,0.055083
2.022373,-0.001415,-0.024919,0.012316,0.126066,0.019781,0.027535,-0.049625,0.063622,0.018524,0.067207,-0.055329,-0.052477,0.095522,0.076176,-0.008614
2.607102,-0.000145,-0.013117,0.009237,0.073183,0.016301,-0.005034,-0.015184,0.002451,0.042148,0.010595,-0.012124,-0.047150,0.052250,0.014943,0.007308
2.174275,0.000734,-0.013475,0.052914,0.131489,0.041077,-0.036315,-0.080316,0.029500,0.092090,0.011553,0.045045,-0.108302,0.012366,0.125039,-0.007512
4.451109,0.001138,-0.042757,-0.050671,0.113509,0.052980,-0.062499,-0.090493,-0.036231,0.076288,-0.070150,0.034213,0.059900,-0.098408,0.045670,-0.212525
2.932733,-0.000058,-0.032331,0.024030,0.006809,0.014719,-0.033409,0.035795,-0.010988,0.014132,0.028935,-0.078926,0.004225,0.037540,-0.016706,0.093623
3.924036,0.000122,-0.076381,-0.013715,-0.018191,-0.022361,0.029068,0.008547,-0.032246,-0.007557,0.025869,-0.128246,0.043940,0.046235,-0.054939,-0.004870
4.617096,-0.000088,-0.050085,-0.035530,0.017634,0.024404,-0.022792,-0.031013,-0.060506,0.059200,-0.064126,0.060006,0.061628,-0.093871,-0.091400,-0.127496
1.474003,-0.005497,-0.015181,-0.028707,0.235121,0.055045,0.077750,-0.109006,0.170726,-0.016357,0.105266,-0.001699,-0.003182,0.100386,0.073910,-0.113915
2.619286,0.001840,-0.002355,0.051464,0.015373,0.007168,-0.043817,0.017820,-0.035330,0.067173,-0.022550,0.004966,-0.086496,0.040434,-0.003076,0.116127
5.495204,0.001171,-0.021024,-0.038547,-0.145027,0.034676,-0.123504,0.119596,-0.160145,0.063348,-0.121241,0.007497,0.128589,-0.134377,-0.214719,0.005890
4.430431,0.004198,-0.100928,0.010031,-0.052026,-0.032873,-0.038463,0.014643,-0.091817,0.015517,0.016700,-0.253649,0.029704,0.045400,0.064304,0.022968
2.694970,-0.001487,-0.002215,0.012815,0.002642,0.024916,-0.014088,0.041163,-0.008949,0.047228,0.017061,-0.018789,-0.033798,0.047303,-0.050822,0.045367
2.007841,0.001080,-0.050604,0.097246,0.126420,0.023405,-0.030049,-0.086115,0.078724,0.025557,0.044316,0.009471,-0.064447,0.013177,0.107572,0.145778
4.404086,0.003335,-0.063688,0.047717,-0.034370,0.000677,-0.058956,-0.029034,-0.086150,0.089892,-0.072926,0.036981,-0.019616,-0.088237,-0.035043,0.024968
2.985222,-0.000672,-0.068181,0.062400,-0.003407,-0.014967,0.048516,-0.036704,0.027072,0.032143,0.041197,-0.017904,-0.053161,0.037906,-0.039493,0.075942
2.989985,0.005026,-0.031079,0.095913,0.023161,-0.011240,-0.066553,-0.032323,-0.068750,0.095591,-0.059639,0.055273,-0.125156,-0.017092,0.042901,0.146933
4.595345,0.002928,-0.052239,0.059838,-0.085635,0.007730,-0.042038,-0.048960,-0.107190,0.182670,-0.086839,0.067188,-0.109577,-0.088916,-0.013557,-0.078817
3.312310,-0.001137,-0.035347,0.036560,0.002776,-0.000700,0.041226,-0.036915,-0.016756,0.078952,-0.026597,0.133323,-0.067909,-0.028438,-0.114719,-0.004873
4.116324,0.002337,-0.045939,0.017191,-0.035833,0.002820,-0.045249,0.001432,-0.078813,0.077835,-0.045558,-0.040707,-0.017203,-0.020784,-0.020868,-0.005803
3.794953,-0.002449,-0.026762,-0.042160,-0.023601,-0.000667,0.037223,0.045159,-0.045936,0.012863,-0.016819,0.030410,0.045605,0.003862,-0.188110,-0.035757
4.419204,0.000974,-0.054669,-0.017835,0.006198,0.017194,-0.024910,-0.037099,-0.071397,0.087820,-0.042625,-0.005062,0.005772,-0.054449,-0.011126,-0.137978
3.645035,-0.001469,-0.036513,-0.021192,0.013372,0.013570,0.010825,0.004302,-0.025040,0.030632,-0.005757,0.006734,0.027522,-0.006172,-0.090415,-0.047969
3.040659,-0.000358,-0.102215,0.043630,0.128345,-0.051478,0.157745,-0.186525,0.052487,0.043807,0.024618,0.117434,-0.112034,0.025603,-0.004625,-0.099174
4.011494,0.002748,-0.073525,0.027623,0.036903,0.017648,-0.072549,-0.039726,-0.038214,0.037570,-0.021010,-0.054387,0.036584,-0.059399,0.046974,0.018146
3.645881,0.000655,0.005319,-0.013362,0.028819,0.039901,-0.075929,0.023105,-0.060988,0.061738,-0.078668,0.079244,0.022272,-0.059141,-0.083633,0.000927
4.398610,0.002635,-0.039218,0.013936,-0.077466,0.002695,-0.067475,0.040693,-0.108610,0.075690,-0.065536,-0.039785,0.004359,-0.037729,-0.068011,0.028792
3.293930,0.003647,-0.112130,0.086912,0.054359,-0.058144,0.054536,-0.115195,-0.007660,0.032986,0.016048,-0.017391,-0.093883,0.024648,0.055389,0.072570
1.814990,-0.001764,-0.025844,0.019548,0.196999,0.046361,0.000065,-0.087123,0.110124,-0.002524,0.063181,0.001703,-0.011822,0.044638,0.097827,0.009844
4.161982,0.003727,-0.055727,0.043840,-0.054741,-0.043320,0.008308,-0.022567,-0.124429,0.108693,-0.075942,0.057456,-0.104424,-0.022873,-0.067631,0.003280
3.726936,0.000585,-0.037460,-0.019144,0.008145,0.001719,-0.013371,0.015818,-0.064858,0.038678,-0.015506,-0.040167,0.008469,0.009292,-0.043467,-0.036038
3.738090,0.002572,-0.058793,0.037232,0.003027,-0.005134,-0.026835,-0.033577,-0.053593,0.071121,-0.023593,-0.032811,-0.043765,-0.009330,0.021817,0.008715
2.884743,0.003042,-0.026390,0.065142,0.068908,0.010067,-0.047577,-0.057250,-0.034878,0.094622,-0.040050,0.066708,-0.104914,-0.018732,0.058621,0.050697
3.084238,0.002371,-0.044463,0.050270,0.052219,0.004882,-0.038208,-0.039061,-0.005599,0.039169,-0.013405,-0.023309,-0.034368,0.009010,0.036404,0.085027
4.277502,0.000748,-0.011505,-0.027113,-0.060124,-0.005032,-0.012955,0.046920,-0.114702,0.075881,-0.086564,0.052201,-0.006517,-0.023201,-0.160974,-0.040100
2.935735,-0.004033,-0.072742,-0.014434,0.075002,-0.022186,0.137810,-0.063842,0.076979,-0.035233,0.069124,0.003814,0.018106,0.070761,-0.108275,-0.045598
3.057947,0.005208,-0.070900,0.106515,0.081708,-0.034673,0.018738,-0.157494,-0.044543,0.147499,-0.040541,0.092986,-0.216675,-0.007464,0.136806,-0.018573
2.645206,0.001339,-0.019784,0.071031,0.050481,0.010216,-0.020747,-0.044086,0.006542,0.070709,-0.027721,0.080275,-0.089553,0.000815,-0.006742,0.101373
3.466903,0.002039,-0.036255,-0.015549,0.141736,0.039825,-0.051924,-0.098438,-0.011627,0.077687,-0.027354,-0.023098,-0.017676,-0.018409,0.137764,-0.147511
1.893290,-0.004060,-0.009105,-0.004049,0.048462,0.012969,0.047773,0.049829,0.082357,-0.053215,0.089720,-0.093772,0.023767,0.137219,-0.081107,0.115802
3.456304,-0.002563,-0.028319,-0.049261,0.015930,0.002036,0.051071,0.017919,-0.011724,0.007941,0.013062,-0.033541,0.031865,0.053596,-0.112848,-0.073215
3.582829,-0.000799,-0.066111,0.015947,0.045309,0.020578,-0.004277,-0.044713,0.014574,0.022259,0.012409,0.003159,0.035804,-0.038582,-0.028305,-0.010745
4.724117,0.002660,-0.066218,0.021334,-0.071347,-0.019966,-0.022285,-0.001466,-0.121725,0.084802,-0.076106,0.040441,-0.014599,-0.075656,-0.103398,-0.012090
4.493621,-0.000099,-0.060584,-0.023138,-0.018151,0.016122,-0.032404,0.013095,-0.059240,0.022604,-0.031913,-0.013977,0.088795,-0.068768,-0.101872,-0.037907
1.677417,-0.003316,-0.002328,0.018847,0.197311,0.066892,-0.022421,-0.050658,0.125548,-0.031752,0.039412,0.102373,0.042549,-0.008228,-0.011053,0.090086
4.898053,0.003463,-0.041554,0.013997,0.021926,0.051202,-0.123539,-0.061588,-0.107756,0.140507,-0.128583,0.126756,0.008767,-0.187179,0.003446,-0.110396
3.804883,0.002925,-0.074922,0.045611,-0.019261,-0.029687,0.013392,-0.048872,-0.080181,0.101002,-0.009264,-0.041142,-0.103929,0.012930,0.041663,-0.039843
4.572115,0.004377,-0.093748,0.040757,-0.027100,-0.012313,-0.055829,-0.040525,-0.098158,0.079143,-0.036828,-0.071161,-0.014725,-0.059200,0.048427,-0.012754
3.147421,-0.003321,0.004471,-0.024961,0.005621,0.042492,0.004837,0.026471,-0.025391,0.083039,-0.000298,0.054550,-0.025742,0.000737,-0.089129,-0.097457
2.960337,0.000615,-0.014384,0.015511,0.107803,0.038436,-0.048411,-0.046234,-0.023660,0.074238,-0.032378,0.102334,-0.039192,-0.051381,0.021940,-0.031166
3.075578,-0.004749,-0.001719,-0.048348,0.090612,0.071721,-0.010497,-0.003497,0.045048,0.017541,0.008416,0.074893,0.079210,-0.038306,-0.095632,-0.091541
4.002291,-0.001511,-0.046655,-0.060618,0.043977,0.028084,-0.013108,0.005610,-0.022885,-0.000783,0.003619,-0.062173,0.102173,-0.014972,-0.055958,-0.101984
3.534204,-0.000086,-0.064004,0.041057,0.040479,0.000324,0.030543,-0.080980,-0.006718,0.071928,-0.016959,0.103060,-0.049991,-0.050120,-0.044275,-0.033977
3.430471,0.003673,-0.069041,0.062149,0.076152,0.011948,-0.069203,-0.073003,-0.008557,0.040602,-0.020514,-0.024803,-0.011419,-0.041644,0.088110,0.076236
3.248383,0.001125,-0.050075,0.008168,0.039408,-0.012960,0.003807,-0.008957,-0.017016,0.001557,0.007529,-0.068054,0.002870,0.047112,-0.016286,0.047683
2.901175,0.004346,-0.051333,0.096467,0.069280,0.004108,-0.068179,-0.067892,-0.040951,0.089877,-0.025579,0.045139,-0.108307,-0.039621,0.104324,0.101385
2.324088,0.003663,-0.066845,0.090536,0.064287,-0.034462,0.018610,-0.077326,-0.005318,0.068812,0.049919,-0.100919,-0.163987,0.104987,0.163151,0.075534
3.395616,0.003327,-0.040749,0.059773,-0.002132,-0.015295,-0.025608,-0.027833,-0.060338,0.084088,-0.044606,0.014738,-0.090676,0.003437,0.002328,0.068287
4.247308,0.007834,-0.098539,0.122415,-0.057169,-0.056875,-0.022488,-0.104668,-0.104376,0.152563,-0.070233,-0.037840,-0.179850,-0.010413,0.108712,0.051250
1.827857,-0.000288,0.021970,0.013915,0.142050,0.034929,-0.018260,-0.033352,0.036808,0.047909,0.001668,0.042322,-0.078692,0.067819,0.048872,0.024500
3.211417,-0.001148,-0.036274,-0.004304,0.016720,0.006131,0.008388,0.018841,0.003274,-0.004393,0.016905,-0.047466,0.033320,0.037541,-0.077176,0.043599
4.276307,0.008224,-0.075123,0.119565,-0.032926,-0.032991,-0.068507,-0.100657,-0.137259,0.184950,-0.110183,0.060160,-0.186328,-0.077306,0.104089,0.030410
2.275164,-0.001206,-0.029518,0.045040,0.087123,0.000515,0.041689,-0.046278,0.059578,0.006274,0.019937,0.068889,-0.044967,0.041322,-0.054986,0.098443
5.246460,0.005618,-0.086227,0.040907,-0.005054,0.010504,-0.101735,-0.081872,-0.135788,0.134075,-0.116799,0.073132,-0.014303,-0.176143,0.035035,-0.080930
3.144986,0.001711,-0.047874,0.066348,0.070717,0.030853,-0.047913,-0.085017,0.005841,0.092154,-0.016461,0.046210,-0.065166,-0.048542,0.077408,0.009987
4.985023,0.002292,-0.071539,-0.024490,0.000857,0.012673,-0.060639,-0.020316,-0.106008,0.057315,-0.068834,0.002098,0.070166,-0.109817,-0.043241,-0.097962
5.002484,0.000960,-0.140697,0.014173,-0.040566,-0.024985,0.042837,-0.080801,-0.065256,0.069603,0.023398,-0.082698,0.007392,-0.057182,0.011176,-0.153758
4.412344,0.005384,-0.058527,0.044001,-0.064138,-0.007453,-0.103667,0.022872,-0.117343,0.069962,-0.066910,-0.096320,-0.004921,-0.036410,0.014054,0.090655
4.162103,0.000979,-0.124876,0.016297,0.011580,-0.035919,0.048199,-0.059720,-0.016347,-0.009714,0.041094,-0.107450,0.038789,0.003986,-0.008339,-0.017423
2.666194,-0.000894,-0.049677,0.019083,0.060137,-0.002448,0.040688,-0.035119,0.038552,0.011091,0.056156,-0.075882,-0.031675,0.082145,0.019308,0.016667
3.191068,0.000445,-0.051015,0.010159,0.016496,-0.020083,0.029578,-0.004752,-0.021971,0.017432,0.021405,-0.069901,-0.026351,0.064957,-0.025483,0.024420
4.003160,-0.001343,-0.022562,-0.019121,0.009694,0.044752,-0.058548,0.028724,-0.024361,0.012730,-0.054291,0.074956,0.107037,-0.093102,-0.154962,0.024169
2.737226,-0.000704,-0.031052,0.040296,0.053786,0.011352,0.028573,-0.060048,0.023408,0.075336,0.010163,0.044823,-0.087294,0.027577,0.002896,-0.013587
2.981411,0.002537,-0.109993,0.060301,0.069095,-0.056403,0.075097,-0.103766,0.025400,0.003234,0.062771,-0.125796,-0.074934,0.098309,0.094827,0.045108
4.203211,0.000629,-0.071400,-0.006531,-0.003630,-0.010528,0.013875,-0.025217,-0.055361,0.040897,-0.016848,-0.021285,0.016424,-0.022363,-0.056715,-0.060702
3.399211,0.001902,-0.085485,0.061347,0.058228,-0.026819,0.050103,-0.119546,-0.006677,0.076807,-0.002283,0.043295,-0.100177,-0.004326,0.038809,-0.031528
3.691181,0.002415,-0.039537,0.018986,-0.018738,-0.010568,-0.030545,0.014449,-0.086358,0.063901,-0.032580,-0.032142,-0.039704,0.006270,-0.023674,0.025252
3.027548,-0.004768,-0.008013,-0.039196,0.061612,0.050784,0.010433,0.019468,0.031334,0.001760,0.015476,0.077677,0.072352,-0.024466,-0.141206,-0.040960
2.650565,-0.005405,-0.011095,-0.087020,0.120965,0.058864,0.026635,0.005118,0.087654,-0.039680,0.082679,-0.120415,0.105521,0.088914,-0.013142,-0.123659
3.523304,0.004864,-0.080385,0.108883,0.021627,-0.008700,-0.052321,-0.090804,-0.036728,0.098971,-0.031316,0.007342,-0.100803,-0.046328,0.097905,0.088087
0.014276,-0.000105,-0.018614,0.137543,0.227842,0.033202,0.021301,-0.150802,0.140422,0.095393,0.126365,0.022315,-0.255665,0.122115,0.292784,0.081660
3.394698,0.001406,-0.025885,0.081996,0.000463,0.040368,-0.082408,-0.026892,-0.043893,0.119852,-0.058786,0.145023,-0.066545,-0.114029,-0.028029,0.071146
3.450214,0.001593,-0.061765,0.027835,0.042047,0.001522,-0.016499,-0.042498,-0.023620,0.044887,0.003169,-0.041528,-0.022191,0.000200,0.036052,0.002232
3.858294,0.001755,-0.057461,0.023731,0.039559,0.032957,-0.070607,-0.043431,-0.016171,0.051994,-0.022116,-0.040347,0.028731,-0.052933,0.043960,-0.004603
4.622407,-0.000841,-0.081500,-0.033779,-0.067966,-0.024751,0.046701,0.020060,-0.060728,0.008087,0.000314,-0.083988,0.066817,0.006484,-0.138873,-0.062490
3.180814,-0.002527,-0.055174,-0.055136,0.148180,0.032570,0.027795,-0.065656,0.053693,-0.020412,0.052092,-0.057811,0.077590,0.022080,0.029351,-0.136967
3.586154,-0.000462,-0.061351,0.025980,-0.000316,-0.000496,0.012560,-0.016935,-0.012142,0.028087,0.002953,0.012438,0.006773,-0.019087,-0.076701,0.030623
2.410145,-0.003506,-0.036914,0.000358,0.116668,0.026614,0.044682,-0.044122,0.086263,-0.020175,0.058732,0.021861,0.026180,0.033974,-0.041016,0.007569
2.785888,0.000075,-0.038509,0.007901,0.049838,-0.016031,0.028518,-0.000209,-0.007071,-0.000804,0.026669,-0.047711,-0.023063,0.073560,-0.029407,0.052423
2.853187,0.003198,-0.003224,0.082540,0.019476,0.026057,-0.089248,-0.016563,-0.035074,0.106837,-0.059234,0.056930,-0.101495,-0.021254,0.032563,0.124770
2.839070,-0.000089,-0.011385,0.009242,0.061630,0.020529,-0.031355,0.012333,-0.014089,0.019529,-0.013573,0.037693,0.000325,0.001884,-0.051847,0.065435
2.783302,0.000568,-0.031722,0.019899,0.083002,0.013888,-0.018195,-0.027522,0.006786,0.022948,0.009260,-0.014438,-0.019121,0.025558,0.021938,0.039631
3.867890,0.000976,-0.009451,-0.010519,0.017474,0.017658,-0.022695,-0.022591,-0.098101,0.128194,-0.079755,0.115233,-0.069686,-0.054084,-0.050416,-0.125636
3.559729,0.001826,-0.018074,0.024948,0.048170,0.035639,-0.086306,-0.012756,-0.052863,0.067360,-0.070708,0.096812,0.001353,-0.087879,-0.034326,0.038879
3.041177,-0.002205,-0.035570,-0.054929,0.056590,0.011787,-0.003528,0.068902,0.020306,-0.096713,0.055043,-0.141715,0.142153,0.071590,-0.091125,0.075034
4.022332,0.001600,-0.054369,0.024358,-0.000616,0.015764,-0.041631,-0.032764,-0.050262,0.079409,-0.036436,0.000739,-0.011371,-0.051571,-0.004622,-0.028193
2.866587,0.006818,-0.058820,0.118398,0.093447,0.002513,-0.079070,-0.132538,-0.050689,0.159537,-0.027890,-0.007668,-0.200999,-0.012636,0.261785,0.017130
1.458609,-0.002313,-0.012570,0.050361,0.180120,0.039418,0.017729,-0.082293,0.130629,-0.002705,0.049258,0.081357,-0.039997,0.042597,0.028546,0.094808
1.433333,0.000857,0.014865,0.043568,0.189307,0.045063,-0.066930,-0.035722,0.059326,0.008588,0.011113,0.044264,-0.046554,0.039907,0.088766,0.138365
3.747425,-0.007270,-0.002932,-0.101803,-0.013248,0.035181,0.086905,0.045234,-0.002209,0.027980,0.011872,0.059637,0.071916,0.012966,-0.238513,-0.203077
3.438625,0.004862,-0.057638,0.054007,0.035635,-0.005316,-0.059342,-0.054756,-0.041640,0.073896,-0.019149,-0.116458,-0.069940,0.033163,0.135140,0.038980
3.860465,0.001974,-0.003425,0.022288,-0.028812,0.030696,-0.076818,0.008849,-0.102152,0.139231,-0.084798,0.074797,-0.069062,-0.063010,-0.032232,-0.036045
3.491642,0.001227,-0.112505,0.053710,0.076812,-0.059575,0.129771,-0.164663,0.007537,0.061816,0.011260,0.073187,-0.116386,0.014433,0.008164,-0.083253
3.945792,0.000517,-0.029798,0.030386,-0.100199,0.001340,-0.033183,0.060579,-0.077613,0.065038,-0.043940,0.007665,-0.008675,-0.024422,-0.140323,0.083888
2.054203,0.005243,-0.006329,0.106845,0.136435,0.001309,-0.056539,-0.101999,-0.010082,0.106715,-0.062902,0.120584,-0.182951,0.008989,0.123752,0.129271
2.240024,-0.002067,-0.028406,0.022247,0.147091,0.036209,0.006145,-0.060102,0.073001,0.001943,0.035060,0.074239,-0.000374,-0.001994,-0.000865,0.032916
3.515895,0.002342,-0.026225,0.031058,0.012728,0.011932,-0.054153,-0.010431,-0.063860,0.082770,-0.049765,0.024090,-0.047774,-0.025595,-0.004256,0.023862
2.527844,-0.001808,-0.018481,-0.005165,0.119546,0.006433,0.064793,-0.070046,0.033742,0.041645,0.007964,0.085712,-0.062912,0.045085,-0.029616,-0.070297
3.003365,0.001236,-0.022442,0.036047,0.034624,-0.001499,-0.002677,-0.027146,-0.034425,0.075222,-0.028724,0.053941,-0.084403,0.013405,-0.020081,0.025688
4.245221,0.000852,-0.034983,-0.013845,0.033267,0.010178,-0.001400,-0.060540,-0.054791,0.087352,-0.086638,0.110698,-0.011878,-0.066936,-0.080063,-0.114065
2.998578,0.008196,-0.054251,0.116537,0.044906,-0.022450,-0.088194,-0.078293,-0.092810,0.137259,-0.041671,-0.056339,-0.193482,0.019368,0.220518,0.095091
4.710749,0.000224,-0.054869,-0.042448,-0.001406,0.034899,-0.055477,-0.003683,-0.058971,0.044449,-0.040318,-0.049908,0.096171,-0.071243,-0.044466,-0.113557
2.291531,0.000172,-0.039605,0.076820,0.082596,-0.003622,0.032184,-0.075548,0.050667,0.042036,0.013378,0.077301,-0.094425,0.029291,-0.002302,0.100642
2.515060,0.000788,-0.015194,0.049979,0.079859,0.029594,-0.047484,-0.026694,0.007351,0.053511,-0.006293,0.046361,-0.052866,-0.004315,0.026779,0.081160
2.613021,-0.003749,-0.039900,-0.035300,0.130875,0.027411,0.045288,-0.032810,0.070824,-0.037372,0.067188,-0.018532,0.061080,0.041658,-0.032700,-0.047256
3.691835,0.001898,-0.086681,0.048575,0.040359,-0.007013,-0.011320,-0.064154,-0.007377,0.022801,-0.002608,-0.012253,0.005516,-0.036161,0.006507,0.051037
3.149513,0.000484,-0.028782,0.010217,0.019146,0.007891,-0.005762,-0.008728,-0.029192,0.066759,0.006560,-0.055737,-0.054402,0.047865,0.020621,-0.026733
2.905092,-0.002318,-0.005196,-0.014296,0.042564,0.044417,-0.010053,0.003473,-0.001534,0.069243,0.019135,-0.003833,-0.025454,0.022590,-0.009728,-0.078375
3.358120,0.000723,-0.030282,0.036428,0.025937,0.012437,-0.016820,-0.033884,-0.026015,0.074525,-0.040513,0.082339,-0.046961,-0.034513,-0.047010,0.019251
3.747737,0.001325,-0.039279,0.014812,0.031967,0.031573,-0.073047,-0.009287,-0.039713,0.046528,-0.036575,0.010277,0.031297,-0.062899,-0.014509,0.020080
3.447593,-0.002824,-0.029420,-0.023883,0.025749,0.022912,0.023069,0.001456,0.012239,0.013113,0.000637,0.029963,0.047774,-0.004367,-0.122967,-0.033364
2.394632,-0.001844,-0.016266,-0.000577,0.113496,0.026159,0.016790,-0.034082,0.040492,0.019337,0.029544,0.026050,-0.021028,0.040006,-0.003306,-0.012178
4.177322,-0.005252,-0.070920,-0.064479,-0.000493,0.011223,0.061732,0.029820,0.042715,-0.090009,0.028856,-0.013893,0.201126,-0.026003,-0.253361,-0.008782
6.094449,0.005043,-0.065202,-0.002508,-0.226191,-0.014354,-0.098030,0.081531,-0.251769,0.167689,-0.107638,-0.118457,-0.021627,-0.081919,-0.061156,-0.103517
2.694112,-0.001744,-0.019081,-0.013654,0.028820,0.007823,-0.009012,0.075795,0.043017,-0.090009,0.035282,-0.105984,0.107913,0.084128,-0.125714,0.185343
2.483845,-0.005431,-0.029220,-0.034908,0.130828,0.047448,0.036068,-0.016915,0.118423,-0.071799,0.067476,0.008446,0.118299,0.024126,-0.096662,0.013888
4.076335,-0.000274,-0.059071,-0.017345,0.031851,0.033070,-0.041485,-0.017267,-0.026768,0.029988,-0.006683,-0.033811,0.072528,-0.057314,-0.019893,-0.064597
2.881662,0.003093,-0.003826,0.058224,0.021638,0.027022,-0.088638,-0.003180,-0.062651,0.118260,-0.036660,0.001345,-0.110334,0.000884,0.078704,0.053088
3.880554,0.003509,-0.024103,0.066841,-0.075040,-0.025559,-0.020484,-0.002125,-0.116650,0.131793,-0.103788,0.119670,-0.126293,-0.039229,-0.103683,0.067361
3.641091,-0.003372,0.008001,-0.060605,-0.045651,0.021988,0.011021,0.090581,-0.056143,0.030455,-0.021787,0.016938,0.046212,0.018225,-0.200397,-0.048993
2.529947,-0.002630,0.004802,-0.040159,0.096209,0.047909,-0.025209,0.032015,0.028636,-0.012281,0.031398,-0.038729,0.054088,0.046969,-0.030877,-0.001544
2.807063,-0.003638,-0.027763,-0.024134,0.104533,0.033523,0.025545,-0.018463,0.060590,-0.028331,0.029121,0.048943,0.070197,0.000455,-0.095919,-0.003089
3.539203,0.000581,-0.075207,0.010994,0.076961,0.027044,-0.042356,-0.046124,0.019326,-0.001587,0.029327,-0.090271,0.066069,-0.021786,0.056966,0.004163
3.788449,0.001619,-0.026565,-0.007001,0.019449,0.026760,-0.073610,0.014879,-0.067538,0.054162,-0.040035,-0.027753,0.021367,-0.031784,-0.007867,-0.011450
3.354139,0.000399,-0.049793,-0.007343,0.062919,0.034591,-0.042340,-0.030148,0.006882,0.035556,0.035763,-0.146342,0.021755,0.032783,0.102759,-0.061773
3.484510,0.001222,-0.025593,0.040834,-0.012744,0.024217,-0.050238,-0.010240,-0.034868,0.092490,-0.034984,0.006451,-0.047465,-0.019605,-0.007885,0.024448
3.636625,0.000596,-0.049743,0.015421,0.042598,0.018220,-0.029117,-0.032708,-0.019502,0.039525,-0.021429,0.023150,0.016716,-0.044368,-0.026412,0.000741
3.245457,0.003527,-0.057266,0.064245,0.076893,0.010509,-0.044930,-0.095239,-0.029517,0.103923,-0.019852,0.007484,-0.098091,-0.025552,0.129608,-0.015994
3.618503,0.004054,-0.081267,0.069123,-0.070451,-0.053370,-0.010585,0.025491,-0.084251,0.027662,0.006367,-0.127154,-0.054718,0.051500,-0.010364,0.160892
3.432380,0.000901,-0.083218,0.065810,0.022859,-0.011564,0.033238,-0.090805,0.006800,0.071401,0.012810,0.012128,-0.073030,-0.008419,0.020918,-0.002286
3.725465,0.001455,-0.059846,-0.001509,0.060142,0.007862,-0.020662,-0.047389,-0.013777,0.024463,-0.010263,-0.060597,0.025294,-0.000881,0.026398,-0.030891
3.967276,-0.000183,-0.099526,0.002722,0.030378,-0.002027,0.013139,-0.042184,0.016011,-0.022215,0.037203,-0.104272,0.082677,-0.006491,-0.016625,-0.003816
2.794567,-0.000284,-0.031151,0.030739,0.065745,0.026456,-0.019473,-0.031067,0.012272,0.048523,0.015431,0.009141,-0.033769,0.005131,0.020640,0.019634
3.511041,0.004317,-0.091921,0.099364,-0.005356,-0.023322,-0.023902,-0.072451,-0.040190,0.087358,0.004476,-0.068604,-0.103802,0.000967,0.104613,0.073243
2.336650,-0.002019,-0.032442,-0.014283,0.127830,0.015470,0.032217,-0.030426,0.073901,-0.038645,0.060711,-0.064941,0.029943,0.085714,0.006042,0.020197
2.957777,0.001567,-0.038862,0.038376,0.041629,-0.000601,-0.019066,-0.019037,-0.008884,0.031794,0.000651,-0.036548,-0.037090,0.034566,0.014764,0.077754
4.438956,0.000832,-0.050923,-0.061381,0.027420,0.013502,-0.045977,0.023309,-0.078552,-0.001687,-0.034154,-0.065963,0.112235,-0.038351,-0.061409,-0.071455
