3.073515,0.002560,0.043147,-0.010161,0.013980,0.013415,-0.025547,-0.013070,0.027066,-0.022543,0.010304,-0.021449,0.019770,-0.020009,0.022403,0.003978
2.648031,0.002624,0.044049,0.075567,0.035316,-0.126973,-0.010156,-0.017190,0.032103,0.044623,-0.027036,0.014518,-0.049604,-0.058342,0.041860,0.002426
3.443830,0.000628,0.013503,-0.016221,-0.051354,-0.041391,0.058814,-0.071462,-0.097128,0.052873,-0.030133,-0.102562,0.013480,0.074427,-0.057902,0.158636
2.581005,0.001081,0.045709,0.022926,0.034525,0.018619,-0.024512,-0.003795,0.063089,0.013365,-0.002054,-0.038549,-0.010780,-0.002464,0.030854,0.063808
2.859911,0.003112,0.044222,-0.018384,0.027798,-0.013452,-0.008359,0.020208,0.014384,0.009280,0.022482,-0.015420,0.008997,0.015974,-0.012643,0.080132
3.036957,0.000947,0.022529,0.023586,0.008240,0.011066,-0.012101,-0.051187,0.014875,0.009972,-0.033929,-0.078383,0.019665,0.003346,0.029926,0.028983
3.388489,0.001243,0.027419,-0.045768,0.026403,-0.028016,0.018240,0.030821,-0.001888,-0.018221,0.003439,-0.001878,0.079349,-0.020218,-0.009483,-0.006677
3.134632,0.002163,0.005321,0.082611,-0.027784,0.000392,0.044284,-0.044331,0.025569,-0.011985,-0.038955,0.075097,-0.054655,-0.098871,0.038787,-0.003591
3.295650,0.000947,0.036819,-0.023492,-0.020561,-0.018142,0.029127,-0.018120,-0.017425,0.001970,0.010058,-0.010142,-0.003203,-0.011909,-0.006684,0.053226
3.572571,0.001597,0.002248,0.008606,-0.084939,-0.046685,0.104228,-0.060278,-0.099331,0.051712,-0.011779,0.028922,-0.080084,-0.004000,-0.045225,0.150248
3.658067,0.003519,0.036914,-0.003141,-0.007740,-0.097475,-0.003247,-0.073637,-0.039688,-0.083540,-0.041266,-0.148534,0.147808,0.012734,-0.013292,-0.129635
2.015978,0.003374,0.094963,0.004683,0.013379,0.027734,0.020806,0.081487,0.102484,-0.022614,0.094973,0.087926,-0.102476,-0.007400,-0.033822,0.175524
2.402519,0.003560,0.047448,0.063458,0.033995,-0.003781,-0.037750,-0.026129,0.060113,0.002180,-0.018461,-0.056884,-0.004163,0.012431,0.016069,0.065660
2.696192,0.002586,0.065850,-0.001540,0.017296,-0.026093,-0.034166,-0.019857,0.023260,0.009860,0.018270,-0.068921,-0.007214,0.028594,0.002691,0.074895
1.042127,0.004735,0.062434,0.147191,0.144470,0.011547,-0.015841,0.112768,0.236560,-0.083507,-0.024282,-0.036698,0.078997,0.017811,-0.012407,0.042856
3.425130,0.003924,0.035668,0.028937,-0.040319,-0.063027,0.023745,-0.056434,-0.016491,-0.038424,0.000631,0.023214,-0.035938,-0.072207,0.023159,-0.056961
2.829187,0.002400,0.036281,0.006324,-0.023454,-0.044201,0.088146,0.020567,-0.022478,0.012719,0.013965,0.006373,-0.016996,0.041354,-0.084724,0.180031
2.122142,0.004367,0.003460,0.085515,0.059357,0.007902,-0.055901,-0.036400,0.013637,0.152045,-0.041136,-0.055615,-0.102011,0.065941,0.028265,0.238186
2.154853,0.002910,0.074574,-0.052597,0.112296,0.038832,-0.062328,0.101574,0.103735,-0.019024,0.052607,-0.081919,0.091856,0.079765,-0.023032,0.100090
3.880407,-0.002259,-0.011299,-0.053869,-0.008266,-0.045572,0.042540,-0.024082,-0.076479,0.095910,-0.025358,0.007034,-0.014188,-0.039087,0.036282,0.043464
3.526841,0.000869,0.074257,-0.110118,0.046144,-0.061104,0.040766,0.111847,0.047758,-0.156995,0.049869,-0.002878,0.219420,-0.037345,-0.054463,-0.147741
4.588450,-0.001965,0.031840,-0.090079,-0.175112,-0.079160,0.198990,-0.041079,-0.142460,-0.035183,0.054120,0.125353,-0.081055,-0.091391,-0.068151,0.044055
3.309135,0.001978,0.037056,-0.013415,-0.029259,-0.063432,0.037846,-0.028510,-0.049309,0.017954,0.001753,-0.013961,-0.003567,0.004890,-0.033118,0.082174
3.347598,-0.000460,0.034744,-0.011617,-0.130024,-0.013716,0.110955,-0.061855,-0.097898,0.106738,0.042726,0.109288,-0.221778,-0.022227,-0.038964,0.282636
2.600102,0.000796,0.065058,-0.049502,0.120977,0.080089,-0.191283,0.023466,0.114560,0.071834,0.038135,0.003239,-0.028795,-0.063187,0.156106,-0.015618
2.970059,0.005258,0.070037,0.001307,0.011185,-0.026263,-0.044729,-0.022608,0.027117,-0.076272,0.014619,-0.051574,0.070848,-0.000325,-0.013333,-0.028207
3.720958,-0.001391,0.028515,-0.028148,-0.044483,-0.108516,0.133175,0.009223,-0.047924,-0.050443,-0.017831,-0.001015,0.089928,-0.028663,-0.069378,-0.007925
2.474357,0.003175,0.055369,0.003567,0.068812,-0.000805,-0.012026,0.052196,0.082067,-0.062953,0.006765,-0.078786,0.108944,0.040996,-0.029010,0.021889
3.241236,0.001392,0.045000,-0.038052,0.008115,-0.010066,0.020218,0.025363,0.017888,-0.039450,0.022530,0.011370,0.046950,-0.028606,-0.009173,0.002052
2.204407,0.005039,0.073862,0.022741,0.012769,0.012723,-0.067649,-0.074942,0.008342,0.013414,0.003310,-0.234446,0.019584,0.168381,-0.047156,0.192102
3.287106,-0.006244,0.068320,-0.132769,0.077548,-0.079366,0.034642,0.111390,0.043077,-0.008808,0.026574,-0.063055,0.161873,-0.002812,-0.008163,-0.033230
2.711142,0.004048,0.040579,0.055666,0.007257,0.035172,-0.049751,-0.057112,0.049042,-0.011741,-0.010794,-0.034898,-0.032826,-0.019445,0.045087,0.027193
2.926390,0.000768,0.108138,-0.064532,0.046148,0.028740,-0.047773,0.069943,0.136453,-0.145869,0.075203,0.024830,0.092073,-0.088979,0.041155,-0.147049
3.901828,-0.000142,0.062168,-0.126710,-0.026754,-0.027469,-0.002630,-0.006924,-0.052320,-0.016748,0.055887,-0.012878,0.041114,-0.022934,-0.000184,-0.011270
4.054798,0.002059,0.100450,-0.143710,-0.110432,-0.148562,0.152615,0.015650,-0.110446,-0.154966,0.095816,-0.073011,0.117960,0.058614,-0.169721,-0.003481
4.646883,-0.002469,-0.043552,-0.009319,-0.091651,0.026839,0.079331,-0.085798,-0.076962,0.032511,-0.045379,0.161964,-0.080402,-0.197848,0.099722,-0.087132
3.071193,0.001992,0.050707,-0.017079,0.030183,0.010237,-0.062004,-0.018915,0.038935,-0.008988,0.010970,-0.026820,0.016057,-0.036223,0.055753,-0.027407
3.124101,0.003315,0.054556,-0.009586,-0.020711,-0.040145,0.057352,0.016039,0.010823,-0.078501,0.028920,0.005280,0.036576,-0.013369,-0.048964,0.009843
2.948708,0.003324,0.046433,0.050532,-0.025817,-0.015989,0.014658,-0.044852,0.029722,-0.046234,-0.003508,-0.000525,-0.025038,-0.042693,0.011009,0.000509
3.201162,0.002731,0.020773,0.001322,0.055474,0.062841,-0.111737,-0.040561,0.054614,0.004471,-0.016162,-0.018679,0.016176,-0.071096,0.118475,-0.087911
4.340799,-0.006490,0.033696,-0.099772,-0.163707,-0.056331,0.136557,-0.101995,-0.163001,0.102417,0.026652,0.020816,-0.141013,-0.028574,-0.019619,0.175604
3.184164,0.000871,0.072048,-0.054974,0.009394,-0.001150,0.038692,0.055641,0.066513,-0.132559,0.046558,-0.011091,0.107571,-0.034394,-0.024120,-0.079477
2.790628,0.001196,-0.019290,0.105424,-0.032307,-0.106887,0.096021,-0.077411,-0.085603,0.141558,-0.091112,-0.060066,-0.075564,0.064767,-0.053634,0.250474
2.676103,0.004477,0.077986,0.018341,-0.055350,-0.005384,-0.068757,-0.100834,-0.035568,0.101348,0.048260,0.008486,-0.201365,0.011204,0.025447,0.218235
3.892868,0.001118,-0.011731,0.009931,0.059926,-0.074567,0.000319,0.009296,0.019522,-0.061942,-0.075951,0.029153,0.170780,-0.132553,0.062811,-0.241227
2.269978,0.005467,0.015109,0.097064,0.056428,0.061237,-0.100696,-0.051362,0.067919,0.075019,-0.030743,-0.009291,-0.095074,-0.016064,0.086706,0.097782
5.017448,-0.002439,-0.047590,-0.039059,-0.091954,0.039001,0.138158,-0.038760,-0.046771,-0.099262,-0.033424,0.151374,0.033728,-0.218952,0.073900,-0.238057
4.507718,-0.001964,0.027989,-0.084358,-0.087625,-0.049006,0.132023,-0.008351,-0.059742,-0.121880,0.009233,0.049900,0.108425,-0.100330,-0.037267,-0.130558
2.208775,0.000910,0.025367,0.051349,0.088906,0.031883,-0.020705,0.053431,0.110266,0.034403,-0.020562,0.005184,0.003215,-0.015997,0.038493,0.081033
4.446344,-0.004172,0.014245,-0.104882,-0.116961,-0.087456,0.169447,-0.021047,-0.145950,0.036383,0.018474,0.065350,-0.024886,-0.044348,-0.062306,0.092628
3.732491,0.002783,0.052210,-0.049344,-0.164183,0.021970,0.108609,-0.083081,-0.113080,-0.023100,0.067185,0.038789,-0.118253,0.015442,-0.088017,0.194831
3.687509,-0.004162,0.020461,-0.026228,0.057109,-0.060373,0.052522,0.088275,0.090510,-0.062640,-0.017237,0.143420,0.090886,-0.210285,0.091306,-0.235880
3.555449,0.000261,0.047997,-0.018221,-0.075463,-0.033779,0.055381,-0.061358,-0.036613,-0.020131,0.019588,-0.000467,-0.051170,-0.042823,0.002823,0.019488
2.485554,0.004307,0.060087,0.019565,0.001400,0.036312,-0.036114,-0.021975,0.034904,0.017281,0.033938,-0.015812,-0.072817,0.023790,0.001637,0.143951
3.645924,0.001910,0.048689,-0.055155,-0.010206,-0.033059,-0.009735,-0.025204,-0.016562,-0.049515,0.019680,-0.033081,0.055895,-0.035924,0.017096,-0.073949
3.661574,-0.001009,0.041514,-0.054752,0.026048,-0.030151,0.013265,0.042208,0.045344,-0.068121,0.013629,0.063326,0.081793,-0.123981,0.051653,-0.155666
2.358226,0.005840,0.069823,0.019958,-0.004409,0.060277,-0.170478,-0.130972,-0.020274,0.149265,0.031231,-0.090763,-0.186365,0.075052,0.065952,0.255021
2.835713,0.001841,0.016588,-0.004331,0.115566,-0.033205,-0.019775,0.073838,0.064119,-0.027171,-0.042390,-0.063303,0.184587,0.011358,-0.006226,-0.040590
3.961826,-0.000155,0.042880,-0.103314,-0.053576,-0.095391,0.109646,0.026198,-0.093993,-0.029360,0.032547,0.019653,0.078660,-0.000144,-0.095210,0.053272
2.218169,0.002998,0.070126,0.011007,0.091786,-0.050438,-0.020378,0.076455,0.091743,-0.036768,0.008439,-0.060970,0.104686,0.039991,-0.036673,0.046017
3.609988,0.002366,-0.005252,0.037344,-0.039037,-0.010453,0.017635,-0.090532,-0.045317,0.012461,-0.049713,-0.012371,-0.013828,-0.047293,0.033250,-0.005422
2.322999,0.007463,0.067297,0.044624,0.050817,-0.003273,-0.053896,0.011945,0.082076,-0.074795,0.021221,-0.050607,0.041077,0.021282,-0.011265,0.008457
2.377987,0.006753,0.058609,0.039420,-0.012784,0.039230,-0.068505,-0.075616,0.004491,0.043835,0.030140,-0.075341,-0.113019,0.071018,0.002733,0.189294
3.674738,-0.001570,-0.006906,-0.030982,0.015589,-0.088481,0.009190,-0.053300,-0.083232,0.109563,-0.056431,-0.093628,0.030364,0.013941,0.031305,0.039683
3.030106,0.000920,0.052300,-0.059864,-0.001778,-0.037518,0.056647,0.035992,-0.023653,-0.000946,0.031891,-0.052126,0.050440,0.066977,-0.080683,0.141037
2.967181,0.003611,0.045213,0.013386,-0.012654,-0.042210,-0.004385,-0.054339,-0.022779,0.004992,-0.004471,-0.090456,0.002109,0.044191,-0.020219,0.076416
3.015172,0.002448,0.036759,0.015962,-0.005053,-0.009851,-0.006143,-0.038096,0.005203,0.006912,-0.004104,-0.029199,-0.018000,-0.008734,0.014585,0.047685
2.490676,0.003840,0.037853,0.053651,0.017169,-0.066124,0.019527,-0.006000,0.005493,0.041880,-0.012179,-0.029051,-0.030075,0.036451,-0.034834,0.143506
4.147822,-0.002134,0.055099,-0.101997,-0.071114,-0.029948,0.065262,-0.015763,-0.043495,-0.060288,0.044391,0.040950,0.025821,-0.084770,0.002212,-0.065116
3.094738,0.001977,0.045732,-0.037547,0.039751,0.039738,-0.003388,0.057211,0.080287,-0.080088,0.039926,0.034067,0.051108,-0.063478,0.031528,-0.072969
3.880995,-0.003090,0.028595,-0.126694,-0.016169,0.012176,0.049252,0.021981,-0.042034,0.011320,0.035547,-0.011514,0.043112,-0.013278,-0.000750,0.033323
4.997939,0.001471,0.087264,-0.226349,-0.061438,-0.036417,0.068031,0.063631,-0.045714,-0.267300,0.109949,0.039501,0.251825,-0.096691,-0.067040,-0.292672
3.538952,0.000376,0.005302,-0.037033,-0.024518,-0.062706,0.054102,-0.037446,-0.103907,0.078067,-0.028846,-0.066612,0.028552,0.059509,-0.054237,0.152960
3.284551,-0.000331,0.040252,-0.049101,-0.018922,0.085822,-0.037423,-0.027709,0.012136,0.050800,0.041337,0.060132,-0.099361,-0.062936,0.071807,0.082907
3.271771,0.000409,0.039243,-0.012810,-0.063132,-0.053110,0.103812,-0.015136,-0.048492,0.001918,0.013150,0.005931,-0.026294,0.009909,-0.067062,0.130867
2.389243,0.004233,0.026681,0.108079,0.063971,0.019765,-0.031259,-0.008101,0.121228,-0.073683,-0.052060,-0.045816,0.066253,-0.037810,0.042934,-0.069800
3.288455,-0.000337,0.063593,-0.098695,-0.015899,-0.131119,0.083395,0.025803,-0.095114,0.023916,0.023811,-0.124907,0.104955,0.128125,-0.138321,0.178502
4.119965,0.003810,0.034174,-0.059496,-0.106433,-0.058353,0.081508,-0.055046,-0.118500,-0.041107,0.036994,0.042794,-0.016384,-0.029173,-0.060778,0.032508
3.335860,0.002721,0.038558,-0.003699,-0.031783,-0.025767,0.028930,-0.043457,-0.021436,-0.045935,-0.002903,-0.054508,0.038156,0.004818,-0.024237,0.011117
2.986136,0.002874,0.045114,0.015937,0.008157,-0.001424,-0.025661,-0.028981,0.034433,-0.022470,0.004321,-0.020110,-0.006652,-0.033339,0.035786,-0.011349
3.118335,0.000035,0.039973,-0.023903,-0.018253,-0.039007,0.075859,0.013888,-0.013541,-0.006821,0.009961,-0.024665,0.023863,0.020527,-0.052619,0.097392
2.031657,0.006200,0.088173,-0.018144,0.036679,0.030296,-0.109526,-0.032929,0.010530,0.064150,0.052994,-0.165944,-0.041057,0.164882,-0.037546,0.263087
4.223490,-0.005094,0.105226,-0.186381,-0.118882,-0.108549,0.071489,-0.063344,-0.125497,0.009361,0.098548,-0.108447,-0.041122,0.027532,-0.027466,0.045858
3.350582,0.002233,0.070554,-0.061239,-0.020976,0.054827,-0.034798,-0.006673,0.041356,-0.056008,0.078725,0.056875,-0.055619,-0.085012,0.061137,-0.047153
3.584468,0.000648,0.020542,-0.027019,-0.035147,-0.034250,0.078936,-0.016808,-0.041968,-0.038440,-0.012436,-0.039316,0.069543,0.004968,-0.047339,0.023793
2.476291,0.002490,0.036818,0.048364,0.023404,0.011480,-0.043045,-0.053239,0.028092,0.055497,-0.021150,-0.095706,-0.041187,0.045554,0.025858,0.125403
1.785379,0.006379,0.060253,0.053874,0.125361,0.062674,-0.125199,0.039148,0.148673,-0.024587,0.008269,-0.079820,0.045006,0.038359,0.041950,0.039032
1.850962,0.006404,0.075111,0.112228,-0.047936,0.089380,-0.047917,-0.094563,0.076396,0.022331,0.046322,-0.011986,-0.240980,0.015391,0.040816,0.205813
2.177933,-0.000700,0.017106,0.086649,0.047630,-0.077327,-0.031504,-0.041754,0.004623,0.231014,-0.047450,-0.008115,-0.182201,0.006974,0.069592,0.245870
2.889232,0.003963,0.062076,0.049604,-0.114433,-0.171193,0.138418,-0.049091,-0.111928,0.057321,0.020379,0.049493,-0.137977,0.039119,-0.136706,0.276773
2.893687,0.002517,0.020589,0.064845,0.062211,0.006265,-0.031391,0.012125,0.105427,-0.055807,-0.037051,0.045642,0.048156,-0.115763,0.081452,-0.132245
2.328715,0.006480,0.104034,0.012733,0.021972,-0.019089,-0.061123,0.032341,0.085416,-0.035178,0.088247,0.089046,-0.095471,-0.056565,0.020078,0.044373
3.506245,-0.000256,0.067749,-0.059579,-0.085847,-0.090687,0.108620,-0.007530,-0.074004,-0.005919,0.047704,0.030147,-0.030226,-0.000814,-0.084825,0.127521
4.039602,-0.000024,-0.002399,-0.059103,-0.003484,0.071857,-0.083531,-0.087586,-0.036462,0.056262,-0.014369,-0.007339,-0.024078,-0.083593,0.130800,-0.065529
4.390316,-0.002919,0.035701,-0.146184,-0.051996,0.004324,0.030186,-0.014432,-0.071768,-0.001660,0.045434,0.038453,0.022120,-0.073647,0.027699,-0.034471
4.022447,-0.003004,0.032449,-0.128704,-0.055452,-0.010587,0.163031,0.083643,-0.042259,-0.075319,0.052315,0.080389,0.090069,-0.038124,-0.091406,0.037072
3.236290,-0.000353,0.077921,-0.105045,0.107775,0.145791,-0.168771,0.050636,0.172800,-0.110517,0.063925,-0.001776,0.104578,-0.130483,0.172693,-0.257216
3.022445,0.001934,0.026386,0.026513,0.022251,0.003270,-0.006658,-0.011952,0.044587,-0.021552,-0.017035,-0.005299,0.018360,-0.047800,0.038976,-0.026897
3.021672,-0.000556,0.076035,-0.086111,0.031266,0.017494,0.025621,0.065510,0.063074,-0.107663,0.045598,-0.093019,0.148893,0.037453,-0.044948,-0.014461
1.882661,0.006904,0.034504,0.143265,0.026097,-0.139072,0.067455,0.016056,0.013534,0.037687,-0.045083,-0.004905,-0.021434,0.064458,-0.108555,0.219852
3.091785,0.000563,0.026390,0.019245,0.015438,-0.032290,0.018766,-0.003001,0.026906,0.004064,-0.017843,0.014357,0.004297,-0.054410,0.029722,-0.004331
4.130233,-0.001833,0.038069,-0.135815,-0.039710,-0.170637,0.179053,0.055230,-0.123633,-0.072878,0.009695,-0.111793,0.221239,0.085712,-0.170983,0.023487
3.007173,0.004069,0.041831,0.051604,-0.058026,0.002435,0.022130,-0.085002,-0.007077,-0.038033,-0.006729,-0.049069,-0.039362,0.004781,-0.013135,0.059382
4.171508,-0.005398,0.019199,-0.059887,-0.108726,-0.026778,0.106829,-0.082008,-0.086735,0.035325,-0.003323,-0.000236,-0.063590,-0.062474,0.023563,0.033736
3.076033,0.001847,0.023458,0.057555,-0.044194,-0.002377,0.051904,-0.045657,0.011441,-0.009020,-0.014532,0.046006,-0.068157,-0.061772,0.013996,0.046459
2.705244,0.002122,0.011128,0.000689,0.060857,0.023120,-0.108306,-0.055600,-0.021503,0.171737,-0.025335,-0.090608,-0.068910,0.060782,0.066539,0.186724
2.088102,0.002680,0.058490,0.131375,-0.035906,-0.041013,0.127190,0.004829,0.083368,-0.096619,-0.024283,-0.010865,0.004282,0.013367,-0.096159,0.117272
2.225814,0.000811,0.049805,-0.025637,0.008486,0.095294,-0.013078,-0.044337,0.006420,0.051680,0.013642,-0.267994,0.006464,0.219691,-0.059084,0.295884
2.739879,0.003880,0.042085,0.022769,0.079631,-0.033251,-0.031883,0.039139,0.078759,-0.067136,-0.017413,-0.041791,0.122535,-0.018229,0.008175,-0.074165
3.440281,0.000424,0.002559,0.011205,-0.039620,0.050965,-0.029726,-0.116361,-0.043414,0.084378,-0.029574,-0.044380,-0.093345,-0.019879,0.076135,0.081498
4.183762,0.001586,0.019119,-0.060222,-0.067665,-0.027444,0.076515,-0.038803,-0.072716,-0.083255,0.002796,-0.011525,0.083459,-0.036411,-0.035472,-0.065221
3.197878,0.003436,0.045084,-0.021643,-0.016867,-0.083594,0.111902,0.079682,-0.009032,-0.060835,0.039498,0.111633,0.034860,-0.038988,-0.093888,0.056508
3.469877,-0.001252,0.002966,-0.065462,0.015718,-0.000956,0.014855,0.004178,-0.051912,0.098831,-0.006156,-0.010302,0.000646,0.011039,0.009184,0.124748
2.843654,0.004131,0.055860,0.055660,-0.087775,0.109477,0.043193,-0.064321,0.058546,-0.112843,0.035559,0.022868,-0.083592,-0.039098,-0.004452,0.050894
2.756940,0.003987,0.078902,0.012697,0.007688,-0.011629,-0.031938,-0.038818,0.050347,-0.105856,0.005145,-0.145007,0.099613,0.045366,-0.022717,-0.030463
3.343524,0.003121,0.089943,-0.024170,-0.119742,-0.149726,0.146872,-0.021862,-0.084994,-0.075127,0.057653,0.001399,-0.017990,0.029438,-0.147231,0.117078
3.559941,0.000471,0.095442,-0.024300,-0.181944,-0.020549,0.123384,-0.087099,-0.048487,-0.081267,0.086822,0.057661,-0.156348,-0.056611,-0.046786,0.082914
3.622374,0.003820,0.010804,-0.028713,0.047431,0.012150,-0.068887,-0.018185,0.011365,-0.030656,-0.013357,-0.013954,0.078785,-0.065507,0.074118,-0.132967
3.045258,0.003049,-0.014819,0.109665,-0.040040,0.009104,0.070847,-0.074619,-0.004896,-0.014577,-0.076539,-0.015803,-0.006636,-0.018197,-0.013912,0.062686
3.683163,0.003394,0.095225,-0.137116,-0.095810,-0.062176,0.055629,-0.011304,-0.110215,-0.029684,0.116154,-0.011648,-0.031284,0.056106,-0.105829,0.143581
2.464939,0.004594,0.064462,0.060826,-0.036324,0.010183,-0.006204,-0.069744,0.027338,-0.014619,0.016644,-0.064731,-0.083792,0.034152,-0.009294,0.121451
3.634735,0.001769,0.046604,-0.074133,0.021669,-0.019203,0.009656,0.024764,0.014209,-0.118274,0.013361,-0.069245,0.176000,-0.011729,-0.019447,-0.125289
3.415392,-0.000578,0.098210,-0.033885,-0.178381,-0.045653,0.081906,-0.143154,-0.104854,0.011008,0.060889,-0.072285,-0.157722,0.045257,-0.060935,0.203137
2.599438,0.001363,0.045536,0.016925,0.071167,0.063654,-0.105331,-0.034483,0.085900,-0.006839,-0.028701,-0.131901,0.073060,0.021296,0.066799,-0.004959
2.988000,0.001198,0.054043,-0.071765,0.030516,0.007552,-0.000919,0.043229,0.011569,-0.003747,0.039352,-0.046626,0.057258,0.044464,-0.033155,0.093199
2.552116,0.004323,0.032954,0.118860,0.019423,0.011736,0.010827,0.015306,0.131012,-0.069506,-0.006139,0.154253,-0.076725,-0.164651,0.076026,-0.085772
2.871318,0.004182,0.040705,0.010546,-0.001334,0.010256,0.004335,-0.012135,0.008166,-0.025672,0.004839,-0.032312,0.027040,0.028503,-0.037309,0.089999
3.316235,-0.000813,0.041064,-0.076228,-0.015511,-0.092782,0.082549,0.030334,-0.076038,0.059320,0.022446,-0.027867,0.022944,0.057670,-0.084077,0.174108
3.212857,-0.002871,0.060656,-0.062876,0.031197,0.014678,0.014538,0.069525,0.082946,-0.042805,0.040136,0.074710,0.034819,-0.103857,0.047374,-0.058646
2.804792,-0.001581,0.062060,0.010056,0.010303,-0.058784,0.028471,0.014052,0.052208,0.010410,0.008887,0.018355,-0.029977,-0.055191,0.025474,0.027297
2.169412,0.008312,0.064731,-0.031747,0.133311,0.078224,-0.211370,-0.009687,0.070526,0.012664,0.028032,-0.221125,0.087995,0.140897,0.039985,0.064849
2.137081,0.005131,0.098860,-0.011913,0.048575,0.098538,-0.043413,0.069185,0.153843,-0.135444,0.086632,-0.023972,0.034516,0.012356,-0.007895,0.014020
3.043265,0.001491,0.045650,0.016933,0.004848,0.016068,0.024165,0.024941,0.080685,-0.076493,0.018309,0.079864,0.000640,-0.105893,0.036534,-0.067514
2.065860,0.005032,0.026984,0.107493,0.075758,0.010665,-0.097378,-0.047959,0.075938,0.064833,-0.046158,-0.081425,-0.044786,0.022227,0.066646,0.084692
2.584108,0.006396,0.041915,0.048180,0.143651,-0.115328,0.057479,0.214504,0.164388,-0.197196,-0.006234,0.165373,0.248307,-0.132371,-0.057946,-0.216945
3.179408,0.002174,0.052509,-0.021346,0.012053,-0.057118,0.033950,0.028985,0.018615,-0.069593,0.010822,-0.012557,0.090963,-0.017869,-0.035696,-0.027600
2.576367,0.002819,0.037072,0.054948,0.002546,0.012110,0.030764,0.018630,0.063332,0.000909,0.016208,0.090399,-0.087414,-0.061678,0.015735,0.082791
4.158715,-0.004732,0.010755,-0.097491,-0.107002,0.033046,0.101810,-0.058715,-0.108382,0.062358,0.015575,0.015790,-0.061197,-0.018597,-0.011511,0.142753
2.264203,0.004502,0.063814,0.025644,0.043559,0.038355,-0.098254,-0.030612,0.057477,0.042458,0.021812,-0.067997,-0.058508,0.039800,0.038479,0.124144
2.582044,0.004003,-0.023106,0.031693,0.125644,-0.028116,-0.030040,0.066581,0.018121,0.104792,-0.056384,-0.002311,0.066166,0.032225,-0.001141,0.123699
3.418215,-0.003537,0.097111,-0.133318,0.008828,-0.003628,0.025209,0.073379,0.055438,-0.094023,0.076118,-0.007250,0.106065,-0.041371,-0.008877,-0.058116
3.097118,-0.001422,0.073807,-0.038569,-0.082354,-0.106066,0.084185,-0.058310,-0.095750,0.065828,0.020303,-0.100707,-0.047715,0.095989,-0.096185,0.243193
3.784739,0.000361,0.045839,-0.075300,-0.062875,-0.040695,0.027501,-0.077340,-0.091356,-0.000492,0.014861,-0.119882,0.027438,0.049226,-0.029307,0.052245
2.460726,0.002147,0.075077,0.023137,-0.045641,-0.103616,0.136045,0.022267,-0.008144,-0.041562,0.026956,-0.068602,0.005990,0.094966,-0.145248,0.197017
2.140422,0.009021,0.043834,0.094168,0.002769,0.068312,-0.172873,-0.190123,-0.010454,0.095917,-0.022562,-0.241364,-0.128648,0.143417,0.060452,0.195811
3.980966,-0.003945,0.054822,-0.080076,-0.107205,-0.057622,0.131170,-0.031875,-0.067255,-0.036730,0.032764,0.004792,-0.006601,-0.040204,-0.041571,0.029203
2.132856,0.005884,0.068328,-0.025507,0.168141,0.122705,-0.265414,0.020091,0.146447,0.036259,0.036596,-0.081256,0.026282,0.006642,0.145736,-0.017802
3.913564,0.001304,0.012501,-0.052409,-0.086456,-0.079637,0.075383,-0.089871,-0.164107,0.062997,-0.015497,-0.089726,0.002627,0.076227,-0.079173,0.162659
1.998047,0.005629,0.068566,0.091499,0.062622,0.036809,-0.056346,0.022959,0.156630,-0.082313,0.011431,0.010004,-0.002758,-0.046301,0.040533,-0.023485
2.569027,0.003876,0.022641,0.065394,-0.020237,0.012056,-0.044198,-0.123268,-0.037650,0.110336,-0.031680,-0.136935,-0.112092,0.090996,0.017347,0.214343
3.970730,0.001187,0.007189,-0.052404,-0.050207,-0.025041,0.014297,-0.095370,-0.112472,0.031691,-0.025112,-0.106127,0.037854,0.036680,-0.009907,0.045934
2.898116,-0.001176,0.068990,-0.020944,-0.002125,-0.084687,0.116848,0.068959,0.041639,-0.084772,0.020762,-0.023327,0.091673,0.004664,-0.082266,0.025628
3.758351,-0.000413,0.032333,-0.056889,-0.029095,-0.000542,0.042785,-0.006935,-0.011824,-0.046488,0.016269,0.018686,0.037841,-0.061954,0.012246,-0.046876
2.678227,0.006018,0.053787,0.014673,0.058267,0.033930,-0.168428,-0.066613,0.041960,0.049447,0.013739,-0.062507,-0.056241,-0.008445,0.105736,0.010673
3.296069,0.000130,0.043733,-0.085869,0.043965,0.064139,-0.035136,0.035824,0.048480,-0.039564,0.036837,-0.035572,0.075753,-0.017616,0.038484,-0.036046
2.575802,0.009748,0.054136,0.051400,-0.074996,0.050900,-0.048499,-0.149679,-0.057586,0.007276,0.024773,-0.167007,-0.107939,0.144403,-0.048879,0.225878
3.628794,-0.002498,0.006298,0.010246,0.009805,0.039445,-0.005000,0.003697,0.069363,0.014384,-0.012678,0.199131,-0.072807,-0.233447,0.150386,-0.129532
1.927082,0.004417,0.023001,0.064710,0.224632,0.071766,-0.187606,0.083848,0.217371,-0.009605,-0.042272,-0.035714,0.119387,-0.059643,0.149055,-0.137893
3.587803,-0.000452,0.038667,-0.052567,0.027390,-0.039371,-0.031290,-0.017341,0.005028,-0.012163,-0.004664,-0.050910,0.069447,-0.049782,0.059091,-0.101403
3.791936,0.001784,0.040079,-0.024011,-0.071645,0.032938,0.035877,-0.065787,-0.012027,-0.109202,0.010049,-0.020535,0.041955,-0.052872,0.003361,-0.076752
2.748913,0.003395,0.048278,0.006974,0.057707,0.007389,-0.044652,0.023892,0.072434,-0.039128,0.006923,-0.016593,0.053659,-0.024262,0.026218,-0.023509
3.934693,-0.001640,0.029012,-0.071318,-0.089272,-0.023143,0.104923,-0.040304,-0.087614,-0.009376,0.014834,-0.016264,0.008119,-0.000281,-0.051243,0.079532
2.572960,0.003983,0.050098,-0.006562,0.065107,-0.013366,-0.039770,0.052259,0.053074,0.020173,0.031711,0.027066,-0.007233,-0.009371,0.011308,0.069131
1.680745,0.002440,0.011623,0.111307,0.054591,-0.030960,0.063666,0.030061,0.037100,0.092982,-0.060578,-0.083458,-0.002914,0.130617,-0.094705,0.322841
4.069930,0.000509,0.008736,-0.046591,-0.022707,-0.047708,0.050881,-0.005929,-0.046210,-0.031290,-0.011582,0.061787,0.063042,-0.093394,0.009981,-0.083107
2.195006,0.001880,0.038387,0.103468,0.027171,0.059218,-0.048654,-0.011566,0.118994,0.068478,0.004302,0.142056,-0.192928,-0.126747,0.116856,0.085525
2.970767,0.000284,0.020322,-0.033384,0.114214,-0.064180,-0.037645,0.067153,0.026409,0.047639,-0.036106,-0.042100,0.141604,0.007462,0.007397,0.012357
3.907720,-0.001373,-0.000721,-0.020665,-0.008250,0.147529,-0.078269,-0.097081,0.047511,-0.026329,-0.023358,-0.010763,-0.014707,-0.135772,0.178825,-0.172889
5.663724,-0.004046,0.040276,-0.214880,-0.169597,0.040251,0.118626,-0.058007,-0.121662,-0.161723,0.079166,0.060824,0.075815,-0.140333,0.005282,-0.209303
3.673773,-0.001054,0.040578,-0.064496,-0.056967,-0.032271,0.060309,-0.028851,-0.059191,0.013095,0.024620,-0.005632,-0.018129,-0.013775,-0.017919,0.067828
3.629869,0.001132,0.027000,-0.053051,-0.026071,0.087083,-0.093471,-0.090242,-0.031358,0.079715,0.024999,0.022911,-0.110942,-0.063133,0.111490,0.045942
2.865309,0.002031,0.021605,0.070645,0.000152,-0.038976,0.017259,-0.059677,0.008679,-0.001953,-0.059413,-0.086022,0.034550,0.014620,-0.005168,0.041311
3.167453,0.000279,0.061889,-0.006464,-0.032897,-0.036764,0.060633,0.006101,0.027890,-0.059858,0.025733,0.038488,-0.001880,-0.060408,-0.012575,-0.003230
3.185359,0.002422,0.007937,0.065479,-0.093449,0.016837,-0.040369,-0.210740,-0.108820,0.159115,-0.046342,-0.100013,-0.198439,0.043950,0.053503,0.225028
3.183115,0.004877,0.037164,0.027474,-0.065965,-0.002493,0.032727,-0.089918,-0.043092,-0.049712,-0.007807,-0.097231,0.007864,0.052655,-0.051991,0.078175
3.864922,0.003980,0.012533,-0.014212,-0.071498,-0.058688,0.068319,-0.072853,-0.100180,-0.035745,-0.014034,-0.048814,0.035766,0.012632,-0.052945,0.016995
2.565410,0.005828,-0.016264,0.112402,0.093769,0.071245,-0.067770,-0.014436,0.110740,-0.042734,-0.077408,-0.038426,0.076414,-0.042901,0.077913,-0.084091
2.371261,0.003716,-0.028096,0.156575,0.027943,0.143214,-0.019427,-0.048398,0.116602,0.017547,-0.065410,0.058680,-0.107391,-0.086635,0.107435,0.043341
3.897067,-0.001900,0.009213,-0.040781,0.055351,0.054340,-0.020234,0.049430,0.096638,-0.092024,-0.015634,0.126610,0.112825,-0.209737,0.124944,-0.266177
3.051403,-0.002357,0.031874,-0.082065,0.068380,0.006275,0.026717,0.091331,0.038316,0.014884,0.016198,-0.025534,0.096888,0.015460,-0.012228,0.060766
3.822792,-0.000326,0.059548,-0.136857,-0.067066,-0.040891,0.105810,0.031305,-0.087497,-0.035594,0.070609,-0.007061,0.054235,0.041233,-0.109629,0.116316
4.438531,-0.000730,0.044231,-0.151739,-0.072865,-0.003224,0.049276,-0.019200,-0.091527,-0.052028,0.055868,0.004922,0.061644,-0.034211,-0.024124,-0.029943
4.082434,-0.000222,0.043694,-0.068962,-0.077917,-0.102379,0.150599,0.037580,-0.056566,-0.087020,0.039195,0.123397,0.041776,-0.099700,-0.068906,-0.045968
2.644789,0.002638,0.078920,0.028924,0.051103,-0.111859,-0.029832,0.007233,0.056796,-0.048204,-0.013315,-0.066752,0.094778,-0.008672,-0.008288,-0.045546
4.014840,0.001970,0.034506,-0.080124,-0.019311,-0.049360,0.055837,0.041325,-0.029202,-0.080277,0.034868,0.099549,0.080641,-0.096710,-0.020150,-0.095263
3.307253,-0.000913,0.067804,-0.107876,-0.021541,-0.046060,0.045604,0.020648,-0.049715,0.021816,0.057136,-0.058560,0.020181,0.060568,-0.061913,0.139078
4.301714,-0.001385,-0.027866,-0.027077,-0.062259,-0.059821,0.164194,0.002155,-0.075028,-0.033286,-0.033361,0.086132,0.046246,-0.097789,-0.025145,-0.055146
2.121499,0.007124,0.013690,0.112028,0.088739,0.024116,-0.053494,0.039690,0.117575,0.017663,-0.010926,0.102068,-0.073758,-0.078150,0.069212,0.025723
3.392597,-0.000617,0.086298,-0.157402,0.023802,-0.025787,-0.012165,0.053739,-0.014513,-0.026865,0.076241,-0.086307,0.109620,0.056683,-0.043435,0.043982
2.466376,0.005087,0.018919,0.110516,-0.005746,-0.052215,0.027801,-0.051661,0.001067,0.036572,-0.044295,-0.031869,-0.054898,0.026850,-0.026648,0.140306
2.637227,-0.004060,0.042628,0.018603,0.054687,0.038409,0.057414,0.091719,0.158898,-0.061008,0.002119,0.075444,0.030590,-0.115666,0.056458,-0.058910
2.965767,0.001634,0.054491,-0.020698,-0.002773,-0.011436,0.027289,0.018050,0.019086,-0.023102,0.028152,0.002500,0.010100,-0.003515,-0.025918,0.068552
4.148324,-0.001417,0.037047,-0.077452,-0.166195,-0.002742,0.038191,-0.170851,-0.179380,0.123443,0.034019,-0.026821,-0.192140,0.013088,0.005775,0.214898
1.522114,0.006993,0.022835,0.144824,0.101687,0.060109,-0.098531,-0.001766,0.135189,0.064787,-0.026916,-0.006846,-0.102577,0.003706,0.074591,0.129728
2.870240,0.000993,0.063999,-0.021619,-0.012782,-0.025035,0.026561,-0.006327,0.006355,-0.008959,0.026861,-0.061102,0.001703,0.037162,-0.033991,0.100309
3.532133,-0.000523,0.063042,-0.046148,-0.063685,-0.044579,0.126888,0.043430,0.005447,-0.102753,0.048194,0.095981,0.028812,-0.077957,-0.061609,-0.007289
4.169712,0.001483,0.034981,-0.085046,-0.014434,-0.070818,0.013589,-0.023872,-0.062534,-0.077917,-0.006132,-0.056894,0.162156,-0.027773,-0.019723,-0.126273
2.690531,0.003009,0.039597,0.002489,0.037354,0.059462,-0.044536,0.010249,0.060867,0.008819,0.022736,0.009322,-0.030306,-0.017767,0.039777,0.063393
2.936031,0.000625,0.032940,0.028598,-0.001733,-0.065392,0.032679,-0.026522,-0.008635,0.035046,-0.027369,-0.039476,-0.002322,0.006263,-0.012582,0.084952
4.152485,0.003119,-0.006140,-0.020145,-0.052470,-0.111839,0.062001,-0.070512,-0.132601,0.009172,-0.042661,-0.026217,0.058680,-0.012680,-0.038779,-0.009464
3.133013,0.009467,0.134858,-0.205368,0.141761,0.022751,-0.210976,0.110488,0.088004,-0.180531,0.152162,-0.127726,0.241382,0.048608,0.013528,-0.213764
2.087010,0.005758,0.048322,0.117282,0.049602,0.065226,-0.059797,0.017903,0.153756,-0.037030,0.005323,0.132667,-0.084694,-0.118785,0.075692,0.004748
1.865640,0.007107,0.002965,0.214716,0.014269,-0.126130,0.109998,-0.002941,0.035877,0.005940,-0.091218,0.013047,-0.019219,0.027805,-0.097503,0.170297
2.842784,0.006246,0.049137,0.040688,0.008456,-0.028236,-0.042095,-0.044191,0.014372,-0.032943,-0.004512,-0.042534,0.016388,0.002503,-0.001636,0.014300
3.710524,0.000483,0.035227,-0.076244,0.000445,0.040357,-0.006559,0.009431,0.016475,-0.049776,0.035649,0.031352,0.035537,-0.076836,0.048482,-0.080577
3.965130,0.001545,-0.012384,-0.006542,-0.014915,0.083483,-0.097704,-0.117438,-0.024688,0.060797,-0.029564,0.042780,-0.079197,-0.129577,0.162720,-0.083525
4.629797,-0.007348,0.015654,-0.097539,-0.187097,0.056303,0.100865,-0.141285,-0.133065,0.101732,0.037586,0.086789,-0.230840,-0.114729,0.078699,0.110053
3.099895,0.001127,0.047927,-0.061085,0.043431,0.009308,-0.037124,0.016325,0.024435,-0.004472,0.025336,-0.068652,0.054366,0.016044,0.021234,0.010487
3.084965,-0.002704,0.041293,-0.057433,0.054151,0.017275,0.003468,0.056284,0.063822,-0.005357,0.012429,-0.013276,0.064861,-0.034605,0.035805,-0.009051
1.928451,0.003186,0.088008,0.002640,0.021282,-0.010408,0.033778,0.065647,0.065540,0.002181,0.070576,-0.026413,-0.055004,0.082028,-0.075464,0.230244
3.282659,-0.003540,0.057420,-0.069095,-0.053374,0.026576,0.089304,-0.014194,-0.003372,-0.045981,0.027636,-0.114817,0.042327,0.054445,-0.047740,0.089281
3.123994,0.000877,0.022731,0.021770,0.050177,-0.030371,0.039135,0.079075,0.081842,-0.056897,-0.014189,0.139066,0.066243,-0.137604,0.025677,-0.091210
3.030331,0.003437,0.009920,0.013912,0.000972,0.001262,0.005749,-0.030426,-0.037394,0.049509,-0.025129,-0.031646,0.006526,0.040891,-0.030983,0.148897
3.855382,-0.004250,0.052913,-0.137216,-0.023245,-0.013641,0.080984,0.054203,-0.016761,-0.037831,0.053768,0.015649,0.069396,-0.037022,-0.021960,-0.003147
3.090407,0.002232,0.051321,-0.032994,-0.022113,0.028037,0.005425,-0.011265,0.004774,-0.005685,0.045693,0.004837,-0.047428,-0.006852,0.002196,0.080697
4.216496,-0.000670,-0.008762,-0.001971,-0.098850,0.099278,0.036387,-0.096700,-0.020863,-0.018253,-0.004680,0.138646,-0.114626,-0.182182,0.111296,-0.079772
2.806027,0.003426,0.071513,0.005421,-0.020963,0.022280,0.008541,-0.011405,0.048742,-0.080500,0.037325,-0.021588,0.003473,-0.004329,-0.019538,0.032249
3.324361,-0.003012,0.062033,-0.035534,-0.104821,0.020687,0.100538,-0.047588,-0.019122,-0.012885,0.042240,-0.003637,-0.088964,-0.013737,-0.023538,0.126631
3.361827,-0.000405,0.055525,-0.058766,-0.000053,0.008543,0.038088,0.042286,0.048403,-0.078819,0.044345,0.031491,0.043061,-0.066826,0.012963,-0.061820
4.029307,-0.000084,0.006528,-0.031733,-0.057830,-0.074529,0.097604,-0.032976,-0.081409,-0.014964,-0.021263,0.017167,0.040006,-0.048281,-0.027801,-0.014251
2.004637,0.003140,0.028515,0.092109,0.116366,-0.012405,0.005106,0.075897,0.139059,-0.070903,-0.060665,-0.072181,0.165297,0.026713,-0.031064,0.003463
2.668964,0.001614,0.044921,0.020299,0.084244,0.068303,-0.028722,0.070239,0.166268,-0.122935,0.005185,0.021799,0.100659,-0.092582,0.065561,-0.148681
4.595686,-0.000507,0.045584,-0.087410,-0.098121,-0.036299,0.094128,-0.014603,-0.041377,-0.137819,0.042382,0.129338,0.047788,-0.169723,0.007463,-0.188507
3.570480,-0.000687,0.026198,-0.012168,-0.022946,-0.038031,0.042617,-0.023638,-0.008184,-0.010846,-0.009859,0.023219,0.003833,-0.075300,0.029755,-0.038408
2.277323,0.000692,0.051583,0.060713,0.023161,0.202186,-0.075244,-0.006431,0.192552,-0.026961,0.044100,0.110222,-0.167347,-0.143268,0.163012,-0.006625
