8.069913,0.615080,-0.013826,0.004977,0.557048,0.051758,-0.083003,-0.383087,0.594534,0.146378,0.258116,-0.767369,-0.053493,0.224027,0.060567,-0.466586
6.515223,0.608506,-0.032220,-0.104022,0.614811,0.298931,0.045949,-0.236326,0.615428,0.068986,0.351737,-0.579727,-0.469891,0.046737,0.086367,0.007630
5.143716,0.605421,-0.112386,-0.104293,-0.096869,-0.187508,0.615291,-0.076741,0.230916,0.316788,0.140597,0.026243,-0.235224,0.448679,-0.386874,0.825964
7.148083,0.589603,-0.279994,0.039185,0.515320,0.396291,-0.095475,-0.588202,0.132677,0.170390,0.053856,-0.253901,-0.411776,0.332061,0.152507,0.562657
3.897033,0.630157,0.026619,-0.296544,0.315597,0.165639,0.780896,0.598637,0.674337,0.036275,0.970038,-0.868695,-0.350801,0.078755,-0.384617,-0.140544
7.415366,0.595314,-0.189271,-0.092116,0.513292,0.200819,-0.241344,-0.632240,0.259103,0.008102,0.096258,-0.362992,-0.173748,0.476888,0.439240,0.124418
7.304153,0.605427,-0.019165,-0.103973,0.436701,0.030702,-0.113155,-0.455246,0.446188,0.057716,0.100766,-0.436041,-0.173797,0.341426,0.308581,-0.039609
6.537708,0.602014,-0.211460,-0.426950,0.562399,0.370677,0.115926,-0.613197,0.536545,-0.290003,0.387535,-0.029475,-0.225116,0.243442,0.306972,-0.115713
7.362651,0.598852,-0.119544,-0.141693,0.657803,0.280183,-0.267166,-0.609225,0.481351,-0.055933,0.191760,-0.435870,-0.292896,0.279963,0.459214,-0.063672
7.054204,0.600553,-0.110871,-0.080109,0.536352,0.143736,-0.175855,-0.490464,0.450996,0.060875,0.207604,-0.487235,-0.243382,0.352447,0.315569,0.041628
7.809389,0.595584,-0.225416,-0.284434,1.035205,0.601480,-0.514294,-0.863293,0.670969,-0.334066,0.404517,-0.510837,-0.327056,0.181074,0.744177,-0.480792
4.406642,0.619535,0.083777,-0.136027,0.126776,-0.205435,0.443753,0.379668,0.512000,0.218736,0.581680,-0.779692,-0.241773,0.385533,-0.122434,0.189753
7.689730,0.610655,-0.073072,-0.245161,0.750801,0.261688,-0.219157,-0.539437,0.688822,-0.187300,0.407871,-0.649839,-0.106531,0.228498,0.441593,-0.644535
7.450065,0.603387,-0.150177,-0.209234,0.902274,0.438225,-0.258152,-0.651133,0.806856,-0.141658,0.410360,-0.528549,-0.374906,0.065992,0.345686,-0.367586
9.744915,0.638036,-0.167671,-0.275845,0.665822,-0.166029,0.155989,-0.729248,1.170175,-0.158644,0.889504,-0.837828,0.869483,0.294239,-0.317749,-2.099034
4.428600,0.607338,-0.042359,-0.314026,0.536606,0.297482,0.104483,0.098281,0.514633,-0.142682,0.714513,-0.735976,-0.467483,0.285922,0.414430,0.068986
13.930779,0.568502,-0.285803,0.471655,1.097834,0.159551,-1.609477,-2.270594,0.441970,0.305770,-0.961447,-0.165496,0.002938,0.401325,0.870009,-0.249660
7.476521,0.598011,0.209456,-0.556514,1.644956,1.246907,-1.118533,-0.597697,0.787339,-0.897831,0.332736,-0.997326,-1.070784,-0.351688,1.975842,-0.847144
5.725204,0.631402,0.075941,-1.320766,0.850524,0.105790,-0.056276,-0.568528,1.440145,-1.319415,1.257841,-0.382177,0.428271,0.359794,1.288063,-2.194170
5.624140,0.579243,-0.383423,-0.656729,0.012201,-0.065282,0.178934,-1.098092,0.177809,-0.365112,-0.150629,1.099642,-0.060575,0.848730,0.546794,0.904603
10.188070,0.616701,-0.218994,-0.365011,0.357490,-0.400971,-0.112940,-1.248125,0.741592,-0.232870,0.157766,-0.044871,0.909903,0.727333,0.197629,-1.318897
9.284996,0.621487,0.013819,-0.455225,0.861575,0.141626,0.147355,-1.190985,1.635490,-0.256867,0.374208,0.224759,-0.070208,-0.492487,-0.266187,-1.262803
3.579156,0.616688,0.330842,0.204519,0.165161,-0.040366,0.159296,1.012517,0.075756,0.486619,0.374699,-1.507509,-0.761651,0.321128,0.231723,0.772829
7.303723,0.555283,-0.222015,0.235418,0.376529,0.237497,-1.262625,-0.748683,-0.947010,0.125277,-0.758135,-0.549001,-0.457142,1.292749,1.803948,1.492784
6.807320,0.594205,-0.223908,-0.072670,0.070069,0.099837,0.129880,-0.404830,-0.284173,0.110699,-0.136855,-0.074261,-0.082463,0.715786,0.270677,0.686159
10.401908,0.615761,-0.547394,-0.238608,0.273568,-0.147803,0.193884,-1.158980,0.274320,-0.144858,0.416001,-0.157827,1.196820,0.929922,-0.213246,-1.314821
5.676667,0.645507,0.526769,-0.003511,0.299456,-0.195748,0.695636,0.634234,1.143884,0.422078,0.450855,-0.978650,-0.588227,-0.510510,-0.684003,-0.333613
9.900263,0.624298,0.419256,-0.050694,0.642272,0.041180,-0.244023,-0.564154,0.831461,0.052494,-0.386110,-0.490275,-0.343515,-0.306986,0.322705,-0.683330
9.100421,0.562498,-0.419969,0.220441,0.489149,0.296932,-1.007123,-1.192095,-0.622654,0.131378,-0.628171,-0.246150,-0.128190,1.082044,1.177248,0.912091
11.986995,0.574711,0.044927,0.179300,0.255179,-0.419682,-1.727510,-1.404206,-0.844886,-0.051599,-1.415769,-0.539177,0.520718,1.610660,2.250965,0.113032
11.708826,0.632118,0.259085,-0.162281,0.291850,-0.466185,-0.332980,-0.854110,0.434673,-0.146640,-0.310730,-0.598041,0.851882,0.534681,0.594838,-1.647651
5.976016,0.565520,-0.658272,-0.071100,1.169037,1.049815,-0.415114,-1.017445,0.538908,-0.041716,0.563674,-0.131922,-0.930086,0.085031,0.290697,0.794348
5.146489,0.574680,-0.144257,0.109528,1.510213,1.373504,-0.906506,-0.165593,0.403424,-0.036060,0.458326,-1.261779,-1.661058,-0.266611,1.073771,0.835791
2.855178,0.617474,0.520477,0.303193,-0.054081,-0.125123,0.594221,1.134868,0.280970,0.794905,0.073376,-0.971628,-1.256042,-0.193337,-0.369467,1.487951
4.846500,0.628420,0.170744,-0.450896,0.720455,0.693039,0.614952,0.338842,0.880682,-0.258850,0.777920,-0.611400,-0.823118,-0.531793,-0.074382,-0.328230
6.099174,0.563324,-0.838312,-0.288726,1.278478,1.576459,-0.118066,-1.154678,0.355890,-0.331651,0.624376,0.298753,-1.039394,-0.129006,0.207444,0.804529
8.098065,0.602847,0.007464,-0.162794,0.787256,0.242561,-0.529997,-0.661333,0.581319,-0.155399,0.131064,-0.654009,-0.235399,0.262953,0.772677,-0.442086
10.961168,0.601674,-0.604804,-0.341393,1.869703,1.238405,-0.703126,-1.641765,1.326894,-0.625200,1.002235,-0.690123,-0.001232,-0.279300,0.390158,-1.980226
11.819676,0.568120,-0.270509,0.794211,0.624702,0.074462,-1.497878,-1.230224,-0.652926,0.631876,-0.984434,-1.003840,0.006761,1.064494,1.061510,0.610003
5.277456,0.589361,-0.283541,0.102930,1.140968,0.994169,-0.430066,-0.015313,0.321836,0.069181,0.752563,-1.318375,-0.974088,0.082082,0.505583,0.400645
5.124718,0.561654,-0.542901,0.093937,0.312594,0.462852,0.145281,-0.820269,0.036214,0.418552,-0.113134,0.622565,-0.923859,0.315159,-0.233978,2.017362
6.069897,0.600695,-0.241508,0.263364,0.552827,0.109573,-0.004991,-0.152589,0.553571,0.518677,0.539036,-0.931166,-0.385781,0.308991,-0.340660,0.379636
10.755943,0.639673,0.416784,-0.533782,0.679205,-0.257619,-0.358480,-0.851542,1.155440,-0.524740,-0.026882,-0.525063,0.468395,0.069312,0.804842,-2.043256
9.921670,0.588204,-0.409116,0.306302,0.278727,-0.001377,-0.072228,-1.195334,0.097110,0.507603,-0.366726,0.150650,0.118482,0.479761,-0.385509,0.425649
9.813121,0.587800,-0.208621,0.146170,0.572269,-0.063760,-0.681369,-1.230858,0.359431,0.212407,-0.308926,-0.261310,0.063098,0.572243,0.472403,-0.031236
7.972655,0.575166,-0.511878,-0.192658,0.114213,0.217229,0.209814,-1.348462,-0.062111,0.041836,-0.383463,1.068662,-0.090515,0.529055,-0.043804,0.968996
-1.631985,0.577850,0.361993,-0.027575,-0.191686,0.141279,0.457203,1.203423,-0.136709,0.533897,-0.097820,-0.192746,-2.125246,0.132440,0.438302,3.377112
1.944705,0.531447,-0.974782,0.056953,0.145902,0.746532,0.171560,-0.637100,-0.676498,0.388211,0.126878,0.793249,-1.162762,0.912666,0.045336,3.282612
6.544990,0.595274,-0.499819,-0.306208,0.078219,-0.025146,0.268193,-0.680681,-0.028625,-0.103287,0.387225,0.072508,0.435649,0.992235,0.115850,0.117572
9.166229,0.552497,-0.736092,0.453143,0.782189,0.603068,-0.938118,-1.422442,-0.367402,0.395679,-0.321223,-0.234020,-0.339952,0.821481,0.536141,1.123761
4.558092,0.591954,-0.679980,-0.555547,0.734457,0.795529,0.625069,-0.704813,0.815828,-0.319392,1.115758,0.348289,-0.409535,0.052258,-0.420215,0.180951
12.427528,0.579864,-0.173823,0.183669,0.566860,0.103275,-0.989997,-1.726478,-0.116162,0.086049,-1.015557,0.115038,0.154551,0.601719,0.915937,-0.026246
4.871052,0.617054,0.544780,0.239921,-0.288599,-0.634087,-0.036918,0.838471,-0.265406,0.554742,-0.306760,-1.254550,-0.372144,0.749519,0.606371,0.873743
10.618574,0.592706,-0.464811,-0.403174,0.537001,0.028663,-0.473291,-1.703476,0.312181,-0.437039,-0.052136,0.286694,0.760317,0.885719,0.716909,-0.903280
4.094988,0.593538,0.005990,0.144920,0.182889,-0.055599,-0.325997,0.433856,-0.295502,0.297269,0.302118,-1.290198,-0.403760,0.951700,0.827050,0.885565
2.478028,0.600068,-0.369858,-1.210229,0.903397,0.855536,0.352891,-0.381107,1.028799,-1.104710,1.401874,0.152471,-0.524633,0.158538,0.801016,-0.375124
3.840920,0.609630,-0.062141,-0.657967,0.119109,0.090129,0.692981,-0.091323,0.556643,-0.312884,0.549171,0.260720,-0.320576,0.269925,0.095417,0.308478
0.546020,0.600597,-0.672693,-0.536191,1.182958,1.342383,0.981601,0.289049,1.348534,-0.230172,2.179902,-0.515627,-1.235732,-0.538147,-0.877067,0.366942
10.262869,0.602918,-0.032073,-0.351457,-0.019383,-0.476966,-0.360464,-1.213475,-0.091853,-0.283086,-0.649797,0.280881,0.766249,1.065026,0.963466,-0.490878
4.704058,0.586956,-0.221005,-0.342051,0.486847,0.361678,0.169470,-0.545058,0.604011,-0.076762,0.341953,0.257997,-0.721529,0.122038,0.170858,0.798571
7.939846,0.605854,-0.110497,-0.108651,0.329629,0.016959,-0.152052,-0.475563,0.079097,-0.014479,0.024088,-0.515162,0.136089,0.662331,0.471328,-0.163743
6.441616,0.554431,-0.568328,0.063438,0.364522,0.707967,-0.481471,-0.819108,-0.899566,0.059362,-0.428885,0.135498,-0.607117,0.944504,0.944751,1.784762
7.474597,0.604416,-0.330300,-0.775861,0.607054,0.298609,-0.003386,-1.034071,0.612885,-0.730807,0.480381,0.212717,0.292394,0.544893,0.687808,-0.824852
5.540049,0.608618,-0.041285,-0.223056,1.362927,0.904588,-0.456479,-0.004627,0.960778,-0.294699,1.063250,-1.484569,-0.825044,-0.190717,0.717545,-0.652951
3.575177,0.607013,0.526988,0.157922,0.480927,0.352099,-0.100695,0.864117,0.254423,0.375670,0.021823,-1.232660,-1.500693,-0.227055,0.587071,1.188939
1.190115,0.599296,-0.068181,-0.772568,0.906324,0.873874,0.264202,0.290369,0.953703,-0.587774,1.185122,-0.423932,-1.269189,-0.170008,0.666570,0.481765
7.677209,0.548200,-0.837933,-0.235491,0.742456,0.901310,-0.462214,-1.739049,-0.151012,-0.243268,-0.199929,0.914808,-0.497743,0.598736,0.661930,1.218666
8.663995,0.586501,-0.565880,0.588379,1.113598,0.585411,-0.610621,-0.726152,0.453668,0.594520,0.579381,-1.327632,-0.305000,0.298594,-0.235386,0.006703
3.731558,0.586606,-0.323120,-0.161336,0.378580,0.496159,0.467845,-0.171783,0.352705,0.174624,0.430790,0.108509,-0.908887,0.109609,-0.251486,1.317664
7.709250,0.580929,0.036968,0.536277,-0.016929,-0.212024,-0.060560,-0.612919,-0.014942,0.924060,-0.955275,0.234003,-0.788990,0.190102,-0.298883,1.834773
5.791971,0.584636,-0.913091,-0.354169,1.970697,1.622648,-0.277685,-1.012089,1.492684,-0.457453,1.876916,-0.791959,-0.772996,-0.396765,-0.085293,-0.799979
12.133221,0.587828,-0.356825,-0.270459,0.873033,-0.003854,-1.111332,-2.033756,0.562631,-0.411391,-0.324554,0.026037,0.643526,0.826787,1.137437,-1.115045
11.305495,0.621615,-0.120223,0.379226,-0.113238,-1.293180,0.056654,-1.183961,0.942535,0.829831,-0.206107,-0.220412,1.115471,0.769488,-0.986002,-0.813067
6.269033,0.609300,0.359531,0.061390,0.272655,0.037153,-0.077797,0.162010,0.176458,0.260820,-0.255507,-0.692107,-0.712881,0.102722,0.474911,0.585979
8.790040,0.593448,-0.159983,-0.140543,0.959338,0.441394,-0.815207,-0.912139,0.393379,-0.255735,0.114959,-0.716925,-0.159685,0.433831,1.050893,-0.494971
7.364093,0.553951,-0.470678,0.149235,0.109349,0.262038,-0.743317,-0.929208,-1.130328,0.135194,-0.741908,0.060417,-0.216166,1.362650,1.257358,1.686767
11.013226,0.598491,-0.070812,0.315768,0.655844,0.289278,-0.387941,-1.061516,0.295380,0.369867,-0.562518,-0.251359,-0.263489,-0.013457,0.018154,-0.000987
4.350797,0.588070,-0.796336,-0.293198,0.373424,0.228825,0.378866,-0.517531,0.345919,-0.029650,1.123269,-0.189347,0.167005,0.917568,-0.265014,0.320706
4.520542,0.617166,0.409821,-0.346554,0.745008,0.433704,-0.002059,0.326793,0.867211,-0.188583,0.416785,-0.822453,-1.077560,-0.360382,0.635062,0.048548
4.666747,0.569311,-0.594659,0.349848,-0.700156,-0.103988,1.016622,-0.350490,-0.829667,0.929020,-0.418542,0.969490,-0.381545,0.803767,-1.093177,2.740090
8.493393,0.595795,-0.100422,-0.010408,1.215872,0.637979,-1.056681,-0.613521,0.393567,-0.227540,0.355462,-1.380976,-0.322576,0.362340,1.257177,-0.689507
8.158445,0.594215,-0.606508,-0.307960,0.647800,0.366397,-0.135273,-1.072502,0.298275,-0.299818,0.627857,-0.219303,0.446031,0.744430,0.309480,-0.638272
14.896818,0.577600,-0.592368,-0.116089,0.841318,-0.333466,-1.751726,-2.703160,0.193366,-0.434650,-0.500734,-0.163871,1.524063,1.587027,1.624084,-1.735551
6.502773,0.630088,0.179969,-0.460291,0.536355,0.100407,0.376059,-0.146297,1.049101,-0.239273,0.585105,-0.443593,-0.189237,-0.150753,0.022188,-0.834859
7.083056,0.611219,0.035295,0.006330,0.793664,0.161500,-0.224490,-0.308878,0.931434,0.165075,0.411981,-0.900016,-0.444351,-0.000756,0.116054,-0.296913
8.313728,0.624745,0.301878,0.175440,0.421639,-0.505398,-0.301394,-0.196618,0.853243,0.390632,0.129751,-1.170760,0.065871,0.283896,0.132148,-0.690685
6.299375,0.621131,0.258919,0.192310,0.939593,0.520532,-0.107335,0.365839,0.812861,0.298644,0.570054,-1.532428,-0.910354,-0.433832,0.040382,-0.242087
7.280851,0.617388,0.227833,0.256831,0.822613,0.084949,-0.350609,0.005556,0.924411,0.412548,0.328246,-1.398942,-0.593649,-0.117972,0.085196,-0.284542
-1.801527,0.618462,-0.075065,-0.590465,-0.027550,0.254833,1.410945,1.368868,0.535269,-0.022006,1.492210,-0.545142,-0.955934,0.201720,-0.503703,1.193818
3.978332,0.608000,-0.141721,-0.163218,0.033529,0.131634,0.515259,0.420832,-0.142040,0.104780,0.531175,-0.644596,-0.244706,0.652673,0.070479,0.635181
4.465750,0.609422,-0.202389,-0.296714,0.809884,0.554428,0.283675,-0.011701,0.908738,-0.107001,1.097449,-0.735960,-0.570666,-0.057506,-0.082252,-0.173282
5.032744,0.645420,0.185190,-0.571559,-0.308670,-0.352780,1.586196,0.239652,0.883040,0.004459,0.567064,0.368143,0.095464,-0.150235,-1.095327,-0.344625
10.138045,0.595753,0.316445,1.019108,0.576232,-0.127231,-0.936840,-0.319089,0.116075,1.130597,-0.866231,-1.401146,-0.745553,0.081062,0.180377,0.775114
10.283026,0.556576,-0.669732,0.276497,1.761262,1.409772,-1.265522,-1.778738,0.548195,0.021885,0.018625,-0.389098,-0.977543,-0.174827,0.663704,0.291380
11.119431,0.591797,-0.190261,0.002419,0.907766,0.173602,-1.171474,-1.334116,0.235673,-0.185973,-0.252357,-0.743692,0.292735,0.751252,1.234716,-0.817930
0.825324,0.606895,-0.384829,-1.085421,0.266180,0.534901,1.344361,0.017415,0.965495,-0.623549,1.344249,0.755318,-0.619349,-0.004965,-0.396993,0.508733
7.131144,0.618907,-0.043445,-0.801349,0.105177,-0.522142,0.673234,-1.144736,1.448775,-0.336798,0.251916,1.077555,0.307774,0.110060,-0.370773,-0.631063
6.772755,0.579243,-0.690054,-0.206263,1.404241,1.034110,-0.429057,-1.120130,0.968775,-0.233398,0.992710,-0.420336,-0.571830,0.021173,0.211199,-0.198882
2.970585,0.619542,0.465614,-0.338895,0.144205,0.191414,0.734648,0.679370,0.600296,0.083228,0.132496,-0.192231,-1.242221,-0.395276,-0.009259,1.004858
5.596228,0.644757,0.084073,-0.636830,0.932298,0.185833,0.063354,0.288374,1.253070,-0.585323,1.458527,-1.623413,0.193378,0.248060,0.509289,-1.923323
-2.718491,0.601398,-0.579176,-1.172888,0.809337,1.362673,1.335053,0.761942,0.959553,-0.846699,2.349176,-0.115478,-1.259389,-0.180762,-0.157473,0.669916
4.467286,0.596745,-0.097262,0.523081,0.771808,0.653403,-0.156574,0.610254,0.114994,0.663596,0.603735,-1.708720,-1.122821,0.068977,-0.043032,0.999673
7.191232,0.569646,-0.740465,0.015479,0.678431,0.242519,-0.543696,-1.204089,0.243106,0.085434,0.479371,-0.270461,0.097719,0.960860,0.371037,0.329820
3.682828,0.615050,0.110172,-0.303556,0.507759,0.333727,0.364195,0.406553,0.676437,-0.043175,0.703753,-0.736042,-0.782183,-0.034017,0.138749,0.273827
6.286808,0.600243,-0.144974,-0.140878,1.155452,0.917840,-0.629771,-0.056138,0.228756,-0.325561,0.774881,-1.519914,-0.534875,0.287406,1.110516,-0.464616
9.443909,0.612344,0.281391,0.540420,1.339618,0.916429,-0.551491,-0.173642,0.788043,0.485235,0.021775,-1.495456,-1.210924,-0.905447,0.037062,-0.261461
7.063201,0.621510,0.066461,-0.112510,0.687863,0.025457,0.183680,-0.357961,1.290763,0.165716,0.560624,-0.573303,-0.328567,-0.246576,-0.380892,-0.567646
5.154744,0.594350,-0.266343,0.271631,-0.583884,-0.236643,0.613086,0.288032,-1.007501,0.644573,-0.247077,-0.259237,0.000993,1.148639,-0.256508,1.662589
5.205655,0.579672,-0.454448,0.095059,0.503921,0.792894,0.567383,-0.499133,0.327182,0.428408,0.212579,0.407293,-1.113635,-0.277863,-0.778098,1.568081
6.430751,0.577163,-0.664160,-0.706431,0.594924,0.293558,-0.146445,-1.462727,0.586484,-0.598953,0.550229,0.667140,0.177598,0.780711,0.624588,-0.072214
5.760284,0.636863,0.449780,-0.005197,0.873979,0.295253,-0.061284,0.682330,0.970967,0.106144,0.761683,-1.842469,-0.701239,-0.326947,0.267747,-0.768798
4.152632,0.559250,-0.303812,0.152158,0.497425,0.780738,-0.200226,-0.328529,-0.271092,0.327849,-0.168696,0.032283,-1.405198,0.218828,0.456246,2.244713
1.081915,0.618263,-0.168580,-1.169346,0.910062,1.193948,1.215630,0.216878,1.430165,-0.877051,1.652608,0.288062,-1.179842,-0.812078,-0.230329,-0.135631
3.973790,0.590703,0.225541,0.198405,-0.912940,-0.680844,0.493809,0.441699,-0.920296,0.711459,-0.884583,0.158036,-0.468521,1.013218,0.190842,2.402824
8.786067,0.657590,0.383773,-0.567355,0.195939,-0.597901,0.701251,-0.368411,1.457216,-0.216169,0.402337,-0.198617,0.588819,-0.125130,-0.450418,-1.847301
3.564744,0.603616,0.259480,-0.233707,0.473533,0.316022,-0.003965,0.398688,0.405389,-0.024903,0.276998,-0.715339,-1.061917,0.058107,0.686571,0.785369
11.105448,0.647765,0.372537,-0.452506,0.088770,-1.349383,0.071158,-1.207134,1.726772,-0.080878,-0.023961,0.043891,1.192558,0.363256,-0.169619,-2.172490
1.296312,0.611915,-0.462010,-0.200770,1.320895,1.396758,0.504981,0.919237,0.869546,-0.100239,2.182517,-1.830879,-1.141211,-0.291641,-0.342477,-0.046026
11.678372,0.563517,-0.301008,0.680022,0.545847,-0.160465,-1.173308,-1.735634,0.029851,0.752659,-1.115515,-0.044286,-0.181643,0.673333,0.408940,0.939824
2.674554,0.594702,-0.482889,-0.807634,0.268684,0.090400,0.283817,-0.243359,0.384554,-0.582608,1.127628,-0.114939,0.124145,1.071375,0.649612,0.108421
5.006594,0.642493,0.562456,-0.250622,0.101232,-0.585527,0.745312,0.372437,1.443570,0.295361,0.400035,-0.444239,-0.447628,-0.367122,-0.601374,-0.276388
7.958242,0.572566,-0.498739,-0.205892,0.842072,0.698901,-0.311463,-1.399171,0.453631,-0.135179,-0.063771,0.509071,-0.574095,0.145555,0.328925,0.601663
11.883558,0.608712,-0.011106,0.345054,-0.088458,-0.871311,-0.115486,-1.326941,0.430222,0.655152,-0.749643,0.168246,0.714708,0.571887,-0.448641,-0.322262
6.655982,0.601994,-0.258794,-0.001258,0.481227,0.137819,0.194081,-0.486615,0.641345,0.265905,0.412381,-0.310286,-0.259476,0.201032,-0.358451,0.196295
12.141111,0.581276,-0.184046,0.391223,0.070883,-0.537681,-1.151294,-1.388862,-0.711922,0.322759,-1.081117,-0.432493,0.799634,1.506426,1.166824,0.053184
8.875142,0.624617,0.111157,-0.472050,0.831023,0.230288,-0.070440,-0.768937,1.135217,-0.411655,0.360831,-0.335493,-0.007928,-0.168345,0.351820,-1.333756
-1.126852,0.583404,0.011695,-0.667435,0.249381,0.428368,0.713966,0.413843,0.769027,-0.156877,0.724127,0.463733,-1.672328,-0.138786,0.217714,2.041796
5.899376,0.633426,0.476800,-0.032660,0.509257,-0.049559,-0.130881,0.642474,0.559400,0.084152,0.502191,-1.703768,-0.338658,0.148688,0.582635,-0.646610
9.652080,0.546055,-0.356070,-0.028466,0.564971,0.295639,-1.102736,-2.012060,-0.133620,-0.037557,-1.149433,0.968496,-0.531124,0.652637,1.270473,1.349262
7.546950,0.602008,-0.147269,0.316193,0.518187,0.088148,-0.276652,-0.233454,0.202594,0.444371,0.211535,-1.085172,-0.178590,0.485590,0.079008,0.144640
4.272422,0.644139,0.822443,0.266526,-0.132573,-0.666254,0.386490,1.365058,0.466215,0.706911,0.127960,-1.694044,-0.601622,0.085793,-0.074837,0.306961
8.091043,0.587442,0.068406,0.392839,0.703282,0.393484,-0.506153,-0.528543,0.289379,0.516427,-0.507173,-0.508392,-1.018808,-0.113572,0.266938,0.970903
5.962928,0.556871,-0.732241,-0.221298,0.859890,0.753455,-0.800393,-1.071069,-0.170738,-0.317995,0.380360,-0.240803,-0.347251,1.009538,1.213879,0.762322
2.613291,0.573238,-0.376765,-0.376761,1.115278,1.176475,-0.330550,-0.116222,0.381152,-0.367259,0.886551,-0.608964,-1.329277,0.139051,0.953854,1.001278
8.277491,0.598583,-0.421407,0.024748,-0.241178,-0.590619,0.310159,-0.911041,0.030031,0.380986,-0.103116,0.260510,0.703412,1.067095,-0.416381,0.275877
8.525301,0.579008,-0.218511,-0.292008,-0.166857,-0.300419,-0.192449,-1.309254,-0.323687,-0.105854,-0.836804,0.929168,0.247778,1.025303,0.769824,0.789585
9.212838,0.604585,0.030166,0.198328,0.973063,0.538313,-0.884870,-0.319615,0.035430,0.011714,0.021178,-1.536437,-0.282653,0.373413,1.044833,-0.510473
4.041769,0.581129,-0.375286,-0.172848,1.617588,1.367646,-0.446215,-0.319812,1.087179,-0.182771,1.132443,-0.936081,-1.507409,-0.444072,0.445410,0.416148
4.699535,0.617505,0.296339,-0.267851,0.698535,0.429364,-0.165787,0.502871,0.430369,-0.212977,0.525344,-1.305463,-0.748541,0.095703,0.903803,-0.121210
12.299135,0.611005,-0.427069,-0.139196,0.667665,-0.240201,-0.016840,-1.986188,1.364338,0.070494,0.081453,0.489655,0.762448,0.125275,-0.713978,-1.382227
6.744786,0.633342,0.327748,0.129094,0.295830,-0.393446,0.298405,0.220211,0.980406,0.496330,0.343878,-1.019847,-0.224026,-0.050112,-0.472333,-0.366915
13.531598,0.571698,-0.605619,-0.871094,1.141712,0.475134,-1.164303,-3.140281,0.749590,-1.152150,-0.497095,1.346281,0.698229,0.612872,1.569947,-1.436557
4.385465,0.616214,0.184598,-0.424897,0.058453,-0.327502,0.163397,0.226579,0.369654,-0.154253,0.384379,-0.602380,-0.083831,0.687552,0.639502,0.042686
8.265434,0.639158,-0.024284,-0.679617,0.681404,0.146040,0.486693,-0.617511,1.312510,-0.515747,0.789432,-0.219374,0.344432,-0.122657,-0.176053,-1.738705
8.901464,0.587045,-0.193961,-0.129235,1.878361,0.958664,-1.118167,-1.393979,1.673654,-0.258031,0.544209,-0.699900,-0.962902,-0.575112,0.708264,-0.780651
11.836769,0.619669,-0.123363,-0.122233,0.839991,0.062691,-0.511168,-1.221483,0.734205,-0.211499,0.195506,-0.705488,0.695603,0.343233,0.409018,-1.828298
9.039119,0.573844,-0.446456,0.682505,1.912045,1.462523,-1.335103,-0.734378,0.482795,0.382294,0.545690,-1.875995,-1.162647,-0.266012,0.559495,0.028015
8.694769,0.588020,-0.506508,-0.617154,1.448959,1.007794,-0.269077,-1.776655,1.487293,-0.625601,0.588179,0.559404,-0.514309,-0.464080,0.213966,-0.756705
0.863266,0.621034,0.318703,-0.638687,0.314933,0.205639,0.585464,0.943073,0.741360,-0.301889,0.982759,-0.757150,-0.949697,0.027416,0.481470,0.409496
6.406432,0.560959,-0.644160,-0.112186,0.554218,0.907824,0.061266,-1.128193,-0.114377,0.021620,-0.088876,0.779548,-0.807502,0.211768,0.089500,1.502201
10.517651,0.628602,0.329544,-0.590104,0.241874,-1.043687,-0.620604,-1.196979,1.051518,-0.477450,-0.211755,-0.241284,1.070817,0.894608,1.129012,-1.866183
5.953192,0.634395,0.669841,-0.226726,-0.373086,-0.850514,0.235709,0.499535,0.173682,0.120073,-0.326714,-0.678357,0.053092,0.619606,0.607465,-0.012829
4.520127,0.587434,-0.344957,0.263892,0.278804,0.518421,0.261326,0.218051,-0.353643,0.481927,0.345700,-0.700974,-0.701830,0.464734,-0.151223,1.372279
7.031951,0.603414,0.075615,0.310564,0.295716,-0.162111,-0.304379,-0.043664,0.102195,0.488599,-0.034543,-1.054523,-0.253454,0.548704,0.299979,0.387207
4.015303,0.596605,-0.176099,-0.574876,-0.557808,-0.505572,0.572362,-0.204659,-0.313434,-0.185395,0.019086,0.535350,0.285609,1.258444,0.469524,0.921756
12.158379,0.588112,-0.277597,-0.073428,1.040250,0.434604,-0.813042,-1.906897,0.691284,-0.173317,-0.399601,0.176783,0.018220,0.078986,0.570507,-0.721919
10.083452,0.637377,0.698020,0.320523,0.418067,-0.376647,0.044146,-0.251997,1.156977,0.634360,-0.538673,-0.648099,-0.492980,-0.687885,-0.459194,-0.508279
9.912392,0.615393,-0.282419,0.212497,1.244160,0.528406,-0.052296,-0.957921,1.473267,0.342533,0.662453,-0.736420,-0.293742,-0.570527,-0.871196,-1.008477
3.979287,0.589987,-0.357153,-0.518517,1.552406,1.049423,-0.242045,-0.611510,1.656148,-0.428397,1.344484,-0.491527,-1.179463,-0.470271,0.308736,-0.157420
1.839299,0.620246,0.587369,0.131971,-0.508480,-0.441693,0.869513,1.341898,-0.022326,0.721827,-0.079738,-0.675950,-1.050469,0.144387,-0.271362,1.775543
3.858764,0.604589,-0.245114,-0.063359,0.274348,0.366750,0.702271,0.250029,0.317303,0.283832,0.715800,-0.423752,-0.604820,0.140755,-0.540557,0.793543
12.436812,0.570276,-0.264807,0.030145,0.956730,0.228303,-1.350907,-2.165736,0.380542,-0.124207,-0.831988,0.237058,0.013604,0.485331,1.186955,-0.247307
8.532058,0.602919,-0.059367,0.196327,0.796458,0.115219,-0.684914,-0.507408,0.460425,0.200103,0.212877,-1.219010,-0.103466,0.442162,0.556721,-0.431595
10.454552,0.645285,0.192972,-0.725746,1.501765,0.609542,-0.284274,-0.909856,1.833616,-0.874557,0.904421,-0.869874,0.139907,-0.632740,0.552854,-2.914083
14.114387,0.624189,0.336162,0.352483,0.049382,-1.477706,-1.153076,-1.306310,0.423456,0.416073,-0.912383,-1.001841,1.462002,1.278085,0.818737,-1.655497
5.936914,0.589064,-0.089017,0.597617,0.574722,0.318500,0.054263,-0.131763,0.560682,0.944651,0.076083,-0.615692,-1.174478,-0.295834,-0.716050,1.375498
6.354429,0.586347,-0.277792,-0.250362,0.776707,0.670946,-0.388369,-0.553080,0.120075,-0.275486,0.291794,-0.446597,-0.490232,0.431880,0.878450,0.274318
4.292528,0.622356,0.387435,-0.076127,0.661760,0.182493,0.142839,0.526891,1.049327,0.210566,0.559128,-1.113244,-1.036327,-0.367364,0.061500,0.153668
4.512349,0.631432,0.828423,0.520731,0.211450,-0.328030,0.109074,1.229859,0.617724,0.926984,-0.042360,-1.739208,-1.215931,-0.337019,-0.136287,0.799011
6.067987,0.607033,0.052896,-0.569422,0.410026,0.125447,-0.200061,-0.296968,0.240927,-0.520708,0.236157,-0.409451,-0.068150,0.632875,1.147406,-0.298478
2.889594,0.587832,-0.060826,0.086353,-0.007949,0.029598,-0.105398,0.613249,-0.605862,0.286450,0.251056,-1.062403,-0.546213,1.061005,0.812025,1.442576
8.394017,0.604921,-0.101149,-0.154713,1.147150,0.624538,-0.598925,-0.663048,0.721906,-0.256130,0.470914,-0.972172,-0.312879,0.055171,0.731646,-0.839173
7.818568,0.609899,0.199932,0.324098,0.551552,-0.120215,-0.471437,-0.129402,0.481426,0.458332,0.025540,-1.251232,-0.327838,0.260129,0.322936,-0.072735
10.184208,0.620462,0.164541,-0.267464,0.018827,-0.794764,-0.366828,-0.891803,0.321252,-0.152905,-0.327176,-0.328466,0.949030,0.995899,0.792789,-1.125858
6.705101,0.562365,-0.236231,0.825933,0.470167,0.186834,-1.268259,-0.088604,-0.947309,0.768573,-0.366324,-1.670764,-0.586428,1.255500,1.192744,1.617166
10.991114,0.610353,-0.079061,-0.085443,1.322848,0.593897,-1.028294,-0.969141,0.631386,-0.358893,0.246841,-1.290837,0.083483,0.225132,1.087846,-1.561282
10.675501,0.624933,-0.460470,-0.863865,0.542795,-0.319603,-0.205748,-1.532533,0.827458,-0.913234,0.760680,-0.157930,1.685723,1.172860,0.704619,-2.602671
3.209978,0.590891,-0.388925,-0.159755,0.417263,0.400464,0.248491,0.115300,0.185085,0.087219,0.801233,-0.588313,-0.568339,0.569519,0.093342,0.909279
5.846943,0.581235,0.011043,0.119462,1.075744,1.157856,-0.354180,-0.246720,0.344116,0.149658,-0.043068,-0.483721,-1.679415,-0.563490,0.490478,1.192860
1.947074,0.576609,-0.339102,-0.631421,0.049723,0.367037,0.363784,-0.115463,-0.189020,-0.358644,0.371606,0.443226,-0.664949,0.793762,0.737300,1.556240
4.129480,0.632119,0.288722,0.136171,0.241501,-0.005000,1.027138,0.683405,1.107036,0.688542,0.638919,-0.676964,-0.930199,-0.651662,-1.263604,0.474322
8.493836,0.580068,-0.344091,-0.240171,1.082108,0.328337,-1.127260,-1.313887,0.606053,-0.359764,0.220931,-0.547780,-0.066475,0.704163,1.297230,-0.444384
8.980421,0.587729,-0.598680,-0.347563,1.155143,0.667160,-0.966962,-1.186460,0.202964,-0.626014,0.642843,-0.897149,0.397867,0.966243,1.333226,-1.088658
9.149713,0.594704,-0.311126,0.116539,0.253873,-0.045482,0.036288,-1.037146,0.240740,0.338991,-0.225368,0.157575,0.110702,0.440189,-0.275044,0.251904
7.454187,0.584397,0.238039,0.395188,0.661536,0.391146,-0.902024,-0.182182,-0.182091,0.374871,-0.579747,-1.030205,-1.025987,0.223569,1.099947,1.003331
10.711876,0.595570,-0.130520,-0.141682,1.116110,0.418023,-0.835994,-1.457682,0.847978,-0.235077,-0.115066,-0.277115,-0.147232,0.050091,0.753581,-0.822797
10.763191,0.598697,0.135910,-0.273788,0.410283,-0.404321,-0.758480,-1.495247,0.578458,-0.214539,-0.736526,0.250772,0.282720,0.555369,1.040177,-0.551568
6.736085,0.625071,-0.066948,-0.024612,1.408185,0.636907,-0.205437,-0.062849,1.510182,0.020242,1.334372,-1.698180,-0.517934,-0.420733,-0.138417,-1.278889
7.846215,0.608271,-0.352129,-0.180182,0.829012,0.578733,-0.000957,-0.568819,0.505386,-0.156292,0.658848,-0.660994,-0.024419,0.224055,0.077071,-0.651531
7.529038,0.584709,-0.839033,-0.080609,0.696919,0.536057,0.165903,-1.154002,0.470231,0.061465,0.781845,0.036862,0.130738,0.455771,-0.484506,-0.037657
-1.338397,0.597481,0.070493,-0.145316,0.164297,0.559889,1.324857,1.056375,0.781178,0.535214,0.813345,0.053101,-2.056987,-0.700995,-1.011513,2.474310
8.876088,0.619861,0.581397,0.091056,0.774805,-0.200781,-0.792636,-0.315551,0.967344,0.156767,-0.244818,-1.187215,-0.468797,-0.088366,0.853922,-0.664126
5.421825,0.615734,-0.324291,-0.691617,0.887161,0.589035,0.572311,-0.568725,1.384690,-0.474935,1.234800,-0.011904,-0.273352,-0.262922,-0.325902,-0.824333
6.660288,0.587427,-0.062386,0.137290,0.178056,0.040604,-0.149221,-0.393584,-0.108759,0.345488,-0.328532,-0.201861,-0.473754,0.503128,0.343880,1.048346
7.439584,0.609447,-0.015578,-0.533896,0.759454,0.343767,-0.188746,-0.693830,0.761852,-0.499490,0.346575,-0.253477,-0.164211,0.146118,0.735021,-0.720207
8.835941,0.605432,-0.175714,0.038552,1.165054,0.412047,-1.141209,-0.435671,0.284084,-0.220912,0.620804,-1.952243,0.191953,0.796787,1.310745,-1.232065
9.965118,0.605823,-0.358663,-0.184821,1.310741,0.681964,-0.750523,-1.040700,0.711932,-0.404330,0.694499,-1.101618,0.217823,0.311989,0.747679,-1.545785
5.881673,0.590315,-0.348716,-0.633361,1.380433,0.650439,-0.899556,-0.862530,1.054962,-0.782805,1.138173,-0.905268,-0.229958,0.484961,1.421260,-0.999212
8.374883,0.622027,0.166335,0.022488,0.115294,-0.298109,0.483005,-0.456991,0.746720,0.406264,-0.200132,0.031252,-0.126507,-0.104748,-0.636753,-0.038996
14.232720,0.610491,-0.432373,-0.654104,1.270703,0.240147,-1.160921,-2.288237,0.881446,-1.030523,0.237067,-0.326566,1.357849,0.797677,1.388320,-2.956277
4.648699,0.596313,-0.096490,0.703842,-0.761850,-0.532596,0.838420,0.574789,-0.761462,1.308824,-0.460118,-0.318180,-0.412865,0.798262,-1.040235,2.381681
4.514515,0.624698,0.240268,-0.053127,-0.616817,-0.754351,0.943817,0.515258,0.090598,0.504801,0.046137,-0.215607,0.027677,0.582858,-0.521953,0.721873
10.126747,0.595317,-0.035878,-0.154562,1.583490,0.644240,-1.741871,-1.016314,0.583858,-0.582969,0.308623,-1.676465,-0.083911,0.520972,2.068212,-1.501211
11.308314,0.604350,-0.117863,-0.111827,1.414244,0.474325,-1.213408,-1.308138,0.910731,-0.373211,0.254148,-1.114380,0.129206,0.224643,1.135657,-1.655978
3.529421,0.610497,0.387570,-0.085175,-0.414292,-0.420486,0.739173,0.502559,0.151533,0.458209,-0.270889,0.069543,-0.772010,0.186468,-0.176963,1.495893
10.073417,0.609731,-0.039953,-0.761509,0.165758,-0.714737,-0.343399,-1.637338,0.794138,-0.629353,-0.234834,0.627844,1.012890,0.941291,0.946014,-1.292956
5.561778,0.585608,-0.575039,-0.089293,0.672133,0.609078,-0.341186,-0.247084,-0.258259,-0.133307,0.760893,-1.042562,-0.071035,1.000277,0.733203,0.221889
2.090548,0.596789,-0.016694,-0.410371,-0.480032,-0.531934,0.369926,0.422033,-0.322150,-0.001570,0.174438,-0.181143,-0.125642,1.307192,0.695961,1.334771
8.174964,0.542272,-0.328283,0.988150,0.309657,0.324355,-1.184947,-0.718807,-1.213799,0.992471,-1.157607,-0.625323,-0.903729,0.993404,0.889375,2.559523
9.611722,0.557027,-0.628798,-0.077699,1.669038,1.098147,-1.296197,-2.006434,0.873749,-0.287591,0.161896,-0.043025,-0.721910,0.009181,0.969381,-0.037076
1.641284,0.558480,-0.168107,-1.121328,1.869552,2.297434,-0.745825,-0.444332,0.625855,-1.410604,0.735904,0.057505,-2.412987,-0.651983,2.321818,1.044081
6.476063,0.571966,-0.455579,-0.219442,1.065429,1.061013,-0.920221,-0.614683,-0.329834,-0.479686,0.364545,-0.874887,-0.516339,0.759864,1.600940,0.289469
8.910518,0.599927,-0.460484,0.058664,1.102652,0.598677,-0.427300,-0.867163,0.653987,0.010398,0.692167,-0.953890,-0.000788,0.252069,0.109583,-0.790513
10.633685,0.586031,0.034658,-0.016926,0.604327,0.433867,-0.584920,-1.300839,0.045336,-0.042826,-0.976960,0.348165,-0.492852,0.040567,0.802167,0.364069
4.961471,0.608633,0.300927,-0.093501,-0.237742,-0.203467,0.150556,0.486875,-0.498453,0.134243,-0.282529,-0.612542,-0.327508,0.751325,0.760364,0.884942
0.274384,0.571469,-0.484104,-0.245666,2.000139,2.416649,-0.209118,0.526638,0.751332,-0.362553,1.755351,-1.388159,-2.516592,-0.867571,0.608060,1.210582
11.660106,0.555785,-0.675957,0.196841,0.469123,0.035801,-1.183649,-2.086123,-0.487352,0.090803,-0.833870,0.292395,0.495209,1.352924,1.049135,0.456024
6.175683,0.610901,0.020803,-0.365604,0.406986,0.062109,0.183119,-0.352601,0.693091,-0.133109,0.294548,-0.169163,-0.273269,0.175732,0.213119,-0.088061
6.913361,0.613698,0.203206,-0.373199,0.456839,0.022067,-0.279330,-0.230511,0.379763,-0.316271,0.129569,-0.668244,-0.105532,0.446775,0.992167,-0.467114
5.969215,0.579582,-0.475869,-0.350898,0.379609,0.403310,-0.012059,-0.817385,-0.005007,-0.226671,0.214801,0.271075,-0.199146,0.691042,0.507303,0.645795
0.897816,0.597360,-0.180294,-0.014495,1.471548,1.726861,0.126610,1.069051,0.621972,0.015016,1.606699,-1.832945,-2.012142,-0.672322,0.167520,0.866072
10.397563,0.597612,0.059134,0.444103,0.686419,0.239637,-0.667174,-0.738943,0.140972,0.444412,-0.538336,-0.782861,-0.374533,0.123591,0.380992,0.086795
4.281132,0.564405,-0.414986,-0.603344,0.355076,0.735051,-0.076234,-0.731415,-0.349353,-0.525375,-0.049408,0.703389,-0.737991,0.666719,1.139948,1.445026
3.836719,0.555100,-0.595422,-0.742827,0.683880,0.862879,-0.200751,-1.140662,0.211566,-0.652907,0.290932,0.942569,-0.869506,0.494987,1.067282,1.317563
9.691654,0.631250,0.140132,-0.613884,0.540503,-0.319981,-0.191585,-0.933763,1.056396,-0.539631,0.219121,-0.302562,0.657838,0.399299,0.643187,-1.785949
