3.590394,0.037365,-0.003563,-0.070233,-0.135992,0.065309,0.078182,-0.006276,0.098086,-0.111795,-0.121544,0.101996,-0.128645,-0.014795,-0.086658,-0.086999
1.978103,0.046117,-0.032166,-0.085260,0.003882,-0.038652,-0.029762,-0.058531,0.139381,0.193512,-0.129182,0.068626,0.047957,0.022365,-0.199293,0.064028
3.008227,0.047999,0.031063,-0.078770,-0.125345,0.076774,0.050767,-0.025256,0.071883,-0.086086,-0.106206,0.101042,-0.096140,-0.030222,-0.052640,-0.042621
8.476891,-0.023700,-0.110973,-0.077530,-0.371077,-0.150686,-0.282110,-0.034414,0.270897,-0.351914,-0.046407,-0.177686,0.427353,0.074027,-0.392945,-0.414696
0.984809,0.047950,0.042758,-0.122249,0.004079,0.045947,0.017733,-0.058553,0.036677,0.176351,-0.138371,0.104144,-0.053139,-0.050074,0.009568,0.173134
8.310508,-0.035044,-0.135391,-0.057032,-0.347601,-0.008114,0.051180,0.065957,0.215039,-0.448573,-0.139278,-0.010828,-0.069676,0.036507,-0.221304,-0.416249
3.034039,0.030507,0.000846,-0.094380,-0.101793,0.054557,0.060404,-0.015910,0.079383,-0.032240,-0.136560,0.093397,-0.107878,-0.029058,-0.043597,-0.008838
4.723038,-0.005514,-0.108381,-0.078373,-0.124275,-0.005392,0.102552,0.029980,0.165133,-0.070078,-0.181759,0.073073,-0.145291,0.020895,-0.160165,-0.121707
2.655777,0.036041,0.016194,-0.099330,-0.088658,0.056274,0.044814,-0.026971,0.067854,-0.003983,-0.130545,0.092989,-0.087985,-0.035244,-0.030484,0.021575
0.303838,0.083731,0.072013,-0.071442,0.023177,0.144984,0.184603,-0.029087,0.011826,0.108310,-0.136495,0.223273,-0.297000,-0.053374,0.033831,0.137800
6.151375,-0.042581,-0.088305,-0.135976,-0.238799,-0.047746,-0.067318,0.007297,0.145498,-0.177897,-0.156493,-0.056387,0.083493,-0.012567,-0.091832,-0.148441
3.673706,0.098812,0.056061,0.022252,-0.193944,0.190877,0.225835,0.017584,0.089883,-0.338570,-0.060995,0.221717,-0.341341,-0.001976,-0.130343,-0.257246
2.208979,0.056901,0.081378,-0.101097,-0.113523,0.093297,0.007737,-0.051218,0.026094,-0.048460,-0.090216,0.092812,-0.047551,-0.060432,0.020563,0.034163
2.597496,-0.063490,-0.118252,-0.210616,0.027407,-0.063191,0.045234,0.006819,0.077185,0.295327,-0.286615,0.023037,-0.088151,-0.054208,0.080474,0.250478
4.130441,0.036549,-0.007149,-0.064046,-0.169035,0.051431,0.043621,-0.009891,0.115259,-0.158800,-0.105041,0.078034,-0.075232,-0.004758,-0.123661,-0.137105
2.961633,0.036682,0.011404,-0.086774,-0.106521,0.077718,0.089358,-0.010408,0.069683,-0.058951,-0.133928,0.113547,-0.152344,-0.033878,-0.028381,-0.018340
0.871975,0.065726,0.064292,-0.092994,-0.008856,0.117779,0.126305,-0.033951,0.014909,0.088782,-0.136328,0.174351,-0.215410,-0.059119,0.044545,0.130694
3.889919,0.038217,-0.000508,-0.065844,-0.158906,0.065924,0.066043,-0.006750,0.102526,-0.150555,-0.110991,0.093265,-0.110889,-0.012576,-0.097692,-0.117841
3.783099,0.011186,-0.018874,-0.103358,-0.137573,0.054501,0.074805,0.003439,0.082253,-0.091262,-0.152443,0.079559,-0.131225,-0.034437,-0.020617,-0.043189
2.900193,0.070021,0.058402,-0.051010,-0.141761,0.121851,0.095632,-0.020823,0.062019,-0.155013,-0.084166,0.141115,-0.162780,-0.030520,-0.055716,-0.087018
5.189204,0.018356,-0.015365,-0.061341,-0.238577,0.109955,0.144692,0.037879,0.094706,-0.321266,-0.128266,0.106851,-0.232421,-0.026842,-0.042658,-0.214563
1.544755,0.079414,0.074993,-0.061442,-0.063969,0.143375,0.142917,-0.025836,0.028356,-0.035060,-0.106536,0.185988,-0.236690,-0.047480,0.003269,0.026729
3.175125,0.029707,0.000262,-0.092098,-0.111254,0.060171,0.068948,-0.011510,0.079272,-0.053447,-0.136531,0.095844,-0.120767,-0.029691,-0.040879,-0.022566
3.119587,0.031958,0.005280,-0.091036,-0.111811,0.065445,0.071633,-0.012188,0.075571,-0.057342,-0.134238,0.099387,-0.125651,-0.031633,-0.036115,-0.021762
3.103026,0.032431,0.003934,-0.089547,-0.109580,0.066636,0.077192,-0.010851,0.076378,-0.056102,-0.135511,0.102791,-0.133229,-0.030720,-0.037651,-0.022270
1.863272,0.065810,0.048894,-0.070266,-0.063043,0.112432,0.120689,-0.023815,0.047032,-0.013175,-0.118419,0.161609,-0.199863,-0.038601,-0.018916,0.025359
5.023854,0.011462,-0.038928,-0.074405,-0.204671,0.046763,0.067267,0.015943,0.123649,-0.217474,-0.129911,0.063475,-0.110597,-0.007824,-0.102738,-0.175585
2.687921,0.050008,0.040291,-0.081815,-0.112169,0.095595,0.078862,-0.021537,0.054557,-0.074694,-0.113922,0.120253,-0.141241,-0.041006,-0.017269,-0.016113
3.819907,0.007126,-0.053303,-0.098647,-0.109177,0.012228,0.056002,0.000505,0.118478,-0.027587,-0.161450,0.066720,-0.091420,-0.008675,-0.090791,-0.042201
2.965262,0.034735,0.010670,-0.090726,-0.105953,0.071291,0.077378,-0.013273,0.070186,-0.050821,-0.133900,0.105889,-0.135092,-0.034278,-0.028449,-0.012405
3.889922,-0.037274,-0.061142,-0.174881,-0.107984,-0.037358,-0.041047,-0.013347,0.085862,0.056943,-0.195529,-0.016317,0.033899,-0.047331,0.020058,0.074298
2.420048,0.107684,0.076533,0.004846,-0.124880,0.184102,0.206376,-0.005853,0.065646,-0.204543,-0.066983,0.230484,-0.316736,-0.013739,-0.098393,-0.143362
4.032988,0.017564,-0.016687,-0.094408,-0.154863,0.034132,0.025263,-0.010301,0.101779,-0.107452,-0.128654,0.055875,-0.054059,-0.019975,-0.074387,-0.078495
3.005769,0.036183,0.011371,-0.087835,-0.109277,0.072894,0.078554,-0.012927,0.071756,-0.058913,-0.131374,0.107130,-0.136329,-0.032835,-0.033257,-0.020265
4.378096,-0.002870,-0.060083,-0.106564,-0.141098,-0.008156,0.011835,-0.002811,0.128652,-0.060257,-0.154498,0.030997,-0.027176,-0.006616,-0.102952,-0.070279
1.322918,0.043795,0.046624,-0.114477,-0.025576,0.104499,0.117194,-0.024203,0.012271,0.079106,-0.156132,0.149407,-0.205936,-0.068747,0.078239,0.137199
3.816913,0.037701,0.011519,-0.060487,-0.167862,0.137107,0.186091,0.027590,0.064365,-0.220215,-0.135085,0.155932,-0.296308,-0.038731,-0.004180,-0.121357
4.470106,0.023925,-0.030370,-0.071305,-0.172232,0.026833,0.028127,-0.006026,0.131131,-0.148457,-0.115969,0.057627,-0.049118,0.002326,-0.140526,-0.143343
3.931350,0.017671,-0.032732,-0.081281,-0.135971,0.062961,0.116792,0.015876,0.100279,-0.113796,-0.153797,0.104641,-0.185180,-0.018768,-0.059480,-0.083526
1.445608,0.055272,0.066066,-0.113708,-0.047010,0.058757,-0.012167,-0.064943,0.033603,0.087601,-0.107776,0.089085,-0.013166,-0.052797,0.003219,0.116055
2.903095,0.037063,0.011445,-0.089158,-0.101983,0.067079,0.069656,-0.017001,0.073149,-0.041786,-0.130564,0.104173,-0.122625,-0.031360,-0.038629,-0.010779
2.623374,0.047452,0.046741,-0.094998,-0.112177,0.072640,0.021419,-0.038576,0.054213,-0.046188,-0.104739,0.089173,-0.058957,-0.042917,-0.021068,0.005800
4.360547,0.019007,-0.003088,-0.090186,-0.189662,0.056538,0.035345,-0.004376,0.091597,-0.178608,-0.118749,0.058766,-0.073528,-0.028280,-0.053677,-0.114104
3.144295,0.032559,0.005313,-0.090028,-0.113388,0.063795,0.067810,-0.013215,0.077451,-0.059161,-0.132193,0.097583,-0.119580,-0.030226,-0.041146,-0.025353
1.654104,0.055002,0.066738,-0.105027,-0.063481,0.090944,0.045317,-0.045556,0.024317,0.030676,-0.115588,0.116657,-0.099710,-0.059435,0.030439,0.088140
4.591963,-0.053516,-0.130468,-0.164482,-0.095296,-0.100080,-0.052333,-0.001718,0.151496,0.095545,-0.215947,-0.040492,0.070448,-0.004854,-0.091060,0.028734
2.600015,0.085500,0.065457,-0.027472,-0.128016,0.157309,0.164218,-0.009050,0.058010,-0.172783,-0.084147,0.190871,-0.260644,-0.026911,-0.059304,-0.102564
2.917010,0.041536,0.021945,-0.087303,-0.111485,0.068070,0.051886,-0.023736,0.071458,-0.055115,-0.118480,0.097950,-0.097720,-0.031886,-0.043402,-0.018964
2.430443,0.040628,0.021458,-0.095458,-0.078175,0.070514,0.069820,-0.023758,0.060351,0.001096,-0.133535,0.111519,-0.125409,-0.038344,-0.018487,0.031181
1.362001,0.030684,0.017993,-0.128008,-0.002765,0.060107,0.080343,-0.029786,0.033255,0.148657,-0.170812,0.120614,-0.146144,-0.057275,0.048191,0.164662
3.380402,0.017133,0.000146,-0.109484,-0.125985,0.059050,0.058391,-0.008372,0.067090,-0.065683,-0.145327,0.079243,-0.111359,-0.043188,-0.000879,-0.010357
2.717128,0.042872,0.036237,-0.092854,-0.110684,0.084537,0.062129,-0.023816,0.052846,-0.058336,-0.119501,0.106155,-0.118266,-0.044641,-0.006688,0.000254
1.757657,0.049041,0.038792,-0.092948,-0.048732,0.115052,0.143943,-0.012736,0.029033,0.017751,-0.148334,0.162754,-0.239789,-0.055737,0.042128,0.073779
1.669937,0.026899,0.014301,-0.128062,-0.020704,0.056716,0.071999,-0.027433,0.038085,0.121287,-0.168210,0.110477,-0.133864,-0.055935,0.042947,0.142750
1.731562,0.045586,0.028087,-0.102784,-0.035572,0.065291,0.065470,-0.034786,0.050827,0.080358,-0.139432,0.119823,-0.119542,-0.041749,-0.007860,0.092714
1.164513,0.100151,0.154367,-0.063928,-0.107008,0.212542,0.140382,-0.039491,-0.034834,-0.128561,-0.068558,0.202911,-0.253779,-0.088403,0.102447,0.031681
1.834993,0.047911,0.030748,-0.099956,-0.044392,0.059941,0.047580,-0.039652,0.056049,0.069716,-0.130065,0.111141,-0.092397,-0.037951,-0.023589,0.078981
5.200057,-0.090836,-0.182458,-0.213740,-0.088428,-0.236862,-0.248448,-0.039545,0.203716,0.225934,-0.220897,-0.175045,0.366382,0.018366,-0.172567,0.073957
2.616620,0.076935,0.074648,-0.057374,-0.134478,0.100095,0.029451,-0.046140,0.062556,-0.116347,-0.063743,0.114452,-0.066441,-0.028649,-0.075290,-0.063307
3.092846,0.032491,0.004557,-0.089707,-0.109473,0.067870,0.078704,-0.010558,0.075342,-0.056585,-0.135805,0.103718,-0.135725,-0.031417,-0.035462,-0.021422
2.468768,0.048446,0.028984,-0.079202,-0.088473,0.107070,0.129046,-0.008496,0.051929,-0.051497,-0.133699,0.147486,-0.213153,-0.041533,-0.003698,0.001546
0.789608,0.097590,0.105180,-0.059683,-0.036799,0.146011,0.112994,-0.049753,0.015395,0.016286,-0.086262,0.190930,-0.194808,-0.050331,0.000037,0.069000
2.697217,0.039408,0.021426,-0.094799,-0.095990,0.063069,0.047948,-0.026752,0.066743,-0.021965,-0.124927,0.096589,-0.092940,-0.035283,-0.032126,0.009519
1.931414,0.021696,-0.010975,-0.117975,-0.017764,0.059609,0.119290,-0.008217,0.053117,0.108427,-0.185383,0.128837,-0.197354,-0.045913,0.026324,0.117251
4.538551,0.008800,-0.036637,-0.094286,-0.171921,0.011582,0.004254,-0.007430,0.122804,-0.124229,-0.129484,0.033689,-0.018753,-0.008709,-0.107052,-0.110247
3.020415,0.033047,0.006621,-0.090952,-0.106270,0.068388,0.077677,-0.011921,0.073018,-0.050358,-0.135895,0.104300,-0.134776,-0.032781,-0.031797,-0.014760
3.357540,0.026695,-0.005553,-0.091320,-0.118900,0.058435,0.071457,-0.007587,0.083598,-0.066908,-0.138399,0.093181,-0.123650,-0.027836,-0.044938,-0.035360
2.095230,0.053226,0.075567,-0.105117,-0.101293,0.095648,0.025723,-0.045941,0.022295,-0.030396,-0.102254,0.100698,-0.074317,-0.063470,0.035173,0.051665
2.580875,-0.027752,-0.071688,-0.152647,-0.015041,0.069738,0.228872,0.048411,0.039546,0.103724,-0.270095,0.144045,-0.363466,-0.069273,0.134270,0.148590
4.181599,0.028912,-0.010428,-0.075908,-0.169755,0.040791,0.025512,-0.012189,0.112589,-0.145528,-0.110288,0.062634,-0.050744,-0.009359,-0.110628,-0.121370
3.698585,0.000136,-0.022366,-0.121985,-0.129329,0.047524,0.066952,0.003659,0.071214,-0.062508,-0.166828,0.068401,-0.124001,-0.045545,0.014820,-0.006091
4.994161,0.041048,-0.023417,-0.036267,-0.213316,0.042847,0.037668,-0.002662,0.152652,-0.245688,-0.084583,0.069585,-0.056603,0.021368,-0.203832,-0.240703
3.382849,0.053464,0.019560,-0.060683,-0.139983,0.062297,0.036396,-0.026556,0.100073,-0.113196,-0.091755,0.093809,-0.066718,-0.009169,-0.117710,-0.096059
3.051990,0.007249,-0.053685,-0.116372,-0.054881,-0.020478,0.011075,-0.021582,0.116860,0.095953,-0.167963,0.051199,-0.024463,-0.007987,-0.095375,0.042291
2.235693,0.069886,0.068087,-0.061677,-0.106083,0.147624,0.144856,-0.014191,0.032260,-0.108288,-0.105904,0.173225,-0.241265,-0.049547,0.009594,-0.022084
4.438228,0.026858,-0.018398,-0.069266,-0.181104,0.049213,0.050864,-0.000925,0.117213,-0.177306,-0.114767,0.071797,-0.086498,-0.006817,-0.113318,-0.147642
2.967571,-0.117180,-0.296157,-0.179950,0.144216,0.007069,0.510347,0.169370,0.113003,0.343724,-0.486221,0.223509,-0.744137,-0.032821,0.141334,0.249591
6.425870,0.027479,-0.002429,-0.012085,-0.339048,0.225983,0.321674,0.101044,0.076368,-0.599395,-0.125158,0.192844,-0.497329,-0.039101,0.008788,-0.384766
3.166093,0.030405,0.001873,-0.091738,-0.112013,0.061482,0.068817,-0.011911,0.078367,-0.055336,-0.135435,0.096359,-0.120849,-0.030161,-0.040001,-0.023027
4.105085,-0.017543,-0.080304,-0.114573,-0.108964,0.036574,0.143673,0.037938,0.101165,-0.046701,-0.210557,0.091825,-0.225200,-0.027452,-0.011353,-0.025963
3.130793,0.049827,0.020329,-0.058303,-0.127141,0.126321,0.167952,0.010379,0.065156,-0.144525,-0.128608,0.162086,-0.266775,-0.032793,-0.025518,-0.077187
3.996653,-0.040573,-0.036623,-0.184028,-0.138299,0.003987,-0.010267,-0.002699,0.050081,-0.009982,-0.197475,-0.003930,-0.023729,-0.074972,0.100851,0.073478
7.264357,-0.035132,-0.140616,-0.082212,-0.268827,-0.069068,-0.033565,0.029142,0.222186,-0.260653,-0.144754,-0.044358,0.058627,0.043943,-0.249217,-0.298605
5.793274,0.023230,-0.073974,-0.016589,-0.228732,0.085842,0.197458,0.060433,0.163823,-0.334735,-0.135768,0.132073,-0.285193,0.025548,-0.179990,-0.309502
1.984953,0.033906,0.007108,-0.111566,-0.034584,0.038162,0.042974,-0.034325,0.065675,0.101152,-0.148976,0.097311,-0.083385,-0.035020,-0.025016,0.094371
5.060354,0.043576,-0.035147,-0.030245,-0.206265,0.014481,0.003102,-0.012542,0.176586,-0.219804,-0.075935,0.052851,0.001381,0.039139,-0.259864,-0.252329
3.481620,-0.049939,-0.057112,-0.200058,-0.085558,-0.017976,-0.003308,-0.003131,0.050941,0.094228,-0.226171,-0.001736,-0.031508,-0.074747,0.111144,0.144912
3.156024,0.084998,0.064022,-0.030449,-0.161573,0.098874,0.036294,-0.040124,0.091586,-0.178963,-0.046926,0.118446,-0.067689,-0.006435,-0.142245,-0.142848
0.144503,0.096062,0.181746,-0.061648,-0.071656,0.414643,0.514409,0.059423,-0.157373,-0.223546,-0.165641,0.404420,-0.829541,-0.170377,0.402650,0.106504
3.389609,0.036581,0.002774,-0.095617,-0.122982,-0.024262,-0.107913,-0.063303,0.123298,-0.002273,-0.086258,0.006712,0.147711,0.000846,-0.161802,-0.039353
3.630204,0.025390,-0.008147,-0.091926,-0.134256,0.037565,0.027669,-0.016870,0.097003,-0.075548,-0.125859,0.066758,-0.057290,-0.019985,-0.075525,-0.055238
3.740132,-0.027573,-0.068410,-0.158333,-0.090728,-0.041902,-0.029482,-0.014464,0.102763,0.075545,-0.191152,-0.001771,0.024438,-0.031209,-0.025452,0.061863
1.219347,0.081151,0.106640,-0.078991,-0.068889,0.153979,0.110745,-0.040437,-0.002240,-0.029241,-0.096412,0.173594,-0.200345,-0.069618,0.057674,0.067229
3.572015,-0.014246,-0.054799,-0.139458,-0.091753,-0.004281,0.026642,-0.004353,0.092924,0.037591,-0.186731,0.038589,-0.058335,-0.033321,-0.015859,0.041265
2.244574,0.036923,0.020818,-0.097468,-0.067016,0.103566,0.140698,-0.003868,0.039582,-0.006233,-0.156811,0.147560,-0.233749,-0.052825,0.037296,0.050725
2.049148,0.118789,0.097963,-0.000904,-0.115174,0.152240,0.113218,-0.041550,0.070262,-0.152473,-0.036354,0.193664,-0.179796,-0.007930,-0.135459,-0.116738
3.104323,0.069033,0.043579,-0.027502,-0.146981,0.192327,0.259737,0.030544,0.047957,-0.238856,-0.119107,0.223718,-0.403675,-0.038683,-0.003676,-0.129672
3.235513,0.071942,0.059501,-0.059993,-0.160865,0.037082,-0.083511,-0.070331,0.102945,-0.112600,-0.037269,0.046025,0.107167,-0.004124,-0.163969,-0.103671
1.746157,0.018510,-0.001513,-0.144520,-0.009754,-0.008436,-0.031047,-0.053880,0.064904,0.194708,-0.159341,0.050229,0.022793,-0.040348,-0.013801,0.165637
3.992030,0.033599,0.017082,-0.076665,-0.182287,0.090480,0.076702,-0.001485,0.076340,-0.194560,-0.112204,0.094338,-0.136250,-0.033727,-0.037223,-0.113877
1.701673,0.055286,0.039767,-0.088738,-0.044068,0.092038,0.099229,-0.028498,0.044415,0.041275,-0.132367,0.144570,-0.169755,-0.043211,-0.003134,0.069486
3.097362,0.016921,-0.037660,-0.073007,-0.080425,0.162529,0.345905,0.074103,0.048372,-0.110493,-0.221011,0.231587,-0.528507,-0.050257,0.074983,-0.025594
2.479377,0.041469,0.022310,-0.097786,-0.081086,0.050257,0.026751,-0.036158,0.069621,0.014207,-0.122307,0.089247,-0.060570,-0.032211,-0.043928,0.029612
3.011997,0.035076,0.012654,-0.093129,-0.110081,0.058154,0.046202,-0.022073,0.075192,-0.044847,-0.125515,0.089452,-0.088835,-0.031238,-0.043057,-0.013709
2.045434,0.075867,0.063629,-0.058522,-0.087306,0.116546,0.098056,-0.031885,0.051717,-0.057088,-0.093990,0.155156,-0.166206,-0.033561,-0.044114,-0.012844
4.880429,-0.054382,-0.000255,-0.213973,-0.229750,-0.001108,-0.117802,-0.020910,0.024762,-0.121188,-0.164185,-0.078883,0.116808,-0.103272,0.157456,0.039484
1.981490,0.053017,0.018194,-0.084015,-0.043017,0.052297,0.054587,-0.037143,0.077510,0.063773,-0.125503,0.117062,-0.095072,-0.020784,-0.072262,0.047057
0.210794,0.141217,0.141810,-0.030934,-0.021562,0.080410,-0.063306,-0.122767,0.061230,0.088593,0.000634,0.136308,0.078051,-0.005804,-0.174135,0.048083
4.127905,-0.055940,-0.097737,-0.205280,-0.088275,-0.159870,-0.224544,-0.057888,0.139172,0.190769,-0.184276,-0.127261,0.314331,-0.016739,-0.087102,0.112069
