1.604013,-0.049153,-0.089740,-0.057717,0.072402,0.075506,0.132475,-0.006143,-0.041483,0.063906,0.056534,-0.050711,0.117504,0.222983,0.179707,0.055028
1.604112,0.010421,0.069806,0.043158,0.155163,-0.041335,-0.012395,-0.073910,-0.115819,-0.059393,0.045369,0.000575,0.037227,0.046748,0.263364,0.131453
0.485900,0.007067,0.053353,0.022674,0.080160,-0.005811,0.043231,-0.050865,-0.044311,0.071329,0.123521,0.024522,0.073015,0.084839,0.181416,0.191355
-1.674531,0.040873,0.002141,-0.158755,0.042465,-0.006219,0.291681,0.124666,0.038810,0.198572,0.153726,0.141354,-0.164740,-0.131301,0.353412,0.547100
1.596237,-0.019293,-0.044893,0.009252,0.024581,-0.028234,0.082185,0.026916,0.025849,0.102724,0.043630,-0.009479,0.174333,0.086716,0.078626,0.112783
-0.282403,-0.040134,0.046950,-0.056397,0.052504,0.135077,0.084468,-0.130012,-0.124166,0.104092,0.239852,-0.025829,0.076856,0.232733,0.238373,0.233975
0.991146,-0.042970,-0.083150,-0.052563,0.052130,0.096277,0.146556,-0.012466,-0.020513,0.116294,0.105551,-0.037428,0.128143,0.257425,0.131259,0.067326
1.944346,0.012258,0.092499,0.063676,-0.042261,-0.204689,-0.030456,0.028684,0.001103,0.061800,0.033370,0.028879,0.212151,-0.268660,0.079845,0.373868
0.975037,-0.040143,-0.075981,-0.063529,0.057402,0.096383,0.153427,-0.014739,-0.041114,0.102951,0.110700,-0.037575,0.110405,0.235001,0.148152,0.096317
2.168880,-0.145033,-0.078313,-0.027917,-0.029330,0.137212,-0.002416,-0.118987,-0.037314,0.104976,0.092994,-0.141885,0.332153,0.386770,0.173868,-0.036344
0.301693,-0.007891,-0.011484,-0.025849,0.125265,0.121827,0.121140,-0.081749,-0.098596,0.067661,0.169647,-0.017705,0.043924,0.287794,0.162727,0.075064
1.041172,-0.081783,0.024676,0.051642,0.045386,0.111402,-0.058483,-0.170949,-0.051673,0.089855,0.151354,-0.074250,0.241547,0.380689,0.174315,-0.030324
2.352266,0.052037,0.010051,0.123860,-0.100437,-0.225510,0.041835,0.104415,0.085948,0.160562,0.049006,0.023769,0.355075,-0.218555,-0.313408,0.242470
1.458721,0.067236,0.231347,0.228413,0.061073,-0.182131,-0.189394,-0.145215,-0.096303,-0.008397,0.140898,0.030660,0.230839,-0.107372,-0.050226,0.200886
-0.098658,0.008719,0.073117,0.001326,0.066600,-0.002681,0.057079,-0.048411,-0.038647,0.096879,0.151440,0.045634,0.039635,0.050689,0.229538,0.272531
1.035937,-0.013254,-0.006193,0.013180,0.051989,0.008479,0.067257,-0.024617,-0.016226,0.092437,0.096549,-0.005272,0.137246,0.133974,0.113994,0.122259
1.860444,-0.070439,-0.116256,-0.037140,0.061372,0.069286,0.102388,0.004986,0.021473,0.085695,0.011681,-0.054627,0.159599,0.277195,0.193730,-0.028530
0.530609,0.032320,0.071980,0.117715,0.065349,-0.087061,-0.022200,-0.023749,0.060420,0.114586,0.084677,0.064918,0.133836,0.061391,0.079154,0.116754
1.086675,0.010686,-0.009476,0.013849,0.046208,-0.016996,0.099227,0.004688,-0.020449,0.095404,0.101213,0.005460,0.133385,0.072385,0.040812,0.158270
0.993283,-0.019930,-0.022332,-0.000102,0.061095,0.039588,0.083649,-0.032214,-0.026445,0.092584,0.105111,-0.015859,0.130978,0.183892,0.119187,0.094907
1.130767,0.032273,0.032774,0.099397,0.078317,-0.084729,0.011699,-0.000164,0.038749,0.083243,0.053245,0.043424,0.135168,0.058057,0.049726,0.084590
3.370656,-0.148050,-0.111546,-0.010985,-0.054499,0.078414,-0.012515,-0.077829,-0.027074,0.075925,0.023978,-0.168220,0.406491,0.313639,0.087300,-0.068658
1.179957,-0.014712,-0.005434,0.022139,0.048540,-0.000366,0.055556,-0.025073,-0.012269,0.089321,0.088248,-0.008394,0.151911,0.129998,0.104372,0.111740
0.229015,0.029530,0.087312,0.005309,0.093460,-0.064097,0.052341,-0.014980,-0.042386,0.049905,0.098587,0.068205,-0.010017,-0.062407,0.275939,0.315998
1.920013,-0.053860,0.043514,0.086544,0.054609,-0.077097,-0.108071,-0.057434,0.043325,0.038487,-0.019654,-0.006953,0.191831,0.098598,0.285240,0.052069
1.755375,-0.056812,-0.111473,-0.028429,-0.007329,0.123401,0.142501,-0.041286,-0.055060,0.134951,0.149586,-0.103427,0.281774,0.322319,-0.092823,-0.003277
0.806521,0.000612,0.028854,0.035730,0.074614,-0.018030,0.036309,-0.032210,-0.009441,0.078665,0.089119,0.020337,0.101870,0.102449,0.160455,0.137508
1.021762,-0.011595,0.015070,0.026838,0.052753,-0.003111,0.042171,-0.038269,-0.021545,0.084555,0.099441,-0.002313,0.140627,0.119144,0.123822,0.132012
0.375174,-0.027028,0.063236,0.021057,0.188927,0.067385,-0.021820,-0.128037,-0.074229,-0.007685,0.083181,0.012605,-0.023990,0.263287,0.437468,0.047314
2.526613,0.017150,0.073891,0.228252,-0.013493,-0.129187,-0.134469,-0.084504,0.013849,0.084817,0.088602,-0.036195,0.413953,0.088598,-0.262579,-0.032603
1.497067,-0.017459,0.006709,0.159901,0.063008,0.070393,-0.054591,-0.149272,-0.022866,0.106840,0.160760,-0.067401,0.326911,0.424789,-0.158243,-0.194103
2.312317,0.125532,0.259299,0.335680,0.009095,-0.468923,-0.264586,0.029465,0.112472,0.018021,-0.051476,0.142603,0.263272,-0.485899,-0.100873,0.291498
-0.856671,0.010960,0.046836,-0.065041,0.118549,0.063556,0.136544,-0.037279,-0.056513,0.095919,0.168489,0.064198,-0.084419,0.109572,0.350603,0.291950
1.266853,-0.017760,-0.006562,0.028280,0.048326,-0.014992,0.043200,-0.016772,0.006652,0.088765,0.066943,-0.003252,0.153153,0.119946,0.125288,0.103884
-0.372682,-0.010067,-0.014625,-0.082647,0.076699,0.107437,0.177773,-0.030041,-0.060215,0.126093,0.184275,0.016030,0.004150,0.187013,0.222562,0.228956
0.904769,-0.020302,-0.024423,-0.017929,0.048230,0.043419,0.103181,-0.025455,-0.034671,0.100567,0.117891,-0.016535,0.127497,0.162067,0.115673,0.134429
-0.374806,0.036999,0.014102,0.005273,0.068479,-0.016868,0.132016,0.033254,0.049520,0.158893,0.126376,0.083516,0.021537,0.064695,0.135347,0.222221
1.809048,-0.019158,0.008643,0.083738,0.027954,-0.030803,-0.014307,-0.050644,-0.003821,0.081255,0.075360,-0.031207,0.249167,0.144313,0.008196,0.038242
1.250318,-0.029768,-0.032750,0.006087,0.040989,0.032980,0.073260,-0.028463,-0.013358,0.100710,0.094342,-0.027414,0.170571,0.186751,0.093015,0.078223
3.675222,-0.004510,-0.113967,0.121684,-0.016680,-0.111699,0.039510,0.072845,0.079235,0.094991,-0.041448,-0.063065,0.393009,0.099247,-0.280992,-0.111644
1.702650,-0.005574,0.004000,0.047292,-0.004959,-0.074448,0.036326,0.008833,0.011072,0.100428,0.066263,-0.006759,0.222467,0.006951,0.008917,0.167091
-0.061626,-0.048929,0.056095,-0.031495,0.117253,0.105509,0.021630,-0.130190,-0.085498,0.052215,0.149479,-0.003478,0.013262,0.250586,0.412448,0.155045
1.185962,0.001434,-0.013772,0.029515,0.022796,-0.012474,0.082487,-0.005081,-0.006364,0.115842,0.109804,-0.006767,0.184605,0.102610,-0.006979,0.129107
1.243316,-0.036602,-0.064389,-0.024462,0.011447,0.054126,0.120473,-0.008466,-0.012384,0.129435,0.111600,-0.039970,0.191228,0.192512,0.045488,0.099524
1.656187,-0.028564,-0.048091,0.043118,0.081064,-0.045982,0.025408,0.030050,0.090680,0.080294,-0.037369,0.015543,0.128771,0.146655,0.216137,0.000538
0.902633,-0.010411,-0.027534,-0.014414,0.045266,0.048809,0.118895,-0.025545,-0.047370,0.105172,0.137192,-0.020594,0.138653,0.165871,0.054915,0.131990
1.337793,-0.100737,-0.057063,-0.033107,-0.008193,0.062449,0.035013,-0.038979,0.037736,0.133054,0.058269,-0.052167,0.212229,0.242013,0.256295,0.075870
1.227547,-0.012977,-0.011092,0.019297,0.044194,-0.002613,0.064354,-0.017823,-0.011799,0.091838,0.087727,-0.009459,0.155944,0.122228,0.088410,0.115791
0.452620,0.010997,0.029774,0.008379,0.038657,-0.017576,0.083706,-0.012012,-0.016785,0.113878,0.131424,0.028596,0.102048,0.045780,0.108288,0.231239
1.141355,-0.013768,-0.004217,0.020796,0.048353,-0.000883,0.057353,-0.024021,-0.011966,0.090589,0.089727,-0.006402,0.148509,0.126309,0.106721,0.117504
0.963598,0.012061,-0.167224,-0.125879,-0.139084,0.015962,0.370051,0.173859,0.033753,0.280175,0.179337,-0.018736,0.246834,-0.033800,-0.302791,0.346823
0.897752,-0.019649,0.011270,0.008515,0.057510,0.024257,0.053137,-0.050788,-0.038982,0.082458,0.113879,-0.010347,0.127650,0.147973,0.151172,0.135482
1.599570,-0.027889,0.004655,0.060371,0.062705,-0.017681,-0.010504,-0.047224,0.003466,0.063501,0.048012,-0.017619,0.180990,0.161576,0.137849,0.035804
2.305121,-0.001643,0.023149,0.146718,0.044905,-0.151851,-0.082740,0.009120,0.095426,0.062922,-0.044011,0.018906,0.238708,0.028645,0.063935,0.007941
2.806694,-0.025524,-0.010102,0.129607,-0.033555,-0.128883,-0.060288,0.006275,0.076165,0.098932,-0.006643,-0.033534,0.359051,0.040652,-0.081568,0.019671
0.141178,0.007144,-0.159348,-0.158159,0.040817,0.092091,0.360169,0.133084,0.014967,0.185549,0.119489,0.022768,-0.000232,0.125088,0.076845,0.232893
-0.021394,-0.042575,-0.090939,-0.110366,0.087141,0.162410,0.210139,-0.014522,-0.030681,0.135695,0.144910,-0.013597,0.018651,0.315722,0.247258,0.108084
-0.163291,0.089733,0.055215,0.015586,0.131528,-0.067742,0.145241,0.041778,-0.026441,0.073621,0.117609,0.105554,-0.064348,-0.061480,0.124990,0.284821
0.879993,-0.000379,-0.015806,-0.000163,0.056645,0.011985,0.103480,-0.006616,-0.019978,0.099294,0.106497,0.003463,0.114054,0.120045,0.090761,0.142435
1.496608,-0.031253,0.001588,0.047346,0.043877,-0.016550,0.002475,-0.039086,0.008490,0.080226,0.057476,-0.016711,0.186717,0.144944,0.134001,0.068439
2.409610,-0.085453,0.010472,0.083251,0.117102,0.016665,-0.127152,-0.127213,-0.019911,-0.022032,-0.023064,-0.066313,0.196530,0.299556,0.327375,-0.122582
2.395143,-0.060515,-0.229681,-0.129430,0.054834,0.120590,0.274501,0.084631,-0.024896,0.086736,0.014527,-0.091800,0.145163,0.278125,0.058169,-0.020635
1.173667,-0.034736,-0.058512,-0.025950,0.052681,0.061863,0.112324,-0.017854,-0.022028,0.099715,0.094063,-0.032048,0.140468,0.213923,0.120825,0.075213
1.032097,-0.007728,-0.017867,0.003173,0.052759,0.003746,0.089660,-0.004931,-0.010237,0.095910,0.089682,0.000523,0.124351,0.116714,0.107628,0.133411
-0.317933,-0.008405,0.011918,-0.050788,0.100006,0.090842,0.127639,-0.052169,-0.056603,0.102851,0.166994,0.023223,-0.002410,0.195314,0.262222,0.195517
0.791323,-0.008942,-0.015700,-0.010191,0.054827,0.023801,0.102485,-0.013311,-0.021595,0.101819,0.110199,0.000873,0.108861,0.132649,0.121773,0.148833
0.640722,-0.025047,0.029793,-0.001414,0.055805,0.039175,0.046255,-0.071916,-0.056962,0.082600,0.137481,-0.010641,0.115059,0.151406,0.188432,0.168107
1.284901,-0.023485,-0.034619,0.010711,0.040486,0.020301,0.077053,-0.016733,-0.004592,0.102692,0.087053,-0.021335,0.169912,0.169367,0.078385,0.080423
1.956630,0.043382,0.115911,0.198317,0.103464,-0.120630,-0.124190,-0.099664,-0.045952,-0.005104,0.067907,0.006479,0.217861,0.059771,-0.035055,0.011026
0.483086,-0.023337,-0.046573,-0.062474,0.060830,0.069661,0.153779,-0.001816,-0.024255,0.114774,0.117243,-0.001506,0.064353,0.172346,0.190024,0.165049
0.991381,-0.001340,-0.027949,-0.000851,0.045519,0.004112,0.110945,0.008376,-0.005729,0.108649,0.096931,0.002660,0.128272,0.111022,0.069803,0.139548
1.186817,-0.057098,-0.068645,-0.061739,0.103035,0.094903,0.109355,-0.031609,-0.040835,0.053644,0.056820,-0.036907,0.064999,0.260523,0.295512,0.050224
0.961419,-0.061570,-0.045087,-0.063740,0.035111,0.073776,0.102496,-0.029702,-0.029018,0.100886,0.096113,-0.034425,0.119730,0.190506,0.243482,0.148507
0.603021,0.003942,0.008442,-0.004924,0.039964,-0.016751,0.096892,0.005447,-0.004506,0.112496,0.108076,0.025985,0.096452,0.048536,0.129827,0.219518
1.676779,-0.009610,-0.007224,0.046467,0.020109,-0.061404,0.035283,0.008174,0.021339,0.091959,0.047854,-0.003860,0.197970,0.049215,0.053027,0.122785
0.980631,-0.012822,-0.010270,0.003484,0.048700,0.008473,0.079375,-0.016045,-0.014109,0.097009,0.096796,-0.002233,0.129248,0.122710,0.119946,0.138824
1.121778,0.057816,0.529495,0.378743,0.016513,-0.336534,-0.539848,-0.334977,-0.161093,-0.087467,0.192301,0.062237,0.301982,-0.349973,0.153398,0.425805
-0.389906,0.078501,0.103390,0.022009,0.032062,-0.101187,0.110794,0.026725,-0.020935,0.130541,0.176235,0.102084,0.027812,-0.163133,0.058086,0.425293
1.099421,-0.021259,-0.036892,0.009578,0.043626,0.028556,0.084882,-0.015407,0.003555,0.113757,0.094277,-0.015130,0.160625,0.185692,0.079210,0.075526
1.316051,0.060017,0.152344,0.250836,0.100143,-0.210505,-0.181157,-0.051604,0.089685,0.047032,0.008559,0.088538,0.180866,-0.019904,0.057069,0.033847
0.740872,-0.026385,-0.026763,-0.003538,0.127885,0.067738,0.070961,-0.045684,-0.015134,0.063716,0.071346,-0.000812,0.050047,0.264913,0.260793,0.021931
0.722734,-0.016308,0.050701,0.056234,0.127238,0.097398,-0.005394,-0.159417,-0.117635,0.032611,0.173131,-0.038754,0.123939,0.320863,0.137092,0.002057
-0.065321,-0.019954,0.097149,0.039099,0.167120,0.091865,-0.034360,-0.171959,-0.102370,0.019035,0.159248,0.006628,0.011496,0.292720,0.358009,0.069678
-0.319109,-0.062282,-0.058238,-0.157602,0.090641,0.174041,0.200660,-0.037202,-0.070568,0.108780,0.153007,-0.011426,-0.041736,0.265696,0.412918,0.215648
2.996478,0.021385,-0.195710,0.003823,-0.183245,0.057401,0.308546,0.070049,-0.084994,0.244804,0.262510,-0.159936,0.560770,0.153336,-0.853626,0.066526
0.685553,-0.064199,-0.131642,-0.180256,-0.051648,0.120173,0.281546,0.056478,-0.037680,0.185470,0.155618,-0.050867,0.132374,0.129061,0.117355,0.298032
0.959462,-0.040245,-0.073571,-0.071049,0.065498,0.093103,0.154942,-0.011512,-0.044312,0.093393,0.102240,-0.033292,0.090308,0.221158,0.182148,0.109462
1.166549,-0.084894,-0.182286,-0.185158,0.069417,0.139689,0.259649,0.069582,-0.001640,0.102848,0.021215,-0.043553,0.017524,0.250758,0.355611,0.111127
4.458238,-0.067758,-0.112002,0.252078,-0.079934,-0.174243,-0.160160,0.045090,0.258295,0.156635,-0.145714,-0.075361,0.591877,0.220104,-0.272375,-0.336189
1.208325,-0.016699,-0.005595,0.030062,0.056470,0.001520,0.044771,-0.030351,-0.006985,0.085714,0.081261,-0.008728,0.152320,0.149224,0.113683,0.086934
0.908803,-0.019163,-0.040370,-0.028159,0.038785,0.045398,0.126208,-0.008675,-0.026513,0.113488,0.118112,-0.016622,0.131400,0.157611,0.092243,0.140325
0.679871,0.032683,0.104473,0.063485,0.164396,-0.079544,-0.024268,-0.048534,-0.041825,-0.015312,0.041480,0.067978,-0.027587,0.001510,0.334208,0.180300
1.313514,-0.034289,-0.044068,0.012182,0.051239,0.023281,0.064122,-0.014474,0.019143,0.101772,0.060965,-0.018591,0.161059,0.198799,0.130584,0.044627
1.116787,-0.066363,-0.065851,-0.012833,0.056052,0.041894,0.055503,-0.004682,0.070737,0.118326,0.020237,-0.010366,0.130975,0.247821,0.276363,0.020391
0.710700,0.017444,-0.011917,0.029289,0.159028,0.040512,0.085495,-0.034738,-0.031353,0.046574,0.082253,0.019332,0.027135,0.230599,0.164431,0.011209
1.689085,-0.159901,-0.098768,-0.020715,0.048849,0.268591,-0.003260,-0.204017,-0.078566,0.092434,0.145286,-0.171969,0.300912,0.663554,0.199894,-0.227193
-0.032526,-0.056757,-0.155730,-0.205549,-0.046834,0.225517,0.355263,0.020017,-0.085430,0.228087,0.262706,-0.071883,0.132572,0.275935,0.003537,0.260313
1.088595,-0.003433,-0.080543,-0.122635,-0.080837,-0.077272,0.251241,0.162308,0.039922,0.178636,0.067633,0.027705,0.121818,-0.195841,0.063318,0.448778
2.034915,0.022725,-0.088933,0.006557,-0.068834,-0.056145,0.189203,0.091894,0.005544,0.166014,0.112349,-0.032463,0.296412,-0.017034,-0.295678,0.186424
0.169983,-0.018184,-0.135202,-0.116378,-0.005938,0.163345,0.302108,0.029676,-0.037975,0.214045,0.221862,-0.039674,0.141030,0.274104,-0.076901,0.155643
2.496402,0.048672,0.097004,0.207903,-0.026656,-0.260046,-0.113858,0.020162,0.073770,0.078171,0.006318,0.036312,0.327416,-0.184269,-0.159501,0.154197
1.437184,-0.038693,0.201675,0.245645,0.084390,-0.150112,-0.336761,-0.176753,0.071150,0.015505,-0.002868,0.034763,0.230903,0.110859,0.341884,-0.007302
3.278890,-0.008690,0.126935,0.158845,0.058610,-0.216672,-0.194803,-0.067149,-0.045992,-0.079677,-0.058664,-0.016386,0.239974,-0.146964,0.175560,0.136149
1.275253,-0.021708,-0.043744,-0.018184,0.049119,0.021629,0.106654,0.000443,-0.017936,0.090111,0.078508,-0.017769,0.132536,0.137927,0.117024,0.117887
1.524874,-0.054586,-0.150925,-0.100898,0.029799,0.091805,0.213734,0.052258,-0.001280,0.122984,0.059103,-0.052242,0.136288,0.222814,0.115126,0.076518
2.320684,0.079389,-0.048748,0.119542,0.074800,-0.055201,0.118842,0.023855,-0.049003,0.063552,0.100653,-0.024595,0.247050,0.111579,-0.370348,-0.039982
2.747974,-0.031374,-0.122205,0.058818,0.054275,-0.000890,0.068189,0.025204,0.047103,0.080082,-0.014547,-0.060729,0.265559,0.255209,-0.057683,-0.142529
3.169390,-0.022310,-0.015270,0.092663,0.210562,-0.072979,-0.073766,-0.035470,-0.026224,-0.115689,-0.131919,-0.025473,0.080055,0.158695,0.321786,-0.141376
-0.120193,0.024131,0.207036,0.240399,0.167345,-0.079667,-0.239916,-0.179799,0.053715,0.048123,0.089915,0.090750,0.090933,0.212851,0.290950,-0.028494
