4.097603,-0.267525,-0.122020,0.044245,0.031970,0.034078,0.029860,-0.162842,-0.073275,-0.042550,-0.024556,-0.229089,-0.053468,0.054236,0.306939,-0.184665
1.967206,0.118673,0.067145,-0.248722,-0.012618,0.086971,0.182798,0.032024,0.028412,-0.066342,-0.267672,-0.226739,0.175083,0.052134,0.179322,0.084377
3.428699,-0.111837,-0.084514,-0.018627,-0.018089,-0.061121,-0.166526,-0.009691,0.110765,0.115297,-0.104659,-0.130752,0.334177,-0.067361,-0.122003,-0.013722
4.170050,0.039010,-0.130513,-0.228730,0.044852,-0.093196,0.020647,0.165939,-0.133708,-0.068176,-0.089735,-0.033559,0.161336,0.082759,-0.055857,-0.208718
3.446128,-0.148907,-0.126190,0.010599,-0.010282,-0.096720,-0.133161,-0.001231,0.050038,0.073247,-0.024568,-0.068460,0.227563,0.036746,-0.053886,-0.063481
2.898573,-0.207077,-0.009235,0.117938,-0.049799,0.012899,-0.295123,-0.178641,0.315618,0.238391,-0.162696,-0.291573,0.496311,-0.236563,-0.153587,0.143095
3.382752,-0.230691,-0.035228,0.114642,-0.021066,0.012609,-0.274272,-0.185863,0.253279,0.192102,-0.129695,-0.301079,0.431502,-0.215407,-0.110224,0.060234
0.363913,0.212784,0.095572,-0.179060,-0.007288,-0.093394,-0.040871,0.133562,0.236591,-0.018483,-0.116627,-0.093844,0.523637,0.160973,-0.206543,0.253748
2.975487,-0.140576,-0.115306,0.014506,-0.020979,-0.095748,-0.087054,-0.001050,0.047194,0.054262,-0.011617,-0.047515,0.181239,0.098928,0.006673,-0.029585
1.455529,-0.071895,0.064729,0.016510,-0.042638,0.042300,-0.077455,-0.129593,0.260164,0.092284,-0.163182,-0.270545,0.364811,-0.030772,0.037979,0.215516
-1.059448,0.202070,0.055870,-0.117972,-0.086042,-0.186585,0.020451,0.204664,0.235299,0.008880,-0.020792,0.131020,0.398256,0.389383,-0.132074,0.369633
1.016941,0.050228,0.112360,-0.168037,-0.014968,0.152396,0.298768,-0.092515,0.035850,-0.134760,-0.223679,-0.297164,0.011690,0.166600,0.443823,0.145455
2.571102,-0.074540,0.013002,-0.035005,-0.029207,0.035520,-0.089826,-0.084738,0.178986,0.099205,-0.190740,-0.252819,0.343696,-0.097472,-0.007218,0.100892
2.676400,0.100463,-0.118790,-0.332083,0.026839,-0.028268,0.498066,0.200982,-0.399357,-0.322561,-0.040620,0.080032,-0.399123,0.504158,0.539778,-0.225585
0.371611,0.134426,0.050642,-0.183165,-0.038686,-0.025881,0.217533,0.093852,0.045840,-0.107604,-0.108197,-0.044041,0.110845,0.323856,0.208098,0.181146
0.603169,0.019917,0.048125,-0.091679,-0.034462,0.024791,0.213873,-0.026867,0.055942,-0.101382,-0.090045,-0.128752,0.036134,0.291566,0.330667,0.163484
3.966432,-0.273427,-0.036754,0.121722,-0.017166,0.060968,-0.281533,-0.236897,0.244400,0.211757,-0.175213,-0.371817,0.416671,-0.306409,-0.075980,0.023636
1.959785,-0.247854,-0.067960,0.180291,-0.087749,-0.069055,-0.200077,-0.134159,0.246049,0.197071,-0.025035,-0.101366,0.289788,0.021760,-0.005618,0.165639
2.309119,-0.199430,-0.007789,0.095462,-0.049266,0.035458,-0.111028,-0.179702,0.210043,0.127383,-0.120962,-0.252981,0.264765,-0.056096,0.094000,0.127500
4.815935,-0.468867,-0.246738,0.323475,-0.082707,-0.167882,-0.543964,-0.153563,0.250094,0.400708,0.030525,-0.056239,0.440616,-0.253057,-0.331901,-0.046335
3.027746,-0.172392,-0.097259,0.061753,-0.031705,-0.083683,-0.182938,-0.047322,0.137279,0.126929,-0.040470,-0.101103,0.298181,-0.005975,-0.081258,0.018647
3.290341,-0.033593,-0.030233,-0.125388,-0.027000,0.027247,-0.031092,-0.002644,0.068043,0.076707,-0.224763,-0.194341,0.268322,-0.097088,0.000514,0.007436
2.885543,-0.081726,-0.096391,-0.039496,-0.010529,-0.092064,-0.060814,0.033583,0.036588,0.027085,-0.033992,-0.051701,0.203418,0.105159,-0.012695,-0.028227
3.406234,-0.126932,-0.133138,-0.001786,-0.010803,-0.122468,-0.149385,0.032484,0.051931,0.077164,-0.014797,-0.035475,0.256289,0.049182,-0.104157,-0.061736
2.992332,0.033251,-0.085304,-0.128243,0.008035,-0.140610,-0.123997,0.139607,0.059561,0.032888,-0.060065,-0.018779,0.370342,0.065723,-0.221768,-0.028664
4.418506,-0.301596,-0.348361,0.149678,-0.022263,-0.332811,-0.280080,0.118426,-0.067214,0.121006,0.242901,0.261123,0.117696,0.223768,-0.199358,-0.236605
2.360261,-0.095353,-0.050147,-0.003296,-0.026534,-0.052701,-0.066593,-0.027275,0.110523,0.053221,-0.063490,-0.112445,0.239272,0.074369,0.018912,0.055745
4.778366,-0.128545,-0.180179,-0.062445,0.018136,-0.116741,-0.174586,0.066504,-0.030646,0.077054,-0.053334,-0.053875,0.256884,-0.052907,-0.165201,-0.199996
2.569812,-0.085224,-0.105393,0.001082,-0.030790,-0.144821,-0.144827,0.057049,0.102877,0.084544,-0.004370,0.004303,0.297216,0.106264,-0.128671,0.026824
1.487459,0.076116,0.019329,-0.166591,-0.000384,-0.011537,0.154146,0.053070,0.017281,-0.105946,-0.104394,-0.113209,0.129206,0.225428,0.170166,0.071123
3.408621,0.214245,0.044790,-0.460413,0.065748,0.162901,0.411837,0.103691,-0.239685,-0.257941,-0.333906,-0.280080,-0.060216,0.081714,0.374290,-0.159724
1.665982,-0.025187,-0.094515,0.027916,-0.091666,-0.241214,-0.304676,0.145935,0.264006,0.226153,-0.010288,0.124005,0.547374,0.074047,-0.412389,0.192868
4.000015,-0.122991,-0.173208,-0.013338,0.006798,-0.170992,-0.217480,0.080196,0.032345,0.089230,0.012045,0.003548,0.312376,0.023797,-0.222830,-0.126331
2.939486,-0.095543,-0.102269,-0.023070,-0.011912,-0.099786,-0.086252,0.028129,0.049139,0.041749,-0.026280,-0.049622,0.221252,0.093575,-0.035238,-0.027386
2.551264,-0.057704,-0.057640,-0.042331,-0.009547,-0.072550,-0.070466,0.015317,0.086552,0.031493,-0.058159,-0.095280,0.262890,0.080945,-0.031521,0.022282
3.053922,-0.111730,-0.094550,-0.025550,-0.014963,-0.063208,-0.054280,-0.001916,0.035769,0.038728,-0.055173,-0.086014,0.179172,0.070262,0.029280,-0.033545
4.107493,-0.174572,-0.216169,-0.024041,0.039315,-0.139924,0.013098,0.051901,-0.172631,-0.083423,0.102468,0.031503,-0.055260,0.242440,0.133404,-0.261243
2.749853,-0.081773,-0.123468,-0.013092,-0.017382,-0.157963,-0.124358,0.076029,0.059794,0.053427,0.019681,0.024881,0.257527,0.140770,-0.112782,-0.016804
2.187228,-0.077633,-0.077888,-0.026436,-0.026356,-0.084403,0.007376,0.022244,0.036158,0.000077,-0.015773,-0.030864,0.131377,0.192489,0.087394,0.023959
2.492792,-0.077800,-0.071808,-0.025860,-0.016900,-0.080188,-0.053646,0.013120,0.069705,0.028151,-0.037745,-0.069544,0.215520,0.115319,0.006548,0.017906
3.361393,-0.164844,-0.146516,0.028626,-0.016669,-0.120281,-0.126910,0.009621,0.033960,0.070096,0.009788,-0.024410,0.190145,0.083923,-0.037656,-0.069204
0.814822,-0.008932,0.015089,-0.035186,-0.021029,-0.048015,0.080647,-0.010929,0.105590,-0.061884,-0.018303,-0.089479,0.153023,0.276707,0.165793,0.148726
2.678253,-0.036319,-0.056645,-0.089870,0.010186,-0.046575,0.023380,0.022468,0.008849,-0.040356,-0.061215,-0.107967,0.159456,0.130600,0.074914,-0.030283
3.186488,-0.094487,-0.097899,-0.047344,0.001406,-0.068505,-0.043663,0.013840,0.011534,0.010992,-0.046046,-0.086281,0.173650,0.083484,0.024117,-0.063585
3.104470,-0.089927,-0.082335,-0.034774,-0.018015,-0.068520,-0.110261,0.010280,0.081353,0.076237,-0.083800,-0.099239,0.276650,0.008250,-0.066658,-0.008894
2.522466,-0.061578,-0.051766,-0.059398,-0.010560,-0.037635,0.007816,-0.001856,0.041787,-0.003398,-0.073883,-0.111972,0.167473,0.109511,0.082667,0.008174
3.463743,-0.144293,-0.121309,0.004211,-0.009803,-0.089529,-0.130090,-0.003098,0.051241,0.073335,-0.034971,-0.078127,0.231526,0.026592,-0.052575,-0.062123
3.693812,0.071873,-0.119432,-0.198476,0.011139,-0.158960,-0.129976,0.213176,0.001380,0.042953,-0.095614,0.022750,0.382204,0.021759,-0.294993,-0.097347
1.753562,-0.023582,-0.031610,-0.035324,-0.037626,-0.090405,-0.071228,0.035907,0.142933,0.055189,-0.059498,-0.055720,0.305597,0.121214,-0.057039,0.117081
5.500848,-0.168210,-0.211004,-0.058223,0.064359,-0.112199,-0.162206,0.041862,-0.104058,0.014831,-0.007169,-0.088694,0.187215,-0.041317,-0.116624,-0.315807
5.598304,-0.270188,-0.237753,-0.110152,0.071417,0.068838,0.357703,-0.077006,-0.467511,-0.250004,-0.001325,-0.130839,-0.557970,0.246962,0.695882,-0.490129
1.875261,-0.117793,0.006293,-0.002287,-0.019133,0.054071,0.094170,-0.129799,0.073067,-0.032170,-0.094156,-0.223078,0.066458,0.127598,0.296114,0.075905
6.680058,-0.327555,-0.351787,0.080735,0.073814,-0.237907,-0.341469,0.047523,-0.134619,0.082495,0.153388,0.034105,0.186470,-0.033246,-0.256875,-0.451500
3.583545,-0.136323,-0.104965,-0.016143,-0.008269,-0.056027,-0.112201,-0.018610,0.049599,0.072550,-0.075685,-0.120312,0.230926,-0.014017,-0.029764,-0.063034
0.560493,0.353863,0.129822,-0.432453,0.020590,0.053136,0.392998,0.194014,-0.061802,-0.255713,-0.242959,-0.133370,0.107767,0.309838,0.245456,0.120544
3.606222,-0.084175,-0.265235,0.022868,0.055477,-0.394003,-0.314677,0.237688,-0.007607,0.009618,0.274046,0.245116,0.362905,0.290368,-0.434644,-0.197794
1.161436,0.103395,0.044352,-0.147013,-0.030338,-0.039251,0.026878,0.072207,0.145091,-0.001092,-0.144018,-0.105787,0.331068,0.128792,-0.024393,0.174329
3.239836,-0.129318,-0.117300,-0.003974,-0.009905,-0.094902,-0.102622,0.008364,0.041089,0.053024,-0.023126,-0.061286,0.208245,0.068310,-0.028514,-0.053602
3.240578,-0.168348,-0.134715,0.039335,-0.023300,-0.111861,-0.138852,-0.004657,0.060533,0.086304,-0.001987,-0.039337,0.212993,0.065476,-0.044327,-0.043080
2.565403,-0.088510,-0.094621,-0.049901,-0.018066,-0.063718,0.061012,0.020377,-0.029265,-0.030718,-0.024651,-0.037403,0.045059,0.200406,0.163285,-0.033794
6.483150,-0.416900,-0.300475,0.127423,0.091440,-0.098336,-0.178957,-0.125155,-0.180280,-0.009050,0.132930,-0.133737,-0.037534,-0.003943,0.095541,-0.462309
1.998738,-0.173961,-0.012855,0.113077,-0.063824,-0.027277,-0.203590,-0.131511,0.278510,0.180765,-0.096432,-0.190301,0.391976,-0.058784,-0.063720,0.181504
4.057137,-0.288984,-0.158375,0.143766,-0.034383,-0.097676,-0.302077,-0.096524,0.146778,0.207435,-0.022177,-0.113068,0.324773,-0.116679,-0.149475,-0.051592
3.216997,-0.166630,-0.128548,0.046822,-0.008397,-0.117301,-0.155457,-0.012428,0.071720,0.072227,0.016547,-0.055452,0.237625,0.069954,-0.063486,-0.047718
2.057650,-0.054679,-0.048341,-0.052911,-0.030371,-0.046376,0.042345,0.009180,0.043386,-0.004977,-0.062885,-0.071465,0.129517,0.167306,0.123955,0.048504
3.653505,-0.140812,-0.128445,0.003991,0.000607,-0.105939,-0.169545,0.007697,0.059946,0.080226,-0.025847,-0.077859,0.277444,0.005682,-0.113656,-0.078504
5.115489,-0.365658,-0.249178,0.118855,0.010250,-0.080424,-0.113679,-0.103416,-0.106374,0.054176,0.062205,-0.074355,-0.040666,0.037696,0.149194,-0.278941
2.490652,-0.179613,-0.242890,0.078725,-0.026569,-0.277111,-0.047903,0.122231,-0.079927,-0.019868,0.234995,0.247770,-0.016748,0.436933,0.044172,-0.104048
3.065904,-0.086324,-0.091281,-0.046545,-0.000216,-0.072196,-0.051280,0.016739,0.026079,0.014966,-0.046111,-0.085078,0.193554,0.084487,0.008329,-0.047861
4.566996,-0.247914,-0.212240,0.084998,0.011656,-0.162415,-0.270442,-0.006373,0.031178,0.117365,0.056703,-0.031815,0.263114,-0.013985,-0.175997,-0.178544
2.753838,-0.135806,-0.072895,0.013411,-0.023770,-0.045475,-0.068900,-0.046962,0.083490,0.057310,-0.058053,-0.119775,0.198113,0.056587,0.048060,0.013656
4.216092,-0.111240,-0.100949,-0.047141,0.030960,-0.057880,-0.183298,-0.009277,0.061089,0.069186,-0.091602,-0.177364,0.342359,-0.103003,-0.151808,-0.117538
2.886687,-0.108456,-0.159694,0.019370,0.004675,-0.208407,-0.151683,0.088544,0.033611,0.024320,0.104707,0.069136,0.238048,0.206195,-0.135291,-0.067410
1.468586,-0.239908,-0.015398,0.163745,-0.093102,0.010900,-0.083770,-0.193238,0.235216,0.150572,-0.072787,-0.176547,0.192253,0.046065,0.172662,0.208095
3.554952,-0.125871,-0.140520,-0.010041,-0.000911,-0.125210,-0.143047,0.037984,0.031585,0.061271,-0.006347,-0.035079,0.242586,0.056215,-0.099896,-0.087871
5.087973,-0.299808,-0.330173,0.099198,0.024339,-0.258569,-0.209836,0.071832,-0.137003,0.045273,0.202304,0.145069,0.048370,0.177099,-0.094237,-0.328266
0.285132,0.112717,-0.178012,-0.183716,-0.137022,-0.274164,0.303037,0.374595,-0.186090,-0.081492,0.087329,0.489285,-0.203670,0.690158,0.222654,0.088168
2.484666,0.245527,-0.067559,-0.241579,-0.006583,-0.286941,-0.316973,0.365989,0.192666,0.130240,-0.090241,0.129329,0.770748,0.009043,-0.715704,0.080091
2.001912,-0.070341,0.014624,-0.032932,-0.027350,0.032454,0.012595,-0.083554,0.127682,0.026387,-0.138336,-0.214573,0.212094,0.042538,0.132932,0.105213
5.577613,-0.258865,-0.232099,0.026385,0.009372,-0.104877,-0.232851,-0.009047,-0.041128,0.133133,-0.035388,-0.076674,0.204252,-0.124483,-0.129531,-0.260112
2.627842,0.012328,-0.104595,-0.068988,-0.021175,-0.202682,-0.212990,0.160851,0.127334,0.101733,-0.017611,0.057146,0.449835,0.079633,-0.330861,0.031981
4.510292,-0.405194,-0.255100,0.164941,-0.020695,-0.079430,-0.047948,-0.127413,-0.118112,0.047836,0.095887,-0.027427,-0.158245,0.134380,0.280422,-0.234370
1.076395,-0.116866,0.089896,0.076798,-0.044983,0.068794,-0.079797,-0.202417,0.306161,0.093807,-0.147313,-0.321921,0.354933,-0.024535,0.100468,0.260210
2.195004,-0.015092,-0.273069,-0.041381,-0.031558,-0.407642,-0.078818,0.340153,-0.104741,-0.024247,0.261844,0.442184,0.105270,0.527975,-0.198038,-0.097989
0.553066,0.024849,0.090164,-0.104654,-0.004334,0.084581,0.268076,-0.085174,0.048432,-0.161293,-0.108292,-0.229843,0.004157,0.284522,0.424662,0.152990
-1.334629,0.134804,0.059236,-0.140145,-0.050630,-0.056335,0.412758,0.093199,-0.019922,-0.242719,0.033128,0.068390,-0.145797,0.658977,0.488643,0.245485
-0.035870,0.117067,0.122138,-0.047669,-0.066887,-0.072405,-0.184768,0.031162,0.412270,0.142608,-0.158264,-0.145630,0.666765,0.020488,-0.287581,0.398352
1.531904,0.103647,0.075459,-0.146439,-0.021872,-0.004018,-0.059501,0.033649,0.218417,0.052429,-0.209815,-0.202577,0.471107,-0.021249,-0.128622,0.191653
10.760821,-0.558464,-0.561002,0.104700,0.117887,-0.224285,-0.434266,0.009717,-0.380519,0.137986,0.146454,0.012077,-0.001943,-0.274817,-0.246927,-0.866071
2.407478,0.003102,-0.036134,-0.096411,-0.002441,-0.067645,-0.042740,0.050149,0.080213,0.007776,-0.084263,-0.098301,0.286808,0.086977,-0.049929,0.031746
3.204059,-0.088165,-0.220685,0.021295,0.001004,-0.320714,-0.274938,0.192805,0.045332,0.077956,0.163520,0.198247,0.355418,0.211791,-0.359349,-0.095389
1.932648,-0.122847,-0.063365,0.033188,-0.057362,-0.068163,-0.040815,-0.028657,0.111026,0.069433,-0.037780,-0.054236,0.175681,0.138308,0.077122,0.095109
3.287998,-0.106941,-0.112875,-0.031328,-0.004994,-0.089168,-0.083594,0.022933,0.025406,0.038870,-0.036639,-0.064266,0.203766,0.068327,-0.025327,-0.063406
2.660331,-0.016252,-0.142711,-0.085088,-0.004534,-0.190708,-0.038257,0.159932,-0.030252,-0.020710,0.049208,0.104319,0.174205,0.253480,-0.076416,-0.063594
8.677312,-0.604539,-0.331600,0.303566,0.001933,-0.084909,-0.750036,-0.244501,0.174855,0.482108,-0.088793,-0.286852,0.563288,-0.697209,-0.515660,-0.364216
1.895513,0.003081,-0.025381,-0.101176,-0.013004,-0.043306,0.071580,0.036691,0.034121,-0.045609,-0.072123,-0.082561,0.148703,0.188200,0.113458,0.049261
2.715436,0.236434,-0.122823,-0.412691,0.057357,-0.138329,0.367167,0.351535,-0.352300,-0.311687,-0.014943,0.162888,-0.149802,0.490532,0.209319,-0.227646
3.557733,0.019985,-0.032140,-0.237594,0.092070,0.071122,0.254761,0.000825,-0.193163,-0.240789,-0.116164,-0.244986,-0.071292,0.163980,0.345155,-0.209788
3.297333,-0.312390,-0.158753,0.238177,-0.054679,-0.174084,-0.425019,-0.095600,0.264277,0.271110,0.056561,-0.050629,0.455427,-0.079648,-0.288647,0.046612
4.477182,-0.225070,-0.171650,0.039113,-0.003721,-0.084922,-0.187070,-0.035158,0.020429,0.112430,-0.035632,-0.097606,0.213275,-0.060060,-0.069805,-0.149402
4.809190,-0.273100,-0.125291,0.044865,0.024214,0.033361,-0.113357,-0.160583,0.002197,0.063895,-0.094799,-0.271236,0.129636,-0.133022,0.109949,-0.181318
3.627433,-0.219349,-0.051301,0.034607,-0.022591,0.073774,-0.067143,-0.173675,0.090252,0.097427,-0.165332,-0.288740,0.169193,-0.127518,0.149787,-0.021303
9.120408,-0.035057,-0.381795,-0.334011,0.086634,-0.210695,-0.288813,0.351818,-0.326705,0.107049,-0.157148,0.075844,0.326093,-0.317339,-0.546643,-0.645837
3.358288,-0.114615,-0.107608,-0.024538,-0.006829,-0.079802,-0.101959,0.009290,0.042770,0.055389,-0.051063,-0.084384,0.227487,0.035175,-0.039878,-0.056478
3.109371,-0.078727,-0.115052,-0.055759,-0.004012,-0.102244,-0.046718,0.054386,-0.001097,0.011293,-0.024091,-0.030319,0.172655,0.121210,-0.006633,-0.066045
1.753688,-0.182957,-0.198810,0.155567,-0.045828,-0.304848,-0.192621,0.089801,0.091056,0.069398,0.242370,0.223765,0.195756,0.374964,-0.125594,0.031657
-1.580608,0.145073,0.137189,-0.058977,-0.094072,-0.067271,0.067355,0.048210,0.311767,0.011571,-0.084769,-0.039844,0.368857,0.323586,0.039044,0.458129
2.910216,-0.080412,-0.232878,0.025850,-0.036329,-0.347597,-0.283280,0.229636,0.062607,0.125090,0.155680,0.269705,0.362781,0.228179,-0.389091,-0.047325
3.326380,-0.001355,-0.079113,-0.169428,0.058143,-0.037261,0.111622,0.060017,-0.118049,-0.143776,-0.047937,-0.114270,0.052951,0.178524,0.147349,-0.158495
