2.074310,0.014931,-0.057400,0.021181,-0.074111,0.203387,0.006500,0.087437,0.102808,-0.015605,-0.001345,0.184946,0.047731,0.090983,-0.289749,-0.107300
2.426604,-0.042469,-0.000433,-0.060324,-0.086284,0.061832,-0.211687,-0.160784,0.223049,0.144465,0.042356,0.185600,0.254255,0.053745,-0.463977,-0.045169
2.886481,-0.211447,-0.074844,-0.102850,-0.084625,0.290343,-0.172484,0.139407,0.034941,-0.117895,-0.040422,0.375884,-0.295297,0.137838,0.219637,-0.131814
3.979855,0.035803,-0.178898,0.119431,-0.064099,0.165249,-0.035629,0.194331,0.156188,-0.156118,0.006044,0.223480,0.085118,0.113063,-0.594477,-0.287582
2.521672,-0.131847,-0.003403,-0.083488,-0.068050,0.186334,-0.193676,-0.053412,0.118014,0.027137,-0.024250,0.240731,-0.018877,0.074598,-0.087510,-0.081689
2.000149,0.112896,-0.174995,0.167406,-0.050252,0.388524,0.278428,0.441732,-0.027214,-0.262559,-0.061552,0.162540,-0.148520,0.113526,-0.160927,-0.219320
2.016010,-0.014950,-0.046916,-0.005501,-0.072401,0.204999,-0.049908,0.046520,0.115661,0.004753,-0.007076,0.182386,0.073084,0.065832,-0.233686,-0.076902
0.899703,0.189410,-0.048789,0.101312,-0.071921,0.174237,0.154046,0.068394,0.145634,0.070765,0.026853,0.029266,0.327731,0.028794,-0.573106,-0.028613
1.424736,0.048704,-0.083018,0.049804,-0.068621,0.293861,0.103836,0.196599,0.052086,-0.070476,-0.025776,0.155056,0.009913,0.068284,-0.146987,-0.077670
0.257162,0.176863,0.012503,0.116961,-0.032492,0.309248,0.309871,0.152589,-0.001604,-0.010636,-0.062246,-0.010213,0.058103,0.048620,-0.242857,-0.056163
4.443834,-0.303999,-0.101167,-0.160402,-0.096499,0.136661,-0.489751,-0.057474,0.199570,-0.041453,0.007144,0.428054,-0.065584,0.095606,-0.043749,-0.149917
3.807555,-0.216048,-0.103508,-0.054837,-0.057712,0.290574,-0.203298,0.155034,0.045650,-0.188281,-0.070719,0.356676,-0.291541,0.125145,0.124282,-0.224922
1.832157,-0.143907,0.029165,-0.069941,-0.037501,0.328929,-0.056404,0.054488,-0.013300,-0.060892,-0.102517,0.211318,-0.249638,0.079505,0.250522,-0.088225
0.376821,0.197708,-0.157476,0.149877,-0.068666,0.373464,0.284290,0.356295,0.043004,-0.117373,-0.022373,0.051646,0.164696,0.006388,-0.221046,-0.023075
5.076184,-0.061271,-0.138331,0.004159,-0.104048,-0.061016,-0.342275,-0.092610,0.324313,0.029935,0.099621,0.315277,0.286307,0.130137,-0.890932,-0.260276
1.612069,-0.000283,-0.035343,0.006981,-0.064857,0.256922,0.031735,0.099545,0.062812,-0.023409,-0.029294,0.167611,-0.009244,0.074846,-0.127859,-0.074860
0.069871,0.068789,0.058008,0.000168,-0.051970,0.272692,0.131517,0.010002,0.040231,0.088973,-0.044145,0.043292,0.085991,0.024359,-0.084414,0.043370
4.285915,-0.081068,-0.134052,-0.020916,-0.111471,0.033178,-0.262297,0.001688,0.244200,-0.006942,0.079738,0.344273,0.131378,0.146207,-0.606111,-0.213038
2.469659,-0.032871,-0.035391,-0.022611,-0.082325,0.141581,-0.095900,-0.006075,0.142933,0.035219,0.017607,0.219759,0.072280,0.100518,-0.337192,-0.105956
1.553251,0.038249,-0.034680,0.075983,-0.017509,0.334910,0.101027,0.142743,0.022939,-0.095437,-0.099577,0.062138,-0.003026,0.016265,-0.089728,-0.111542
3.039424,-0.119466,-0.134054,-0.046964,-0.108399,0.227513,-0.121774,0.184974,0.092476,-0.107452,0.018729,0.372768,-0.150054,0.154107,-0.074856,-0.149974
-0.223219,0.067361,-0.019328,0.080126,-0.010105,0.523104,0.311235,0.314142,-0.122994,-0.160407,-0.156015,0.024124,-0.194686,0.002791,0.350580,-0.018394
2.058591,-0.023187,-0.050226,-0.006476,-0.073307,0.217324,-0.037449,0.070166,0.099505,-0.013417,-0.010665,0.198768,0.024954,0.079926,-0.196255,-0.088725
3.342312,-0.056323,-0.098679,-0.009112,-0.092395,0.125098,-0.146743,0.050749,0.166752,-0.026315,0.033988,0.284678,0.051035,0.125657,-0.406549,-0.171683
1.460545,0.042745,-0.020596,0.045435,-0.054229,0.276625,0.140001,0.145014,0.017885,-0.049765,-0.044008,0.142878,-0.078564,0.103821,-0.147560,-0.112980
1.830833,-0.052804,-0.050867,-0.034176,-0.080036,0.246975,-0.048720,0.088278,0.081512,-0.018811,-0.014216,0.224310,-0.023774,0.079630,-0.066677,-0.058942
0.236974,0.110023,-0.003509,0.067564,-0.033681,0.332985,0.178713,0.113700,0.031323,-0.000794,-0.071911,0.000014,0.121030,-0.014808,-0.101990,0.008078
1.648894,-0.030096,-0.029033,-0.016220,-0.067208,0.258589,-0.002341,0.083874,0.062070,-0.018121,-0.030961,0.186736,-0.032502,0.075533,-0.071279,-0.065415
3.500384,-0.002510,-0.115083,-0.024634,-0.139492,-0.037502,-0.220035,-0.057879,0.294953,0.107625,0.140475,0.310613,0.300657,0.142970,-0.790947,-0.130045
2.497095,-0.037479,-0.056171,-0.018445,-0.083218,0.162848,-0.096538,0.028572,0.138205,0.009510,0.013846,0.228181,0.062229,0.094573,-0.300191,-0.106541
1.398724,-0.059035,-0.066135,-0.032498,-0.070188,0.321655,-0.036186,0.136694,0.056198,-0.053304,-0.044092,0.196647,-0.027969,0.033350,0.094143,-0.017597
2.118264,0.075750,-0.121459,0.118182,-0.072712,0.334870,0.300255,0.407457,-0.060753,-0.221670,-0.032184,0.251625,-0.319044,0.218297,-0.143013,-0.250051
2.939877,-0.117178,-0.058402,-0.053257,-0.072991,0.185475,-0.198390,0.006204,0.137269,-0.019495,-0.013138,0.258423,0.009630,0.075760,-0.165170,-0.116889
2.914459,-0.100719,-0.077388,-0.063210,-0.094946,0.137602,-0.230027,-0.015784,0.185345,0.023508,0.028920,0.275638,0.106188,0.075715,-0.275407,-0.087209
2.164165,-0.026475,-0.051973,-0.007148,-0.072573,0.207788,-0.056199,0.057071,0.110631,-0.009432,-0.009060,0.197606,0.044400,0.074927,-0.219226,-0.091398
2.150625,-0.036180,-0.049117,-0.014220,-0.073003,0.213117,-0.060093,0.057955,0.104775,-0.011301,-0.011437,0.204829,0.025247,0.077661,-0.189018,-0.089355
3.499872,-0.130928,-0.108665,-0.079169,-0.114773,0.098824,-0.283188,-0.003093,0.209445,0.011577,0.059590,0.350241,0.078682,0.115157,-0.330047,-0.121292
2.384935,-0.046251,-0.057760,-0.018586,-0.078238,0.196201,-0.081950,0.055493,0.115629,-0.013335,-0.001825,0.226892,0.021585,0.089594,-0.218345,-0.103608
2.587364,-0.092975,-0.039995,-0.052385,-0.071237,0.176467,-0.187099,-0.028755,0.148737,0.019019,-0.010138,0.220452,0.075484,0.054115,-0.196831,-0.082051
2.146800,-0.111811,0.002742,-0.118115,-0.096043,0.110709,-0.256821,-0.144462,0.194267,0.135694,0.032251,0.236817,0.160669,0.051672,-0.221600,0.003267
2.219472,-0.039026,-0.052989,-0.016530,-0.076401,0.206412,-0.065853,0.059265,0.108444,-0.011197,-0.005960,0.215336,0.022502,0.084085,-0.199632,-0.093227
2.400609,0.008795,-0.061135,0.023866,-0.074983,0.180636,-0.011044,0.078168,0.113154,-0.019271,0.004745,0.200149,0.042348,0.105697,-0.344337,-0.135533
2.261628,-0.093742,-0.083353,-0.028594,-0.064619,0.291555,-0.103438,0.122676,0.076972,-0.084251,-0.046323,0.229699,-0.048726,0.048960,0.024645,-0.084942
2.096413,-0.031549,-0.053198,-0.010147,-0.074079,0.222509,-0.042009,0.077374,0.095588,-0.020687,-0.012096,0.207939,0.008191,0.082960,-0.174626,-0.091205
2.017943,-0.074631,-0.006559,-0.048956,-0.065564,0.217012,-0.093516,0.000335,0.091708,0.016297,-0.028275,0.201928,-0.012878,0.071926,-0.093963,-0.069104
3.926953,-0.198536,-0.090924,-0.137300,-0.123959,0.040033,-0.423958,-0.108984,0.259679,0.065604,0.077300,0.391200,0.118107,0.110286,-0.344511,-0.105378
1.169051,0.113936,-0.046981,0.109611,-0.037566,0.319004,0.224788,0.208249,0.008633,-0.087657,-0.063491,0.067861,-0.008284,0.064254,-0.201030,-0.115508
2.226005,-0.064266,-0.039336,-0.038972,-0.075942,0.200736,-0.105831,0.023773,0.115105,0.006636,-0.008526,0.220406,0.024798,0.075975,-0.163891,-0.078273
2.825281,-0.080240,-0.075725,-0.020976,-0.073923,0.207319,-0.119198,0.074824,0.111757,-0.053252,-0.013164,0.254898,-0.025659,0.094865,-0.180599,-0.137846
1.117215,-0.008594,0.011864,-0.036185,-0.075710,0.228015,0.015608,0.022687,0.071556,0.055869,-0.012512,0.164954,0.015980,0.075918,-0.103660,-0.014108
4.307854,-0.326188,-0.041593,-0.227913,-0.124163,0.032135,-0.556778,-0.197396,0.245676,0.086863,0.060465,0.466793,-0.018731,0.132233,-0.140724,-0.102614
1.848790,-0.040277,-0.039904,-0.015290,-0.065398,0.256781,-0.028459,0.083204,0.071789,-0.028733,-0.032937,0.191539,-0.022244,0.068843,-0.079651,-0.075068
1.913325,-0.021220,-0.041467,-0.006077,-0.069043,0.230632,-0.023539,0.071060,0.088278,-0.013667,-0.019386,0.186773,0.014839,0.074494,-0.164087,-0.081334
1.914246,-0.112523,0.016736,-0.087745,-0.070527,0.214286,-0.130248,-0.035416,0.086765,0.041297,-0.027845,0.224999,-0.048499,0.077500,-0.011002,-0.044743
2.251707,-0.111366,-0.000824,-0.059705,-0.046559,0.226741,-0.178402,-0.052587,0.112418,0.014564,-0.056207,0.172584,0.037342,0.020134,-0.053598,-0.061983
2.314356,0.028296,0.032011,0.045108,-0.033674,0.170254,0.040989,-0.019538,0.078336,0.013440,-0.044465,0.109230,0.010979,0.101252,-0.383318,-0.172604
1.907693,-0.053839,-0.026903,-0.041810,-0.070446,0.207083,-0.113303,-0.006625,0.125398,0.032940,-0.014890,0.181700,0.088458,0.040876,-0.153492,-0.039595
5.405900,-0.304247,-0.108745,-0.226701,-0.165493,-0.139719,-0.706913,-0.281568,0.402289,0.159704,0.161968,0.524864,0.236483,0.145555,-0.584612,-0.127596
1.799473,-0.001087,-0.041143,0.011113,-0.061617,0.241766,0.000146,0.077938,0.084785,-0.018648,-0.028230,0.157973,0.037383,0.060200,-0.177947,-0.079983
1.684128,0.001347,-0.037806,0.012002,-0.065032,0.257670,0.043952,0.112511,0.055970,-0.033622,-0.029377,0.174810,-0.031671,0.086124,-0.132736,-0.088904
2.170285,-0.025759,-0.059319,-0.001646,-0.069678,0.219271,-0.055367,0.069106,0.108669,-0.021398,-0.014745,0.192236,0.047234,0.066675,-0.206221,-0.092266
2.365589,-0.154220,0.004733,-0.104926,-0.068688,0.200935,-0.215525,-0.064423,0.112694,0.034668,-0.030212,0.245785,-0.031264,0.063924,-0.007942,-0.056275
2.145955,-0.034715,-0.053333,-0.010508,-0.072404,0.220798,-0.051904,0.071004,0.099466,-0.020540,-0.013825,0.205671,0.015497,0.078616,-0.178488,-0.092533
2.088128,-0.031770,-0.047238,-0.011992,-0.072111,0.216938,-0.050911,0.060719,0.101261,-0.011189,-0.013062,0.199788,0.024555,0.076550,-0.184798,-0.086892
3.028310,-0.061135,-0.089371,-0.014149,-0.080231,0.156676,-0.163858,0.031711,0.166270,-0.019398,0.011761,0.242727,0.094693,0.077648,-0.331223,-0.131822
2.775094,-0.070969,-0.065313,-0.034923,-0.082207,0.156667,-0.165456,0.004939,0.158830,0.007315,0.011447,0.241811,0.082011,0.078332,-0.283508,-0.105869
1.460303,-0.086901,0.028642,-0.076889,-0.069288,0.246600,-0.050929,0.003689,0.048622,0.033759,-0.036064,0.209939,-0.096802,0.088190,0.047237,-0.032726
1.415505,-0.039231,-0.026836,-0.001453,-0.035181,0.331751,-0.015914,0.087557,0.044889,-0.053088,-0.086940,0.114002,-0.000625,-0.001096,0.060459,-0.041438
2.343520,-0.113511,-0.067232,-0.062163,-0.088015,0.248324,-0.104642,0.107702,0.073632,-0.053090,-0.012694,0.296893,-0.121000,0.111505,0.009469,-0.092266
2.869373,-0.067201,-0.066567,-0.027520,-0.081382,0.155114,-0.151279,0.015994,0.152328,-0.002756,0.010951,0.246759,0.060686,0.090487,-0.298148,-0.123601
2.264037,-0.085820,-0.053369,-0.035124,-0.068357,0.254352,-0.087844,0.083556,0.077246,-0.049432,-0.033819,0.234345,-0.063211,0.078097,-0.037765,-0.095093
3.247034,-0.112064,-0.059051,-0.049953,-0.081507,0.145662,-0.195393,-0.000488,0.147077,-0.012492,0.006941,0.286133,-0.006287,0.112457,-0.258086,-0.150577
2.251706,0.015854,-0.055395,0.021310,-0.070837,0.173215,-0.039574,0.038780,0.137477,0.008479,0.003718,0.166873,0.125103,0.069852,-0.369158,-0.104468
3.642035,-0.025822,-0.068231,-0.034790,-0.122783,-0.045463,-0.228738,-0.112988,0.275995,0.119443,0.116826,0.297259,0.244629,0.152705,-0.766364,-0.154967
2.275718,-0.044278,-0.051076,-0.020970,-0.076577,0.198293,-0.082032,0.045145,0.116160,-0.004290,-0.004207,0.216331,0.033929,0.081429,-0.210010,-0.092092
3.058198,-0.081774,-0.076362,-0.034310,-0.088885,0.150651,-0.156034,0.035499,0.147151,-0.016737,0.018932,0.282350,0.015139,0.115046,-0.288136,-0.141462
-0.930492,0.194608,0.000887,-0.017140,-0.182138,0.162874,0.388808,0.200745,0.022649,0.165759,0.149272,0.255885,-0.039423,0.260110,-0.307997,0.080790
1.176593,0.102219,-0.024716,0.117678,-0.027004,0.361502,0.304218,0.263248,-0.063983,-0.137527,-0.092086,0.087550,-0.185504,0.112799,-0.086163,-0.164947
0.817379,0.090135,-0.021001,0.076151,-0.035159,0.326413,0.179648,0.152402,0.016998,-0.047242,-0.071433,0.048627,0.029602,0.029364,-0.118845,-0.058792
-0.033709,0.061837,-0.077784,0.078871,-0.054147,0.544574,0.420898,0.497638,-0.188290,-0.243337,-0.111820,0.174906,-0.437565,0.133934,0.427144,-0.079372
2.240507,-0.017145,-0.032546,-0.048208,-0.103253,0.076772,-0.155828,-0.084802,0.210276,0.122085,0.062487,0.213495,0.228991,0.077869,-0.460492,-0.041316
1.520481,-0.025199,0.002520,-0.015569,-0.042176,0.244854,-0.071278,-0.025514,0.105320,0.033257,-0.055076,0.095999,0.124158,-0.006258,-0.121737,-0.024497
2.734985,0.057840,-0.063934,0.071696,-0.053132,0.134635,-0.043072,0.009460,0.173757,0.003901,-0.000525,0.114226,0.225663,0.050433,-0.573125,-0.155767
5.493566,-0.139422,-0.189692,0.018483,-0.086547,0.102780,-0.262944,0.132317,0.184495,-0.175006,0.026263,0.404325,-0.082189,0.184257,-0.494423,-0.357916
-0.334955,0.031891,0.066950,-0.033728,-0.038529,0.310248,0.035109,-0.052880,0.066350,0.118092,-0.071582,-0.008205,0.194952,-0.069643,0.052107,0.130477
1.302448,0.155147,0.002758,0.059558,-0.053826,0.060838,-0.071262,-0.191686,0.276953,0.207718,0.032741,-0.052367,0.624277,-0.074326,-0.778043,0.027406
3.908855,-0.410945,-0.085756,-0.315193,-0.178367,0.087479,-0.572103,-0.077726,0.198967,0.055921,0.099608,0.631845,-0.217023,0.199158,0.179193,-0.040773
3.480978,-0.121193,-0.044809,-0.020627,-0.037650,0.184739,-0.230291,-0.037341,0.144697,-0.045957,-0.054820,0.201057,0.038797,0.042072,-0.228491,-0.173410
0.564767,-0.117367,0.013867,-0.054140,-0.048475,0.501427,0.198635,0.306468,-0.182502,-0.175588,-0.134576,0.255882,-0.568487,0.148246,0.648126,-0.068410
2.255727,-0.028971,-0.043145,-0.012514,-0.068946,0.181605,-0.100952,0.003489,0.140702,0.019634,-0.006273,0.178072,0.114577,0.052747,-0.276299,-0.080850
1.958502,-0.025404,-0.041158,-0.009845,-0.070151,0.224270,-0.035038,0.062703,0.093818,-0.009090,-0.016875,0.190183,0.021054,0.074327,-0.171504,-0.080797
4.352193,-0.216876,-0.128566,-0.093216,-0.102978,0.139135,-0.338386,0.047137,0.170241,-0.081847,0.024378,0.421296,-0.099700,0.145947,-0.177229,-0.201826
1.622988,-0.022351,-0.000662,-0.032397,-0.066070,0.193184,-0.078522,-0.037938,0.126357,0.066632,-0.013895,0.143764,0.126502,0.035559,-0.206711,-0.025464
-0.035698,0.159278,-0.086668,0.114332,-0.065963,0.418190,0.380075,0.380016,-0.062463,-0.128194,-0.049539,0.095434,-0.100929,0.084778,0.009414,-0.040669
2.466259,0.071422,-0.076223,0.058193,-0.059183,0.104749,-0.127425,-0.062870,0.247698,0.068619,0.019927,0.069289,0.434669,-0.023577,-0.652979,-0.076085
1.194953,-0.023178,-0.032482,0.043622,-0.006670,0.433705,0.090993,0.193174,-0.035632,-0.146560,-0.145644,0.075124,-0.123545,-0.009118,0.219113,-0.076630
0.964250,-0.062257,-0.004554,-0.061405,-0.077287,0.310229,0.025950,0.107858,0.012205,-0.009409,-0.038744,0.214832,-0.137621,0.087034,0.154945,-0.006724
1.767072,0.067676,-0.052920,0.043476,-0.085068,0.191662,0.102188,0.123478,0.085024,-0.005046,0.019433,0.183883,0.028556,0.129100,-0.361101,-0.112899
2.892880,-0.111117,0.004282,-0.120949,-0.117383,0.011348,-0.272448,-0.176613,0.224521,0.161396,0.081177,0.306600,0.131357,0.133909,-0.432004,-0.068376
1.321518,-0.011235,-0.063635,0.022423,-0.059145,0.367780,0.125792,0.246596,-0.024040,-0.124896,-0.066272,0.192511,-0.185807,0.092423,0.113218,-0.090209
-0.195140,0.117373,0.003693,0.079315,-0.020401,0.400292,0.241852,0.164438,-0.018379,-0.035457,-0.104810,-0.028159,0.058490,-0.028863,0.036263,0.021094
1.379350,0.069839,0.022539,0.050831,-0.042900,0.226180,0.125298,0.044766,0.050570,0.016521,-0.042251,0.082942,0.026303,0.080694,-0.280690,-0.100739
1.378936,-0.084110,0.031337,-0.077923,-0.056085,0.237119,-0.125289,-0.068853,0.098185,0.069931,-0.046076,0.147067,0.059784,0.012706,0.003037,0.012040
2.125976,-0.049825,-0.030628,-0.029966,-0.071045,0.201591,-0.087351,0.017323,0.112225,0.012371,-0.013129,0.199782,0.037710,0.070546,-0.181004,-0.076934
2.622969,-0.077901,-0.030902,-0.027239,-0.056603,0.196071,-0.140177,-0.008248,0.121911,-0.007917,-0.031695,0.197003,0.033968,0.059385,-0.193563,-0.113549
0.904480,-0.036618,-0.149610,-0.011781,-0.074299,0.404351,-0.048505,0.235863,0.076981,-0.102626,-0.050377,0.163649,0.100315,-0.056215,0.195908,0.059789
3.103528,-0.017561,-0.110788,0.028981,-0.078839,0.165199,-0.087521,0.096273,0.149270,-0.057080,0.013501,0.236217,0.072405,0.099864,-0.400466,-0.172177
1.091053,0.082608,-0.022094,0.012206,-0.088331,0.160448,0.037364,0.008256,0.144055,0.100290,0.034517,0.118490,0.225664,0.055084,-0.399184,-0.002827
2.256513,-0.084247,0.034140,-0.099015,-0.075813,0.065311,-0.289403,-0.243932,0.236721,0.185045,0.023603,0.160707,0.294163,0.009248,-0.376418,0.002269
