2.127592,-0.001510,0.042220,0.033359,-0.020253,0.021561,-0.010568,0.076280,0.009729,-0.018103,0.050035,-0.047575,0.065503,0.010347,0.073062,0.013300
2.428624,-0.002436,0.047274,0.004359,0.000093,-0.021644,0.036834,-0.120284,0.098164,-0.008890,-0.093583,0.043760,-0.117735,0.001186,-0.017327,0.034759
2.609854,-0.005902,0.088614,-0.028511,-0.003109,0.029610,0.000244,-0.010705,0.034129,-0.066576,-0.027523,0.021581,0.015207,-0.038846,-0.039641,-0.034265
1.792056,-0.004301,0.066374,-0.045484,0.039808,0.004876,0.051767,-0.018441,0.101736,-0.062287,0.012894,-0.004022,0.023037,0.050955,-0.033099,-0.005177
2.346777,-0.002796,0.045305,-0.024411,-0.015355,0.004389,0.015380,0.060996,0.035328,-0.017431,0.049110,-0.022936,0.112288,0.007293,0.021429,-0.081362
1.922496,-0.003739,0.058724,-0.049149,0.030479,-0.004109,0.069222,-0.024016,0.093087,-0.044127,0.013150,0.011656,0.018767,0.040918,-0.019402,-0.032708
2.759987,0.000519,0.021646,0.015332,-0.059936,-0.031006,0.005666,0.022013,-0.018486,0.040502,-0.024163,-0.011511,-0.007683,-0.020607,0.068763,0.011122
2.164546,-0.004684,0.066077,-0.059063,0.009406,0.013098,0.045583,0.017428,0.043741,-0.050262,0.036907,0.026077,0.067960,0.000109,-0.022240,-0.049862
2.265167,-0.003090,0.055358,-0.014750,-0.007195,0.008777,0.019013,0.019131,0.033060,-0.029813,0.014412,-0.001490,0.034803,0.000532,0.013601,-0.012006
2.956589,-0.004588,0.068094,-0.050584,-0.031254,-0.004742,-0.018744,0.010148,0.024063,-0.027992,-0.036761,0.002800,0.063881,-0.037789,-0.051938,-0.071085
2.593643,-0.004850,0.073357,-0.109416,-0.000651,-0.018981,0.039169,0.043570,0.038031,-0.039960,0.010977,-0.015284,0.119404,0.010979,-0.061834,-0.125217
1.807224,-0.003127,0.064435,0.024067,-0.011358,0.053619,-0.029624,0.086120,-0.039308,-0.058448,0.065078,-0.012844,0.038150,-0.012776,0.051867,0.135366
2.545115,-0.004763,0.057941,-0.029518,-0.004983,0.000527,-0.001682,-0.071698,0.089666,-0.026560,-0.046687,0.050829,0.001989,-0.018962,-0.060679,-0.033836
2.218757,0.000426,0.019086,0.031583,-0.030945,-0.020102,0.002164,0.005266,0.025368,0.025319,-0.008253,-0.018927,-0.019214,0.018117,0.064603,0.065922
1.757261,0.000909,0.013052,0.064200,-0.010828,-0.017380,0.016000,-0.098871,0.053767,0.021447,-0.054896,0.044656,-0.170219,0.021586,0.059502,0.223749
2.386787,-0.003095,0.055800,-0.024842,-0.012901,0.007580,0.041334,0.025543,0.017242,-0.029367,0.020715,0.012325,0.036432,-0.016259,0.021196,-0.036763
3.071367,-0.001742,0.036185,-0.046270,-0.059582,-0.034532,0.002349,0.031842,-0.009880,0.027522,-0.019722,0.003425,0.070478,-0.036724,0.001894,-0.084454
1.560043,0.000247,0.019328,0.072787,-0.005325,0.026391,0.016271,0.065261,0.033558,-0.018046,0.078563,-0.043229,0.023282,0.035386,0.116835,0.096719
1.570181,-0.003129,0.060927,-0.067450,0.050858,-0.002743,0.072601,0.114145,0.099541,-0.064176,0.101674,-0.113827,0.175300,0.112315,0.009205,-0.116295
-0.544531,-0.000467,0.051754,0.065365,0.125861,0.072983,0.128202,0.126880,0.099915,-0.110620,0.221929,-0.119237,0.033914,0.200320,0.179425,0.173153
2.934186,-0.002176,0.040011,-0.016606,-0.060503,-0.006567,-0.033153,0.070557,-0.018669,0.009323,0.010832,-0.019392,0.106894,-0.039570,0.018344,-0.064435
2.650060,-0.000931,0.036260,-0.015997,-0.031129,-0.038239,0.016578,-0.018065,0.033302,0.017629,-0.051449,-0.011505,-0.019243,0.004614,0.011398,-0.001700
2.824856,-0.002440,0.035280,-0.030662,-0.061529,0.006613,-0.001479,0.104200,-0.039213,0.007988,0.071554,0.008034,0.158057,-0.053380,0.042391,-0.111371
-0.253816,0.005554,-0.036204,0.219553,0.063419,0.024521,0.029404,-0.034420,0.168889,0.020915,0.094991,-0.085742,-0.145124,0.193720,0.237276,0.330145
2.731690,0.000322,0.002809,0.038733,-0.069938,-0.017842,0.022255,-0.063253,-0.008068,0.058331,-0.029830,0.102497,-0.078289,-0.072434,0.072518,0.049459
2.618248,0.000813,0.026398,0.003840,-0.088160,0.002979,-0.046954,0.228676,-0.141321,0.026824,0.106208,-0.090687,0.180921,-0.028830,0.122364,0.011651
2.350354,-0.000713,0.034625,0.043973,-0.033330,-0.005108,-0.033725,-0.010999,0.019576,0.011247,-0.036663,-0.014592,-0.041680,0.000313,0.044618,0.092600
2.289531,0.000436,0.002669,0.046641,-0.045360,-0.008468,0.030125,-0.037396,0.019144,0.039617,0.006539,0.067137,-0.050377,-0.031151,0.085000,0.059583
3.053097,-0.002631,0.038104,-0.006538,-0.039214,-0.031908,-0.033837,-0.065446,0.085837,0.023152,-0.087795,0.005973,0.007379,-0.016745,-0.038682,-0.075824
0.937905,-0.000748,0.040451,0.037298,0.047709,0.029185,0.083356,0.040930,0.062103,-0.055062,0.093496,-0.034849,-0.019279,0.084388,0.104009,0.123336
0.325750,-0.003356,0.046023,-0.063570,0.129569,0.007146,0.246130,-0.087430,0.197891,-0.074273,0.123012,0.074472,-0.035661,0.145451,0.040741,-0.036749
4.089337,-0.003037,0.034275,-0.059418,-0.117712,-0.037892,-0.054240,0.013611,-0.049537,0.053761,-0.065399,0.059453,0.101610,-0.130539,-0.043976,-0.154834
1.354127,-0.003211,0.038011,0.011267,0.038172,0.036369,0.105712,-0.060003,0.096047,-0.051196,0.070133,0.095625,-0.040933,0.014127,0.046771,0.045499
2.092519,-0.000401,0.034792,0.000048,0.006251,-0.036203,0.028975,-0.003256,0.091077,0.000279,-0.025847,-0.071838,-0.002450,0.074223,0.026090,0.003224
1.894546,-0.002226,0.060355,0.068123,-0.011299,0.047047,-0.027902,0.017140,-0.012493,-0.047487,0.003714,-0.004073,-0.066154,-0.015238,0.067304,0.177364
2.120518,-0.000932,0.025736,0.035824,-0.024291,0.007485,0.055959,-0.063084,0.012744,0.006476,-0.003819,0.094417,-0.104295,-0.038474,0.072008,0.097434
1.371669,-0.001584,0.045407,0.034745,0.047838,0.004218,0.048509,-0.051626,0.127432,-0.038545,-0.002418,-0.030037,-0.068930,0.089860,0.038953,0.087512
2.341844,-0.003102,0.036863,-0.043889,-0.021774,-0.017477,-0.014665,-0.050146,0.045916,-0.000124,-0.029442,0.063606,0.003147,-0.015627,-0.056852,0.064578
1.533904,0.000382,0.016494,0.097581,0.010141,0.017808,0.061106,-0.068648,0.082121,0.005775,0.017048,0.034674,-0.118548,0.033503,0.127564,0.100162
3.076931,-0.000586,0.012881,0.025658,-0.102307,0.002750,-0.032012,0.040357,-0.081400,0.045208,0.013299,0.070837,0.034121,-0.112079,0.070063,0.022342
2.635815,-0.000901,0.024104,-0.014001,-0.049527,-0.001980,0.054501,0.107240,-0.020905,0.013368,0.088437,-0.010174,0.136017,-0.028382,0.092890,-0.137268
2.432047,-0.005128,0.083656,-0.007611,-0.007660,0.044948,-0.020729,0.078848,0.010845,-0.064856,0.039051,-0.039151,0.105561,-0.014787,0.012001,-0.066840
2.911695,-0.003961,0.057954,-0.069156,-0.034903,-0.002794,0.018310,0.101533,0.005436,-0.021282,0.051259,-0.030471,0.183717,-0.023817,-0.003802,-0.190553
2.487923,-0.002622,0.045043,0.029850,-0.044171,0.036396,-0.005644,0.046690,-0.027873,-0.016162,0.043670,0.032780,0.041498,-0.059236,0.068036,0.002379
2.431123,-0.002258,0.052157,0.021260,-0.021570,0.007254,-0.011628,0.003134,0.025124,-0.015378,-0.022408,-0.013576,-0.009737,-0.008744,0.029085,0.026847
0.145338,0.000631,0.025801,0.120045,0.088470,0.046050,0.057246,0.031978,0.156310,-0.054189,0.121479,-0.110005,-0.020430,0.178954,0.159242,0.147924
2.050868,-0.005732,0.075873,-0.062519,0.025976,0.040080,0.088172,0.073472,0.052344,-0.080054,0.107401,0.008804,0.147299,0.002982,0.010217,-0.162523
3.027845,-0.001832,0.042080,-0.028263,-0.062644,-0.027731,-0.014850,-0.011878,-0.029051,0.024960,-0.058201,0.037142,-0.013965,-0.056812,-0.004791,0.016540
0.187665,-0.004259,0.084548,0.111934,0.106981,0.103716,0.012303,-0.034898,0.131220,-0.131046,0.064622,-0.030344,-0.112297,0.109349,0.072567,0.262496
1.629531,-0.004491,0.073590,0.016584,0.044126,0.030618,-0.043253,0.003961,0.125237,-0.072382,0.002009,-0.076331,0.043035,0.079512,-0.028910,0.047267
0.656523,-0.001898,0.045054,0.083616,0.070328,0.062155,0.060807,0.009268,0.120027,-0.073625,0.102945,-0.031910,-0.023393,0.097376,0.109072,0.115026
-0.495217,-0.000212,0.039790,0.056405,0.148338,0.035576,0.142819,0.042085,0.208728,-0.087002,0.167011,-0.130635,0.011936,0.252495,0.138124,0.095157
2.039739,-0.001946,0.036044,0.023143,-0.012052,0.015938,-0.004874,0.030559,0.043210,-0.015937,0.038492,-0.012688,0.048183,0.012342,0.043313,0.022272
2.664398,-0.004019,0.053678,-0.013609,-0.049279,0.030548,-0.014016,0.019961,-0.039755,-0.028008,0.015131,0.078134,0.029242,-0.092308,0.000696,0.038558
1.869814,-0.000550,0.026796,-0.022290,-0.004111,-0.016687,0.040508,0.071067,0.034317,0.001527,0.068352,-0.044634,0.088571,0.056599,0.054895,-0.011753
2.165593,-0.003376,0.043319,-0.053447,0.000266,-0.013103,0.032794,-0.034179,0.066037,-0.009340,0.006795,0.049017,0.032046,0.012461,-0.030399,-0.018861
3.316502,-0.001329,0.019437,0.055049,-0.094322,-0.006937,-0.085063,-0.054692,-0.006174,0.058335,-0.079088,0.063586,-0.029917,-0.095899,0.023105,0.015555
1.683417,-0.002430,0.052691,0.010279,0.028757,0.005122,0.007729,-0.004162,0.096931,-0.042199,0.003449,-0.049686,0.002001,0.070409,0.008819,0.060137
1.357640,-0.000274,0.044538,0.115904,0.019504,0.044653,0.034906,-0.026435,0.039879,-0.038117,0.012585,-0.008400,-0.145812,0.032772,0.135233,0.194873
2.399378,-0.002369,0.059233,-0.033534,-0.008744,-0.020421,-0.038399,0.083675,0.045160,-0.019654,-0.002067,-0.119024,0.117699,0.061252,-0.012698,-0.045002
2.996369,-0.002217,0.059880,0.014992,-0.043592,-0.018463,-0.036411,-0.055208,0.011225,0.006734,-0.113788,0.000606,-0.085844,-0.033856,-0.003713,0.042937
2.760367,-0.000222,0.015960,0.091129,-0.077028,0.018577,-0.054798,0.008395,-0.020485,0.030636,-0.012235,0.025011,-0.019311,-0.072648,0.091868,0.063355
0.892191,-0.003623,0.061832,-0.028906,0.063627,0.045727,0.077025,0.096249,0.064671,-0.090167,0.149143,-0.037799,0.109455,0.086666,0.044272,0.036725
3.103043,-0.004129,0.066442,-0.037640,-0.065807,0.005805,-0.031589,-0.014124,-0.070821,-0.003893,-0.050393,0.087312,-0.019269,-0.103159,-0.024290,0.039307
0.703756,-0.003191,0.051560,-0.022200,0.079947,0.029995,0.094887,0.017062,0.117175,-0.073138,0.116141,-0.006423,0.042681,0.110854,0.033125,0.057120
0.839126,-0.000901,0.032945,-0.023637,0.063741,-0.002711,0.103949,0.043152,0.103350,-0.036032,0.111784,-0.045953,0.053250,0.132680,0.063834,0.037955
2.459514,-0.001896,0.043135,0.003277,-0.027126,-0.001471,0.007026,0.020207,0.018406,-0.005700,0.000750,-0.006885,0.023207,-0.009459,0.034345,-0.007001
2.457173,-0.003812,0.045504,-0.030848,0.000124,-0.010146,0.051482,-0.085247,0.102061,-0.016940,-0.032870,0.067456,-0.016336,-0.012263,-0.032751,-0.062239
4.495404,-0.002562,0.074685,0.003413,-0.162246,0.000396,-0.113595,0.065497,-0.223600,0.028308,-0.122571,0.040398,-0.033839,-0.212904,0.022474,0.045036
-0.091754,-0.003216,0.075281,0.015007,0.135945,0.065101,0.112575,0.108683,0.151481,-0.137351,0.182254,-0.134008,0.089466,0.196774,0.088501,0.060659
3.112628,-0.003257,0.062560,-0.020848,-0.073356,0.015222,-0.027067,0.067890,-0.091786,-0.017009,-0.006894,0.028574,0.042460,-0.101339,0.017249,0.010446
3.119823,-0.008270,0.088843,-0.112327,-0.010663,0.012930,0.032458,-0.035994,0.060224,-0.054856,-0.015244,0.091898,0.106944,-0.072724,-0.111664,-0.213215
1.679395,-0.005463,0.116863,0.008586,0.036295,0.070985,-0.000953,0.077869,-0.015956,-0.122876,0.030518,-0.060654,-0.007846,0.018422,0.027465,0.116743
-0.275568,-0.000926,0.009855,0.039727,0.135161,0.014729,0.134102,-0.091506,0.274248,-0.047003,0.119956,-0.005857,-0.030227,0.214363,0.064575,0.090686
2.850267,-0.004567,0.066571,-0.090850,-0.028870,-0.013537,0.076258,-0.057794,-0.018498,-0.027691,-0.044133,0.124847,-0.049760,-0.084852,-0.050809,-0.004792
3.429769,-0.004623,0.096205,-0.075564,-0.030287,-0.031698,-0.022217,0.035263,0.014649,-0.041739,-0.105277,-0.085054,0.050326,-0.019105,-0.077085,-0.110896
0.943560,-0.001229,0.031835,0.088722,0.028724,0.065791,-0.000405,0.084154,0.059277,-0.046133,0.137925,-0.050468,0.067088,0.070263,0.125481,0.105176
3.590059,0.000853,0.020858,-0.028650,-0.082424,-0.086171,0.042461,-0.067769,-0.010004,0.080984,-0.128692,0.030482,-0.088017,-0.050099,0.025471,-0.066162
2.868363,-0.001563,0.040807,0.005166,-0.064889,0.000711,-0.030687,0.068587,-0.045478,0.009513,0.005306,-0.012138,0.060755,-0.050919,0.045368,-0.008629
2.788252,-0.000196,0.009917,0.016838,-0.070318,-0.023388,-0.026125,-0.005517,-0.004335,0.048647,-0.020589,0.035658,0.009743,-0.045123,0.037814,0.026577
1.925998,-0.000865,0.019621,0.018657,-0.022235,0.016870,0.031251,0.067547,0.010541,-0.005165,0.090519,0.006961,0.074832,-0.001137,0.083169,0.016439
2.354782,-0.000772,0.020893,-0.017718,-0.054632,-0.013335,-0.056121,0.093929,-0.028670,0.021373,0.044484,-0.028808,0.118532,-0.002560,0.020414,0.055534
2.727067,-0.001464,0.035511,-0.120535,-0.060346,-0.065074,0.016953,-0.011734,-0.076808,0.035218,-0.046718,0.086740,-0.020023,-0.044471,-0.059136,0.117102
2.982523,-0.003209,0.049070,-0.042647,-0.051813,-0.009403,-0.018227,0.047939,-0.007792,0.006693,0.005972,0.003113,0.109274,-0.037931,-0.003674,-0.105517
2.608806,-0.003606,0.033036,-0.039657,-0.036724,-0.007573,0.015537,-0.087241,0.031097,0.014722,-0.025167,0.138423,-0.020441,-0.065589,-0.037499,0.009361
0.183567,0.001922,-0.009245,0.106697,0.098479,-0.017423,0.057322,-0.124737,0.275898,0.005221,0.021875,-0.064961,-0.109404,0.221215,0.085269,0.159923
4.302116,0.002848,-0.002233,0.108289,-0.198723,-0.033871,-0.208772,0.075676,-0.166833,0.121851,-0.120572,-0.039846,-0.001459,-0.152176,0.090815,0.108609
1.450771,-0.004510,0.063156,-0.033175,0.050526,0.024423,0.048567,0.000185,0.107966,-0.080388,0.049349,-0.002078,0.041797,0.054939,-0.027051,0.033981
0.898511,-0.001222,0.028793,0.001572,0.080627,-0.019251,0.115002,-0.124983,0.189413,-0.021741,0.004747,0.026519,-0.107208,0.129172,0.019917,0.084649
2.014691,-0.004803,0.041355,-0.044356,-0.006973,0.032108,0.131829,-0.147294,0.006175,-0.032276,0.020151,0.277287,-0.137645,-0.117185,-0.007062,0.098998
2.604315,-0.001208,0.024903,0.001601,-0.051020,-0.006133,0.015411,0.013178,-0.009591,0.020463,0.014337,0.043238,0.023126,-0.043852,0.048909,-0.006030
3.155950,-0.005783,0.105907,-0.070159,-0.044099,0.025933,-0.016546,0.113701,-0.090907,-0.053742,0.009827,-0.022578,0.113449,-0.068656,-0.008247,-0.104683
1.851636,-0.004132,0.063585,-0.072070,0.050882,-0.025115,0.049194,-0.038396,0.148793,-0.044358,-0.013947,-0.034022,0.042937,0.092717,-0.067537,-0.058414
3.340715,-0.004523,0.097579,-0.007844,-0.060342,0.021647,-0.058790,0.057218,-0.079517,-0.046137,-0.069305,-0.029518,0.004271,-0.086781,-0.003944,0.004381
0.926515,-0.005863,0.075702,-0.036513,0.086584,0.071510,0.103350,0.105279,0.119031,-0.117889,0.191429,-0.038847,0.189533,0.090088,0.038575,-0.122575
0.944586,-0.005279,0.087652,-0.070594,0.064825,0.064241,0.113842,0.132956,0.001807,-0.131271,0.176708,-0.008057,0.117447,0.049298,0.036793,0.040687
1.800299,-0.004205,0.105871,-0.020151,0.044090,0.038505,0.061152,0.111398,0.015659,-0.104168,0.053401,-0.110722,0.053373,0.059053,0.051768,-0.028098
2.028457,-0.003110,0.064018,-0.045841,0.016944,0.007544,0.107014,0.042691,0.027431,-0.050863,0.057236,-0.000618,0.039847,0.019095,0.043973,-0.067253
2.132493,-0.001280,0.040656,0.033530,-0.028155,0.027792,0.032907,0.052880,-0.030313,-0.012174,0.057978,0.016891,0.008942,-0.025322,0.103981,0.036160
1.866673,0.001752,-0.001832,-0.026191,-0.005086,-0.063874,0.086719,-0.012849,0.070951,0.040965,0.011143,-0.010427,-0.012860,0.069440,0.049530,0.034923
1.139365,0.000277,0.029062,0.097998,0.021745,0.037190,0.016829,0.041054,0.054384,-0.026088,0.074424,-0.056842,-0.025849,0.075130,0.137029,0.142612
1.928755,-0.004300,0.089388,0.071327,0.007949,0.076831,-0.090800,0.126528,0.021517,-0.092988,0.047442,-0.133825,0.097477,0.028344,0.049609,0.052794
2.310354,-0.004154,0.070654,-0.066253,0.020610,-0.015126,0.076597,-0.039898,0.076184,-0.043004,-0.027219,0.017986,-0.009031,0.019009,-0.035650,-0.058710
2.402243,0.001466,0.008420,0.104066,-0.035903,-0.021816,-0.047561,-0.026904,0.086694,0.040451,-0.057949,-0.074546,-0.046528,0.038838,0.084065,0.049635
1.177053,-0.003686,0.035371,-0.032674,0.063239,0.014466,0.131706,-0.088065,0.151510,-0.046508,0.069100,0.099152,-0.017299,0.053112,0.002414,-0.002262
3.159141,-0.005578,0.103205,0.031129,-0.030173,0.046592,-0.043159,0.019922,-0.001146,-0.061875,-0.059697,-0.033312,0.003916,-0.065605,0.012958,-0.079995
5.242488,-0.003003,0.063359,-0.077607,-0.176104,-0.061173,-0.101201,0.034087,-0.162765,0.048652,-0.184728,0.031830,0.025855,-0.216067,-0.080920,-0.091156
0.845518,-0.001688,0.055940,0.093473,0.086128,0.043886,0.013021,0.062682,0.188023,-0.068113,0.086147,-0.181803,0.076160,0.180521,0.104293,-0.026385
1.886573,-0.001146,0.016749,0.039567,-0.004192,0.007916,0.020166,-0.014069,0.088597,0.007189,0.043504,0.012687,0.029235,0.029153,0.061781,-0.007032
2.270070,-0.002835,0.034020,-0.016783,-0.018613,0.006056,0.035972,-0.019999,0.039445,-0.008734,0.025723,0.069252,0.023178,-0.028195,0.011516,-0.009345
2.357035,-0.000103,0.014817,0.011157,-0.024362,-0.027850,0.004411,0.041826,0.075488,0.018838,0.017131,-0.065783,0.084832,0.040912,0.042785,-0.059029
2.747013,-0.006007,0.056954,-0.168401,0.013339,-0.053595,0.095736,-0.084416,0.125271,-0.009278,-0.025210,0.092393,0.092991,0.005331,-0.137180,-0.222855
1.505766,0.001891,-0.011893,0.068389,-0.036875,0.017733,-0.030504,0.142015,-0.007495,0.033215,0.147192,-0.058791,0.140440,0.044229,0.144852,0.081139
1.952017,-0.000518,0.068353,0.088950,-0.002372,0.032325,-0.077064,0.179104,0.011625,-0.049263,0.041834,-0.236113,0.103272,0.091377,0.117594,0.033933
2.524964,-0.005829,0.090339,-0.077702,0.005708,0.008806,-0.001717,0.054030,0.038400,-0.074112,-0.000847,-0.041616,0.106280,0.004071,-0.069065,-0.070589
3.418822,-0.005073,0.101108,-0.114991,-0.061568,-0.000657,0.006227,0.145849,-0.129042,-0.049782,0.002617,-0.027101,0.128905,-0.087941,-0.028856,-0.099444
3.023769,-0.002807,0.047912,0.058998,-0.089511,0.038123,-0.112596,0.022380,-0.076757,-0.000052,-0.032932,0.044961,-0.006005,-0.114208,0.031319,0.112500
5.188913,-0.001070,0.022070,-0.059190,-0.206188,-0.059968,-0.051022,0.019616,-0.202035,0.106582,-0.119785,0.132925,0.022447,-0.257936,-0.001491,-0.117927
2.207697,0.002464,-0.023028,0.123399,-0.065998,-0.000463,-0.050585,-0.002773,0.029206,0.073898,0.019936,0.006085,-0.013661,-0.008510,0.135315,0.090561
3.103165,-0.001849,0.069563,-0.061090,-0.055937,-0.036464,-0.000408,0.057392,-0.077558,-0.003659,-0.064294,-0.035321,-0.002165,-0.038077,-0.004147,0.023073
0.720441,-0.001649,0.049331,0.090376,0.066753,0.064698,0.034647,0.071817,0.111812,-0.071347,0.127016,-0.098054,0.047981,0.121700,0.129991,0.059690
1.561987,-0.003321,0.055019,0.018465,0.061175,0.019745,0.092601,-0.041498,0.167248,-0.060451,0.031218,-0.023273,-0.000979,0.077769,0.035759,-0.074285
3.138055,0.000225,0.047110,-0.016054,-0.069449,-0.046880,-0.009741,0.057036,-0.065505,0.022874,-0.072910,-0.062778,-0.020086,-0.027965,0.038450,0.034283
1.465831,-0.002809,0.063173,-0.045346,0.060494,-0.024119,-0.015838,0.054239,0.151340,-0.056269,0.010616,-0.163062,0.111370,0.161562,-0.051966,0.005093
2.289788,-0.001852,0.050609,-0.020474,-0.029622,0.014464,0.014349,0.145120,-0.043171,-0.027562,0.085298,-0.058522,0.132849,-0.003424,0.065536,-0.029904
0.611108,-0.004720,0.071948,-0.059198,0.108374,0.037643,0.171989,0.002328,0.129948,-0.106856,0.131641,0.023208,0.029684,0.108563,0.025747,-0.007295
-0.140734,-0.000407,0.055533,0.145445,0.113658,0.084205,0.060075,0.079562,0.143936,-0.108285,0.144041,-0.159100,-0.023719,0.189021,0.185044,0.175051
1.582277,0.002739,-0.011527,0.070183,-0.004055,-0.020508,0.014250,0.093652,0.097578,0.036892,0.089347,-0.131172,0.109427,0.114766,0.136642,-0.024163
2.019761,0.002112,0.020696,0.083256,-0.047892,0.010946,0.011102,0.088964,-0.070071,0.012050,0.041739,-0.044348,-0.042427,-0.006564,0.164182,0.156111
1.847433,-0.001293,0.031860,0.009022,0.013529,-0.020062,0.041047,-0.092052,0.098151,-0.000254,-0.039286,0.033495,-0.092076,0.042621,0.010855,0.087233
2.242514,-0.002717,0.090374,0.003293,-0.011441,0.028220,-0.001619,0.106045,-0.064916,-0.071525,0.004377,-0.080238,-0.004620,-0.004548,0.052454,0.103044
1.651777,-0.003418,0.053527,-0.035061,0.031199,0.020528,0.079741,0.046912,0.067157,-0.051939,0.091237,-0.003562,0.086704,0.042548,0.031051,-0.054032
3.677273,-0.003201,0.046356,-0.068273,-0.108828,-0.006955,-0.004578,0.076739,-0.123774,0.028051,0.012491,0.082450,0.110039,-0.145055,0.011938,-0.116906
2.371138,-0.002732,0.051017,-0.043545,-0.005682,-0.021006,-0.009776,0.044669,0.063858,-0.014012,0.004054,-0.065151,0.104428,0.046636,-0.021213,-0.065581
2.827063,-0.003972,0.027773,-0.046365,-0.061741,0.023768,0.037831,0.046042,-0.025706,0.002587,0.093434,0.121060,0.144795,-0.106301,0.022059,-0.137041
2.220653,-0.003149,0.051809,0.012049,-0.013427,0.037378,0.024776,0.068547,0.016280,-0.037403,0.072803,-0.004852,0.088333,-0.017531,0.061635,-0.059334
2.530903,-0.007464,0.099177,-0.161845,-0.018939,0.031266,0.034724,0.139757,-0.093147,-0.088937,0.098700,0.052414,0.193660,-0.072403,-0.076369,-0.061716
1.772460,-0.000090,0.004341,0.068706,-0.032727,0.029159,-0.047388,0.091407,0.024180,0.011827,0.104757,-0.033253,0.116685,0.018736,0.098517,0.056120
2.688298,-0.001778,0.036934,0.027641,-0.046831,0.000418,-0.018572,-0.026990,0.009240,0.011218,-0.037391,0.035208,-0.032102,-0.045594,0.030522,0.034775
-0.007367,-0.005916,0.061251,-0.047044,0.122996,0.068746,0.062990,0.075730,0.176846,-0.129668,0.210491,-0.035309,0.190630,0.158233,-0.018993,0.035937
2.430291,-0.001379,0.038309,-0.047056,-0.028477,-0.000066,0.064590,0.189725,-0.020007,-0.011703,0.135875,-0.082722,0.229778,0.013607,0.088697,-0.193197
1.042427,-0.003748,0.072710,0.026593,0.097229,0.019107,0.040613,-0.061044,0.207502,-0.090010,-0.010042,-0.083297,-0.045169,0.143758,-0.010630,0.057152
1.854340,-0.002826,0.049451,-0.048102,0.026107,-0.011516,0.071344,-0.001834,0.084368,-0.031915,0.030048,-0.003904,0.037321,0.053744,-0.000840,-0.032683
1.530141,-0.003330,0.061388,-0.037578,0.057703,-0.008329,0.068693,-0.038929,0.131433,-0.053043,0.002850,-0.023895,-0.009633,0.091660,-0.020786,0.011720
2.017534,-0.004918,0.109583,-0.058666,0.023995,0.017514,0.004843,0.053636,-0.017899,-0.082591,-0.012569,-0.053448,0.000542,0.032567,-0.025705,0.080706
1.790634,-0.008388,0.097174,-0.148311,0.076651,0.024762,0.207542,-0.081810,0.104926,-0.111947,0.054515,0.154886,0.005169,-0.012613,-0.080242,-0.137857
3.542736,-0.003766,0.079312,-0.034038,-0.086477,-0.001423,-0.058717,0.028366,-0.111939,0.000051,-0.078967,0.032920,-0.008487,-0.113316,-0.014024,0.016096
2.430782,-0.005001,0.075499,-0.105708,0.003149,-0.008446,0.018665,0.080153,0.033273,-0.053343,0.034127,-0.042115,0.155628,0.021190,-0.062794,-0.103528
2.760548,-0.004460,0.065007,-0.038315,-0.030058,0.019162,0.033971,0.022485,-0.007997,-0.035952,0.015044,0.050970,0.049889,-0.066790,0.001099,-0.072646
2.878726,0.002555,0.001938,0.026709,-0.041671,-0.100364,-0.017087,-0.087217,0.109991,0.088079,-0.147088,-0.078303,-0.085074,0.067408,0.017982,-0.000334
2.122776,-0.004085,0.075104,-0.044156,-0.020417,0.043299,-0.001881,0.157295,-0.076137,-0.069361,0.102886,-0.027893,0.140137,-0.025773,0.029938,0.028716
3.334733,-0.007682,0.095372,-0.178834,-0.038835,-0.009862,0.012794,0.067243,-0.042396,-0.046055,0.007314,0.053885,0.182616,-0.081162,-0.128932,-0.182433
1.978083,-0.003569,0.069420,0.021696,0.008058,0.039752,0.009978,0.028016,0.028100,-0.055013,0.028391,-0.014176,0.009880,0.006493,0.042615,0.031184
2.714015,-0.003489,0.073340,-0.039726,-0.025045,-0.009664,-0.054300,0.069391,0.006735,-0.032638,-0.032068,-0.082626,0.084034,0.009293,-0.036923,-0.010873
1.124881,-0.002119,0.021866,0.071827,0.049630,0.042340,0.038279,-0.016452,0.173343,-0.036764,0.094032,-0.014889,0.050485,0.084412,0.072998,-0.012195
1.947660,0.001125,0.002356,0.057293,-0.020828,-0.015712,0.028982,-0.028147,0.059021,0.036841,0.010733,0.009520,-0.042933,0.028786,0.094451,0.063006
2.212692,-0.000251,0.011321,0.035986,-0.048788,0.002705,0.007982,-0.021504,-0.013871,0.024731,0.012942,0.078587,-0.047959,-0.045700,0.067237,0.121462
3.436281,-0.002421,0.066131,-0.079278,-0.042529,-0.061249,-0.002323,0.055019,0.021810,0.008308,-0.076822,-0.100974,0.095297,0.009233,-0.038891,-0.175499
5.187240,-0.004962,0.087496,-0.135534,-0.159065,-0.036061,-0.030663,0.128236,-0.197091,-0.004733,-0.097491,0.025293,0.131402,-0.233733,-0.076804,-0.200620
2.871194,-0.000294,0.057473,-0.035006,-0.020328,-0.064461,0.020157,0.044548,0.036311,0.001542,-0.082784,-0.136834,0.009799,0.055776,0.009462,-0.057691
2.506013,-0.001033,0.030352,0.017105,-0.035602,-0.010199,0.006891,-0.000375,0.024126,0.012777,-0.011269,0.004440,0.000060,-0.012968,0.044717,0.004726
2.251848,-0.003563,0.063181,-0.072710,-0.010743,0.000192,0.083674,-0.012626,-0.032435,-0.036260,0.008044,0.094695,-0.040312,-0.047086,-0.006954,0.061577
1.250602,-0.001427,0.034669,0.053234,0.019323,0.044813,0.016294,0.061818,0.046370,-0.028244,0.111703,-0.024964,0.056082,0.056740,0.103827,0.065622
1.309833,-0.001110,0.028999,0.128962,0.028406,0.046823,-0.024224,-0.039220,0.132904,-0.023124,0.026801,-0.034144,-0.046861,0.068859,0.096371,0.104404
2.196499,-0.003130,0.081991,-0.102143,0.006089,-0.012948,0.081125,0.114605,-0.039993,-0.048604,0.053750,-0.052908,0.090325,0.032752,0.017058,-0.051912
2.763628,-0.000877,0.051375,-0.013930,-0.047915,-0.024234,-0.003541,0.051344,-0.042723,0.001390,-0.036900,-0.042466,-0.003757,-0.016933,0.034546,0.040721
2.146890,-0.004350,0.065339,-0.009130,0.025190,0.020307,0.061278,-0.018834,0.103030,-0.052028,0.019059,0.002204,0.032012,0.021718,0.013103,-0.105890
2.667772,-0.002993,0.036991,-0.142113,-0.027669,-0.040761,0.127570,0.040608,-0.009308,0.003442,0.061978,0.080479,0.117730,-0.034867,-0.018847,-0.155868
1.241186,-0.002510,0.062351,0.033954,0.056407,0.049816,0.077659,0.107740,0.088549,-0.083712,0.125347,-0.104336,0.097123,0.091847,0.105668,-0.051328
2.364291,-0.001441,0.027530,0.009058,-0.035721,0.013362,0.036248,0.064352,0.000585,-0.002237,0.069802,0.012461,0.080839,-0.028406,0.076721,-0.052099
0.827674,0.000208,0.004270,0.017381,0.042966,0.003886,0.083316,0.027760,0.109897,-0.015201,0.122436,-0.013915,0.046444,0.105897,0.084193,0.077657
2.086363,-0.002268,0.044477,-0.028113,0.023887,-0.029733,0.045112,-0.033032,0.130357,-0.018739,-0.023237,-0.041122,0.017864,0.071103,-0.017289,-0.052432
2.201554,-0.002806,0.041555,0.005340,-0.008484,0.013685,0.064399,-0.065185,0.042318,-0.011849,0.003556,0.095715,-0.057229,-0.033778,0.036286,0.010549
2.103655,-0.002110,0.038630,-0.000454,-0.011964,0.005008,0.026589,-0.008613,0.031308,-0.013270,0.015315,0.033395,-0.004971,-0.005229,0.027856,0.044357
1.101855,-0.003453,0.042726,0.046309,0.065085,0.052086,0.090444,-0.041014,0.159867,-0.072732,0.083942,0.026506,-0.003659,0.059531,0.057272,0.003845
4.348271,-0.001351,0.046010,-0.113639,-0.151475,-0.061492,-0.066324,0.180391,-0.187709,0.056436,-0.027820,-0.040578,0.194044,-0.126147,-0.015972,-0.132124
3.507525,0.000582,-0.005323,0.001796,-0.075181,-0.079466,-0.002113,-0.066078,0.095268,0.086556,-0.098423,-0.004285,0.020332,-0.020717,0.002984,-0.159307
1.531859,0.002771,-0.002608,0.111244,-0.017672,0.006303,0.030347,0.022161,0.025958,0.033434,0.054357,-0.027604,-0.057670,0.046909,0.176090,0.129365
3.316425,-0.006223,0.058900,-0.141898,-0.042387,-0.032300,0.067506,-0.111583,0.018628,-0.007170,-0.067740,0.189061,-0.004571,-0.116668,-0.129204,-0.101454
1.002933,0.001536,-0.001920,0.072064,0.016316,0.025637,0.061261,0.108292,0.061062,-0.000687,0.166670,-0.062909,0.097697,0.090945,0.170810,0.031978
2.119819,-0.005233,0.108667,0.052953,-0.012797,0.095865,-0.105345,0.172737,-0.068394,-0.110058,0.060131,-0.112594,0.103176,-0.022073,0.050080,0.098848
2.106680,-0.002185,0.035434,-0.045023,-0.001157,-0.016050,0.057087,0.013281,0.055987,-0.000131,0.044405,0.013265,0.069809,0.030887,0.018574,-0.068071
3.937277,-0.001000,0.014857,-0.040908,-0.111616,-0.060742,-0.018236,-0.010812,-0.020428,0.065855,-0.083562,0.044526,0.046831,-0.106340,-0.019814,-0.121363
3.873319,-0.003995,0.053001,0.007911,-0.086227,-0.006654,-0.062976,-0.046874,0.014561,0.011046,-0.109997,0.041377,0.009098,-0.118129,-0.036548,-0.110695
1.241639,-0.002687,0.038427,-0.003052,0.042166,0.029192,0.089666,0.009815,0.089857,-0.046537,0.104670,0.027729,0.040980,0.054524,0.055727,0.008486
2.700918,-0.002047,0.062225,0.018218,-0.078955,0.047599,-0.057127,0.190452,-0.157934,-0.029581,0.076943,-0.040874,0.112329,-0.084650,0.094157,0.066733
1.837924,-0.003286,0.054941,0.030305,-0.000493,0.054867,-0.009720,0.099217,0.020943,-0.053634,0.099859,-0.038688,0.114818,0.010888,0.066329,-0.005402
1.683104,-0.001866,0.060096,0.080154,-0.001561,0.044017,-0.067598,0.022940,0.007656,-0.046074,-0.008549,-0.045950,-0.062363,0.018655,0.053236,0.226983
2.980430,-0.007591,0.098829,-0.104285,0.006890,0.016282,0.062827,0.049369,0.066550,-0.098867,0.014454,-0.011628,0.151416,-0.036167,-0.079196,-0.241251
1.908209,-0.002785,0.060755,0.009552,0.010304,0.014285,0.018246,-0.025058,0.040247,-0.043980,-0.016390,0.008372,-0.060804,0.014544,0.014867,0.109179
2.154688,-0.001994,0.049963,-0.007436,-0.031666,0.027695,-0.000261,0.142050,-0.057157,-0.030870,0.094213,-0.039433,0.119817,-0.013659,0.070873,0.019229
2.093121,-0.000341,0.029542,0.027702,-0.013174,-0.004646,0.025913,0.041892,0.040710,-0.001647,0.029016,-0.046812,0.028695,0.032099,0.076264,0.003478
3.467132,0.001074,0.027236,0.025731,-0.086273,-0.052931,-0.000243,-0.007271,-0.030862,0.054596,-0.106082,-0.025655,-0.068457,-0.054465,0.063283,-0.016243
1.749541,-0.003241,0.061830,0.029802,0.023728,0.035885,0.013631,0.018902,0.070665,-0.051930,0.037544,-0.031877,0.021786,0.040428,0.044760,0.015977
2.856878,-0.005198,0.068661,-0.119122,-0.030912,-0.018356,0.056190,-0.050564,-0.026055,-0.017236,-0.034087,0.133133,-0.009098,-0.078116,-0.076176,-0.021043
2.127655,0.000799,0.030115,0.124511,-0.040585,0.032306,-0.076671,0.110202,-0.005163,0.000561,0.035974,-0.123721,0.041917,0.024384,0.143532,0.080910
3.287461,-0.000026,-0.000977,-0.086262,-0.108618,-0.065705,-0.001198,0.036635,-0.081536,0.084661,-0.002579,0.082809,0.086895,-0.085412,-0.006744,-0.027635
4.077940,-0.002951,0.042770,-0.111639,-0.098337,-0.082160,-0.050782,-0.022885,-0.015469,0.054577,-0.130280,0.027133,0.066302,-0.082567,-0.113416,-0.122765
1.738049,-0.001795,0.055963,0.030112,0.001275,0.022621,0.000798,0.010854,0.000043,-0.034804,0.008051,-0.004997,-0.058176,0.017433,0.052634,0.163025
2.395970,0.003744,-0.005031,0.108720,-0.090266,-0.012331,-0.096512,0.113654,-0.075468,0.070158,0.015705,-0.094896,0.019471,0.001722,0.154488,0.161898
2.985232,-0.001147,0.064122,0.054502,-0.048006,0.011412,0.042541,0.004098,-0.046781,-0.005604,-0.053405,-0.001141,-0.100363,-0.065168,0.111875,-0.012441
0.527397,-0.007093,0.099397,-0.105110,0.123242,0.054780,0.181008,0.005712,0.107445,-0.154264,0.134618,0.054876,0.028574,0.084962,-0.029358,0.033186
3.926451,-0.000585,-0.008208,0.030028,-0.134320,-0.033142,-0.013920,-0.129883,-0.031616,0.101707,-0.103019,0.192730,-0.090562,-0.181141,0.027042,-0.038564
3.757180,-0.001343,0.041991,-0.047378,-0.094926,-0.060978,-0.051614,0.009675,-0.041977,0.053615,-0.107100,-0.012808,0.027810,-0.064164,-0.027990,-0.065610
2.410890,-0.001724,0.040443,-0.045859,-0.002575,-0.053682,0.006177,-0.043388,0.095247,0.014883,-0.062785,-0.033426,0.006284,0.058858,-0.040601,-0.022759
1.291957,-0.001581,0.036723,0.041298,0.023862,0.047396,0.081360,0.051960,0.040302,-0.053186,0.115086,0.008134,0.018772,0.026184,0.109599,0.062701
1.202871,-0.001144,0.033114,0.027870,0.032595,0.032176,0.046150,0.120260,0.072732,-0.043221,0.146651,-0.089133,0.137707,0.093971,0.104812,-0.019426
2.526460,-0.003449,0.045845,-0.020990,-0.028734,0.015834,0.022868,0.024433,0.013881,-0.018973,0.034724,0.043805,0.067201,-0.045832,0.014183,-0.055324
2.674617,-0.002534,0.054334,0.007695,-0.037093,0.013046,0.038324,-0.007122,-0.020626,-0.022789,-0.018985,0.050137,-0.048168,-0.067461,0.043059,0.022988
0.950796,0.000385,0.011552,0.063886,0.056238,0.009749,0.038346,0.085315,0.176955,-0.015774,0.131494,-0.150320,0.145355,0.172614,0.117184,-0.073054
3.721323,-0.005181,0.067823,-0.076560,-0.077675,-0.012350,-0.027951,0.005939,-0.036682,-0.008415,-0.062822,0.060137,0.070084,-0.118631,-0.072332,-0.114148
0.674145,-0.000994,0.022647,0.095452,0.069641,0.040777,0.052103,-0.034047,0.176974,-0.043816,0.084089,-0.031609,-0.023921,0.121480,0.100312,0.086352
3.835503,-0.001906,0.042827,0.008677,-0.134234,-0.009959,-0.111166,0.011819,-0.133419,0.039981,-0.099911,0.064635,-0.028905,-0.160760,-0.003550,0.092625
0.976861,-0.001331,0.041716,0.036820,0.034570,0.049664,0.067514,0.087213,0.025983,-0.061173,0.136970,-0.026022,0.037726,0.059249,0.116169,0.108020
2.117052,-0.003249,0.066575,0.016615,-0.014459,0.044815,-0.014088,0.095680,-0.022075,-0.054073,0.059544,-0.035677,0.070518,-0.012359,0.054467,0.034116
2.665719,-0.006280,0.086637,-0.125611,-0.020099,0.023274,0.056296,0.117322,-0.055359,-0.077184,0.079713,0.034246,0.165315,-0.066797,-0.043678,-0.107333
1.857063,-0.005111,0.075824,-0.045946,0.043046,0.029791,0.109875,0.002985,0.079372,-0.066130,0.067824,0.029524,0.052035,0.026381,0.021310,-0.123148
1.637669,-0.003523,0.106080,0.020280,0.025696,0.060619,0.011402,0.131979,-0.048647,-0.111420,0.051205,-0.105171,0.004232,0.031252,0.074990,0.131676
3.150035,-0.004235,0.042971,-0.052295,-0.074103,-0.002496,-0.027717,-0.040798,-0.037845,0.012582,-0.035739,0.135287,0.015774,-0.119660,-0.052831,0.008323
4.053873,-0.003095,0.048507,-0.087315,-0.105211,-0.062895,-0.066028,-0.019516,-0.046580,0.057495,-0.121116,0.042006,0.048940,-0.097726,-0.083589,-0.101078
2.046283,-0.003822,0.056920,-0.043533,0.014125,0.004750,0.032282,0.021579,0.069923,-0.042446,0.033839,-0.009120,0.075658,0.029176,-0.016408,-0.042334
2.376926,-0.005325,0.084364,-0.107050,0.021823,-0.000778,0.074775,0.088360,0.050629,-0.065640,0.059744,-0.050202,0.165652,0.033650,-0.029867,-0.195473
3.485681,-0.002963,0.049817,-0.027081,-0.085207,-0.009973,-0.018685,0.007351,-0.058281,0.016994,-0.049021,0.059395,0.020146,-0.110895,0.000192,-0.055476
2.787016,-0.003564,0.051834,-0.053844,-0.048197,0.001614,-0.002957,0.049089,-0.033310,-0.007336,0.022321,0.038828,0.089641,-0.056927,-0.008490,-0.045493
0.595137,-0.001972,0.023066,0.102615,0.064645,0.073209,0.131157,-0.117301,0.129592,-0.051423,0.097074,0.135748,-0.146666,0.030846,0.131065,0.143656
