2.464387,0.004193,0.011549,0.010078,-0.013197,0.038755,0.031710,0.052658,0.035638,0.000628,-0.022640,0.034520,-0.035586,-0.041459,-0.041749,0.016853
2.660820,0.001616,0.019781,-0.064974,0.040639,0.065036,-0.089518,0.026865,0.011920,-0.051537,0.001080,0.007205,0.042974,-0.067401,0.050488,0.007488
2.337953,-0.000515,-0.026935,-0.013407,-0.028588,0.099931,-0.053750,0.099979,-0.022697,0.000813,0.063181,0.056481,0.051837,-0.156620,-0.098512,-0.056846
2.762806,0.006161,0.094411,0.109619,-0.065201,0.022472,0.064707,0.101130,0.014458,-0.020865,-0.225209,0.165091,-0.058454,-0.038338,0.025274,0.122722
2.285750,0.004570,0.001318,-0.023899,0.065290,-0.017202,0.019215,0.046217,0.039146,-0.010247,0.003278,-0.076002,0.003403,0.019249,-0.000206,0.002135
2.914856,0.005363,0.020415,0.011500,-0.068221,0.030487,0.016369,-0.024542,-0.045562,0.019379,-0.059276,0.104883,-0.026537,0.023936,-0.022064,0.014091
2.572465,0.003172,0.025480,-0.008522,0.029793,0.048252,-0.017537,0.063798,0.068687,-0.041418,-0.037059,0.001201,-0.009182,-0.076208,-0.003474,0.012445
2.592823,0.002947,0.018102,0.003202,-0.011406,0.060585,-0.024787,0.032112,0.028809,-0.012314,-0.018296,0.092128,0.011621,-0.093748,-0.046716,-0.011414
2.645879,0.001819,0.013490,0.023577,-0.006624,0.045274,-0.030442,0.072679,0.016256,-0.019303,-0.038730,0.054918,0.039730,-0.113490,-0.069327,-0.038225
2.438873,0.001804,-0.029245,-0.048459,-0.074694,0.055379,0.039841,0.098720,-0.097601,0.043440,0.041870,-0.011605,-0.030225,0.018588,-0.068947,0.022276
2.522118,0.003975,0.071510,0.124721,-0.044157,0.078300,0.042895,0.048238,0.117504,-0.021889,-0.141433,0.227860,-0.062453,-0.179352,-0.033207,0.068833
3.357628,0.000489,0.004595,0.064380,-0.038825,0.035084,-0.060367,0.006310,0.009280,-0.033764,-0.086453,0.036178,0.055817,-0.145038,-0.098934,-0.117492
2.725452,0.001376,0.020435,0.020783,0.003509,0.021881,-0.021799,0.081401,0.006764,-0.030876,-0.069411,0.000035,0.032038,-0.086027,-0.025212,-0.009437
2.846851,0.003983,0.042465,0.001512,0.009849,0.016018,0.019086,0.057180,0.070974,-0.031757,-0.088094,0.010517,-0.027840,-0.043143,-0.039820,0.017018
2.834664,0.006543,0.076432,0.067579,0.038355,-0.041834,0.068851,0.133546,0.145861,-0.072986,-0.196797,-0.079412,-0.062552,-0.046985,-0.001374,0.056775
3.042472,0.003695,0.063492,0.027268,0.016118,0.007900,0.009022,0.035568,0.114279,-0.050891,-0.131817,0.041896,-0.021761,-0.091160,-0.042606,0.010762
2.031436,0.003250,0.042573,0.038721,-0.055193,0.073704,0.051714,0.195702,-0.029376,0.007427,-0.075363,0.123331,-0.031788,-0.071886,-0.018513,0.116582
2.981063,0.003417,0.025229,0.001550,0.050535,-0.017059,-0.023845,0.019115,0.120228,-0.066321,-0.066668,-0.087341,0.006615,-0.096241,-0.021748,-0.043654
2.868878,0.004918,0.010295,0.148769,-0.101112,0.031657,-0.009602,-0.012710,-0.039403,-0.000467,-0.110697,0.137251,0.010947,-0.110588,-0.009454,-0.036370
2.354579,0.005278,-0.020931,0.057356,-0.079463,-0.018597,0.113240,-0.000949,-0.005071,0.078048,0.008758,0.082276,-0.048194,-0.016618,-0.146805,-0.022260
2.861082,0.004665,0.043519,0.043107,-0.018792,-0.004624,0.006091,0.046605,0.022181,-0.019228,-0.110835,0.065376,0.014105,-0.054178,-0.045109,-0.003802
2.082456,0.003309,0.007355,-0.050941,-0.017439,0.081308,0.016967,0.097992,-0.027852,0.016932,0.033981,0.066771,-0.027819,-0.010676,-0.008676,0.072729
2.464338,0.000234,-0.038109,-0.062575,-0.002111,0.049417,-0.058578,0.027453,-0.062120,0.019705,0.092184,0.014780,0.077041,-0.058123,-0.085870,-0.077642
2.840922,0.002383,0.006742,0.042633,0.020972,-0.003019,-0.019854,0.053794,0.061007,-0.037028,-0.059498,-0.040680,0.037575,-0.110445,-0.074704,-0.077245
2.295601,0.000179,-0.018548,-0.211762,0.109304,0.091476,-0.126260,0.068177,0.001533,-0.046180,0.151642,-0.101404,0.071004,-0.013434,0.023278,-0.016615
2.561928,0.002183,-0.015794,0.016953,0.002338,0.023431,-0.011892,-0.021864,0.050756,0.002930,0.027773,0.034492,0.020546,-0.110628,-0.080720,-0.068697
2.356876,0.001069,0.025582,-0.037023,0.018003,0.046065,-0.004816,0.110395,0.000030,-0.008576,-0.019778,0.043143,0.020911,-0.056278,-0.037312,0.038982
2.395352,0.002141,0.012269,-0.013759,-0.005336,0.052773,0.016704,0.124680,0.005163,-0.007542,-0.022277,0.006250,-0.012460,-0.050525,-0.045469,0.029038
2.386663,0.002398,0.076735,-0.034435,0.021634,0.116132,-0.034980,0.149965,0.067458,-0.058156,-0.076438,0.127824,-0.014448,-0.113549,0.020755,0.106009
2.563839,-0.000385,0.008799,-0.035205,-0.049988,0.071863,-0.022277,0.073886,-0.072591,0.006119,-0.007744,0.073669,0.016339,-0.067000,-0.015099,0.043938
2.489227,-0.000345,0.007431,0.004349,0.113859,-0.060841,-0.021524,0.081544,0.001288,-0.035634,-0.060347,-0.138221,0.093057,-0.016421,0.012936,-0.028801
2.667291,0.003680,-0.014825,-0.067878,0.072051,-0.022663,-0.016125,-0.044202,0.083048,-0.014731,0.054891,-0.088887,0.019235,-0.016473,-0.056612,-0.073383
1.931060,-0.000561,0.042078,-0.035247,0.056750,0.094095,0.022333,0.192394,0.168054,-0.036100,0.008722,0.065211,-0.024162,-0.216451,-0.110927,0.060035
2.458955,0.003028,0.005447,0.008584,-0.010173,0.018574,-0.012000,0.099899,-0.000740,0.001682,-0.011448,0.047989,0.055392,-0.090824,-0.113544,-0.050748
2.692529,0.003105,0.035196,-0.114044,0.005894,0.011529,0.032688,0.133337,0.004042,-0.003087,-0.024296,-0.029244,-0.015801,0.034487,-0.092276,0.045199
2.255956,-0.001349,0.018627,-0.076821,0.047996,0.062139,-0.034076,0.199125,0.016794,-0.038099,0.005896,-0.041219,0.045027,-0.108276,-0.049661,0.031193
2.643441,0.001167,0.012298,-0.049738,-0.020974,0.085126,-0.058120,0.051464,-0.031392,-0.008063,0.010521,0.095775,0.038688,-0.077205,-0.044823,-0.006785
2.322917,0.005016,-0.003220,-0.064615,0.008154,0.008896,0.036787,0.081210,-0.018181,0.025048,0.031122,-0.020445,-0.007186,0.053909,-0.073511,0.005279
2.718825,0.001282,0.021806,-0.034813,0.034797,0.004966,-0.019904,0.047857,0.038169,-0.026688,-0.031580,-0.014557,0.032168,-0.065867,-0.043077,-0.011072
2.220384,0.000624,-0.038941,-0.004273,-0.012188,0.043813,-0.001756,0.099867,-0.045722,0.029911,0.060857,0.002146,0.047412,-0.071476,-0.117320,-0.062604
2.522651,0.002467,0.007768,0.069216,-0.063749,0.029193,0.009911,0.079413,-0.048810,0.026753,-0.051692,0.131165,0.044243,-0.096573,-0.112174,-0.034816
1.993840,0.000061,0.028366,-0.121102,0.103792,0.103612,-0.092082,0.106180,0.089601,-0.050915,0.079747,0.056428,0.061040,-0.143111,-0.012468,0.027276
2.006729,-0.001445,-0.036765,0.001307,-0.067081,0.118119,0.008646,0.150377,-0.089007,0.030578,0.058646,0.041860,-0.007813,-0.101594,-0.042713,0.035418
2.797615,0.003012,-0.014480,-0.009852,-0.058669,0.024034,0.004176,0.010853,-0.063530,0.020841,-0.003645,0.014206,-0.000051,-0.003527,-0.047969,-0.023440
2.891307,0.003472,0.002591,-0.051303,0.026340,0.038531,-0.052791,-0.112745,0.082496,-0.005335,0.048678,0.090981,0.025524,-0.074877,-0.085394,-0.086946
2.661720,0.003972,-0.040259,0.025983,-0.048894,-0.004130,0.003054,-0.016216,-0.073330,0.042203,0.026425,0.014796,0.038883,-0.003422,-0.092613,-0.093652
2.441219,0.006821,-0.030630,-0.009941,0.062660,-0.030984,0.053024,-0.112217,0.143542,0.015822,0.074431,-0.062481,-0.051053,0.002687,-0.072572,-0.078253
2.826461,0.007049,-0.000962,-0.027589,-0.015354,-0.071830,0.095275,-0.079410,-0.013655,0.047447,-0.023879,-0.042455,-0.061892,0.146509,-0.031845,0.011480
2.511872,0.003395,-0.013775,-0.005638,0.024674,0.029576,-0.031007,-0.009520,0.022608,-0.006475,0.028901,0.006401,0.028432,-0.050245,-0.031427,-0.055685
2.836927,0.005934,0.043720,-0.010487,-0.033668,-0.062999,0.131324,-0.012310,0.021835,0.028361,-0.103797,-0.005438,-0.104740,0.100182,-0.011505,0.102928
2.559029,0.003497,0.001016,-0.161230,-0.082627,0.094584,0.053332,0.009368,-0.032227,0.055378,0.094387,0.090574,-0.103061,0.055128,-0.076940,0.088545
2.706125,0.003484,-0.009880,0.136751,-0.114108,0.028376,0.035321,0.056917,-0.061232,0.042439,-0.074496,0.139778,0.020571,-0.103737,-0.144230,-0.074105
2.739673,0.002193,0.062065,-0.058214,-0.003727,0.097726,-0.029362,0.085916,0.045554,-0.045281,-0.063976,0.095704,-0.028911,-0.074775,0.008692,0.083357
2.632815,0.001820,0.065453,0.020414,-0.005661,0.074447,0.001630,0.188523,0.023007,-0.065954,-0.147081,0.006451,-0.037519,-0.077231,0.057690,0.114206
2.507552,0.002468,0.041937,0.039605,-0.032607,0.082861,0.022008,0.076399,0.048945,-0.014212,-0.074650,0.127876,-0.044752,-0.109605,-0.025287,0.061815
2.265137,0.003345,0.063637,-0.043252,0.040290,0.105378,-0.041448,0.135509,0.075607,-0.062211,-0.046849,0.083583,-0.012866,-0.099608,0.046056,0.096834
3.000252,0.001481,0.087030,0.150552,-0.110028,0.046295,0.029757,0.167078,0.001731,-0.038793,-0.250919,0.172336,-0.014485,-0.186468,-0.039806,0.077171
2.775370,0.005050,0.055467,0.020584,-0.016849,0.012394,0.032097,0.068538,0.018491,-0.027194,-0.126776,0.032079,-0.042161,-0.000829,0.029517,0.077037
2.498350,0.002170,0.029889,0.027294,-0.010043,0.034729,-0.001545,0.099001,0.002526,-0.017686,-0.069155,0.054671,0.015742,-0.083854,-0.020758,0.028545
2.123532,0.004471,0.031513,-0.018100,0.057505,0.034485,-0.000530,0.061506,0.085805,-0.011773,0.003204,0.082577,0.015566,-0.071430,-0.048478,0.013741
2.891154,0.001631,0.044463,-0.006733,0.030969,0.043759,-0.067444,0.003289,0.095040,-0.047046,-0.049520,0.107782,0.053091,-0.159097,-0.067422,-0.044557
2.626551,0.003022,0.024906,-0.086592,-0.006969,0.105304,-0.083989,0.145303,-0.043401,-0.050590,-0.009973,0.006759,0.027932,-0.037723,0.024458,0.032055
2.428413,0.003950,-0.037147,-0.055622,0.005119,0.014315,0.021461,-0.003059,-0.010057,0.016837,0.070787,-0.091047,-0.031590,0.039245,-0.009359,-0.012045
2.306696,0.003343,0.014227,-0.158548,0.156735,-0.051084,0.055537,0.047831,0.197322,-0.042137,0.061247,-0.228285,-0.058269,0.021918,-0.029039,0.038050
2.455773,0.001750,0.031300,-0.038422,0.014877,0.089644,-0.040046,0.067491,0.011105,-0.029246,-0.019499,0.073144,0.002433,-0.064365,0.027577,0.054020
2.744223,-0.001501,0.050327,0.034158,-0.049023,0.086637,-0.033564,0.224329,-0.057145,-0.037644,-0.134438,0.086926,0.047467,-0.141615,-0.054565,0.040855
2.606653,0.002482,0.039189,-0.008583,0.009127,0.049488,-0.009292,0.098627,0.030536,-0.033104,-0.067057,0.035195,-0.002087,-0.065673,-0.012487,0.038247
2.589754,0.005103,-0.009570,0.014270,-0.026990,0.063982,0.007451,-0.061089,0.056259,0.009413,0.028189,0.079111,-0.048420,-0.056597,-0.037081,-0.026953
2.340565,0.001849,-0.005591,0.051641,-0.032689,0.052310,-0.013859,0.085057,-0.018416,0.013537,-0.005774,0.102590,0.050635,-0.127271,-0.102678,-0.049419
1.973521,0.001864,-0.012509,0.016397,-0.009615,0.132631,-0.034652,0.139034,0.003364,-0.006776,0.046062,0.086238,0.015399,-0.135691,-0.048428,-0.007613
2.525913,0.004935,0.008537,0.065890,-0.051672,-0.014384,0.073758,0.043820,0.001316,0.039512,-0.054791,0.081611,-0.013552,-0.033828,-0.120160,-0.019460
2.360690,0.000140,-0.038021,0.046353,-0.086664,0.082544,-0.066155,0.064131,-0.161287,0.034536,0.031726,0.123607,0.095310,-0.103425,-0.047805,-0.057880
2.052188,0.002084,-0.034994,0.017406,0.018695,0.040731,-0.033242,0.088273,-0.013335,0.009833,0.065308,0.012944,0.074658,-0.104402,-0.085644,-0.079796
2.841752,-0.000178,0.022535,0.018725,-0.043782,0.110080,-0.064800,0.129920,-0.027301,-0.048315,-0.073578,0.051368,0.022859,-0.138989,-0.009654,0.006158
2.554273,0.003687,-0.001283,0.003139,-0.002853,-0.014450,0.047539,0.033785,0.019324,0.014969,-0.017066,-0.020477,-0.014818,-0.010338,-0.070238,-0.012848
2.724173,0.003628,-0.026624,0.054968,-0.035457,0.032117,-0.021281,-0.019764,0.011049,0.018049,0.016386,0.076491,0.042166,-0.104045,-0.135690,-0.128352
2.623533,0.000182,0.004475,-0.153118,0.029006,0.106922,-0.102487,0.069042,-0.025034,-0.032342,0.074342,0.009390,0.048994,-0.045300,-0.014348,-0.001400
2.269181,0.001333,0.010868,0.023011,-0.041603,0.056853,0.020073,0.097837,-0.044594,0.013405,-0.029828,0.078679,-0.004853,-0.067281,-0.012868,0.056942
2.368342,0.000844,-0.002832,-0.026101,-0.024552,0.057568,0.001580,0.074111,-0.033922,0.014361,0.017647,0.047587,0.006931,-0.058573,-0.045181,0.020624
2.726917,0.002160,0.011238,-0.024055,-0.022863,0.034021,-0.000097,0.036844,-0.006803,-0.004195,-0.023440,0.021592,-0.006909,-0.039439,-0.031941,0.011860
2.652324,0.002873,0.006364,-0.025704,-0.022385,0.057296,-0.030853,0.052769,-0.036765,-0.000530,-0.006239,0.058957,0.026413,-0.034028,-0.047548,-0.017119
2.173284,-0.000152,-0.044822,-0.046133,0.043144,0.056387,-0.019536,0.011427,0.061651,0.014232,0.127297,-0.006499,0.028450,-0.120628,-0.113149,-0.079197
3.334688,0.000746,0.053212,-0.168418,0.038248,0.058419,-0.076034,0.065652,-0.014318,-0.097523,-0.076318,-0.155583,-0.035377,0.059817,0.158306,0.115744
1.602079,0.000599,0.055051,0.078597,0.077303,0.080207,-0.005915,0.273045,0.148823,-0.054259,-0.061198,0.111208,0.053869,-0.275617,-0.096504,0.029210
2.729507,0.000490,0.025187,0.009105,0.017373,0.053364,-0.042044,0.153549,0.020796,-0.068755,-0.085116,-0.069072,0.019017,-0.108588,0.016820,0.014572
2.374309,0.001640,0.027955,-0.122371,-0.008105,0.064659,0.012446,0.136887,-0.043903,0.009378,0.013831,0.035298,-0.013005,0.021675,-0.041870,0.088387
2.801918,0.003524,-0.043335,-0.045515,0.024107,-0.010781,-0.014780,0.014400,-0.004433,-0.006123,0.045657,-0.154497,0.020628,0.021444,-0.064124,-0.099985
2.668250,0.001819,0.043375,0.038776,-0.057523,0.117679,-0.014152,0.159779,0.044584,-0.062517,-0.101266,0.048684,-0.055190,-0.163538,0.022900,0.077776
2.406703,0.004013,0.024237,-0.089627,0.030751,0.079931,-0.091740,0.063968,-0.049994,-0.025322,0.021890,0.073293,0.063963,0.000974,0.034931,0.018852
2.582071,0.004090,0.059188,0.033626,0.097752,-0.059306,0.051941,0.138780,0.150453,-0.086893,-0.153684,-0.178737,-0.040836,-0.047577,0.055492,0.069372
2.198748,0.001843,-0.004155,-0.011790,0.062999,0.063474,-0.067899,0.135363,0.043180,-0.044943,0.025766,-0.028735,0.069752,-0.126248,-0.041790,-0.053142
3.258155,0.006190,0.024644,0.105973,-0.181722,-0.045027,0.122572,-0.018020,-0.148713,0.061495,-0.180439,0.084338,-0.085762,0.101254,-0.005802,0.073261
2.695652,0.003214,0.037804,0.085243,-0.042766,-0.014087,0.056181,0.060512,0.027960,0.008194,-0.116898,0.097310,-0.003564,-0.090953,-0.091840,0.006508
2.136142,0.004803,-0.016528,-0.024891,0.121791,0.007540,-0.032445,-0.019211,0.172686,-0.017156,0.098910,-0.004040,0.053731,-0.115219,-0.125083,-0.128011
2.729707,0.003228,0.024353,0.024938,-0.041444,0.040787,-0.040167,0.035520,-0.029587,-0.005796,-0.051887,0.126806,0.050114,-0.088466,-0.048786,-0.022788
3.338268,0.001688,0.038285,-0.055587,0.014813,-0.043411,-0.092837,0.043264,-0.065081,-0.040221,-0.091827,-0.012559,0.134441,-0.021581,-0.054147,-0.070823
3.209511,0.001747,0.003791,-0.028649,-0.059503,0.090822,-0.139250,-0.021460,-0.120632,-0.020010,-0.018742,0.121658,0.098367,-0.057045,-0.006839,-0.074413
2.548714,0.000873,-0.015679,0.094529,-0.069518,0.051312,0.006074,0.127608,-0.026573,0.005366,-0.044701,0.044818,0.028480,-0.154965,-0.118904,-0.061439
2.403317,0.000819,0.025632,0.026242,0.013101,0.103030,-0.058427,0.117128,0.099712,-0.050909,-0.019093,0.098004,0.034508,-0.232596,-0.077422,-0.028874
3.175869,0.007340,0.025349,0.013275,-0.045013,-0.049122,0.045919,-0.165163,0.000478,0.049834,-0.058552,0.145050,-0.015853,0.070372,-0.083917,-0.041039
2.672895,0.003199,0.015602,-0.054894,-0.008582,0.040807,0.004477,0.043149,-0.007130,-0.005529,-0.014025,0.005870,-0.023658,0.008334,-0.011057,0.034451
2.846624,0.000433,-0.017248,-0.004439,0.013410,-0.016799,-0.042003,0.066801,-0.044281,-0.013188,-0.020268,-0.077390,0.088749,-0.053396,-0.080155,-0.093993
2.553529,0.001907,-0.013456,-0.011810,-0.021867,0.048012,-0.021498,0.003919,-0.022092,0.010987,0.027468,0.048954,0.019418,-0.060318,-0.043013,-0.028442
2.817154,0.001224,-0.007699,0.100697,-0.070341,0.036584,0.040418,0.083108,0.035209,-0.002677,-0.071235,0.014816,-0.026209,-0.152132,-0.122115,-0.052764
2.910667,0.000620,0.040951,0.146636,-0.027032,0.004442,0.054348,0.082933,0.119305,-0.037390,-0.167796,0.038873,-0.030318,-0.203207,-0.091468,-0.012358
2.396645,0.002963,-0.032092,-0.094668,0.058098,-0.011550,-0.051763,-0.018077,-0.047643,0.024664,0.102313,-0.023758,0.097400,0.034327,-0.070915,-0.089325
2.728182,0.002912,-0.035663,0.056144,-0.003060,-0.065180,0.074999,0.000891,0.009625,0.031856,-0.022679,-0.103197,-0.005176,0.002659,-0.113652,-0.085926
1.925098,-0.001220,0.028287,0.015950,0.105747,0.002670,0.017164,0.245147,0.085984,-0.058373,-0.061470,-0.119598,0.036257,-0.137996,-0.011927,0.051587
2.425785,0.004238,-0.000413,0.005273,0.006786,0.030081,-0.000933,0.020561,0.040148,0.000324,0.011625,0.040223,0.006024,-0.061827,-0.056428,-0.030776
2.413809,0.001297,-0.022735,-0.100694,-0.030299,0.127749,-0.070735,0.024444,-0.046784,0.022655,0.120366,0.122901,0.037468,-0.068604,-0.090257,-0.040440
2.680832,0.001418,-0.011863,-0.020525,-0.007239,0.043922,-0.047029,0.084431,-0.002141,-0.019271,0.013270,-0.017814,0.051003,-0.102498,-0.088257,-0.070348
2.909954,0.004271,0.037922,0.031979,-0.050510,-0.061297,0.056280,0.107332,-0.083084,0.006073,-0.148162,-0.022712,0.009708,0.050887,-0.028087,0.040482
2.892542,0.001550,0.004540,0.055099,-0.086699,0.023476,0.010470,0.120725,-0.071440,0.007616,-0.084855,0.037054,0.028158,-0.080211,-0.109107,-0.036401
2.362668,-0.000391,-0.023380,-0.029969,-0.083245,0.024172,0.032943,0.117174,-0.142170,0.046307,0.017154,-0.002305,0.012270,-0.013918,-0.046704,0.043625
2.809459,0.002933,0.018972,0.067581,0.068471,-0.026146,-0.039371,0.060553,0.091060,-0.062841,-0.092060,-0.066356,0.067456,-0.120027,-0.046203,-0.091138
2.672358,0.002314,-0.015261,-0.017828,-0.043867,-0.017169,0.046665,0.047823,-0.068067,0.041856,-0.005665,-0.015686,0.006870,0.023641,-0.099196,-0.020998
2.938487,0.003858,-0.008805,0.031698,-0.083278,-0.011269,0.147613,-0.079406,0.102179,0.062052,-0.012221,0.052733,-0.133508,-0.040032,-0.181914,-0.019329
2.466645,-0.000830,-0.027416,-0.058415,-0.084470,0.168073,-0.051175,0.134129,-0.099251,-0.007484,0.055712,0.019085,-0.024485,-0.083036,0.009949,0.041496
2.636807,0.002192,-0.006250,0.111644,-0.012933,-0.004497,-0.006680,0.081052,0.010331,-0.018575,-0.076174,-0.011436,0.052430,-0.131488,-0.071284,-0.080492
1.965167,0.000602,0.035780,0.026462,0.066007,0.029492,-0.037743,0.164427,0.056802,-0.018210,-0.023325,0.122053,0.116795,-0.186908,-0.121808,-0.032377
2.433042,0.000728,-0.016247,0.020805,-0.054379,0.063267,-0.003364,0.073297,-0.062619,0.024452,0.007892,0.071480,0.023076,-0.081309,-0.071720,-0.018093
2.729147,0.006102,0.051826,0.028161,0.009198,-0.027251,0.031058,0.000612,0.055821,-0.002034,-0.094780,0.098384,0.004150,-0.017586,-0.058292,0.004181
3.581827,0.004375,0.020593,-0.024190,-0.060113,0.005641,0.038178,-0.015114,0.080691,-0.016854,-0.075117,-0.027202,-0.071999,-0.032810,-0.137310,-0.053508
2.913263,0.005511,0.039677,0.014889,-0.059525,0.000689,0.070403,0.004857,0.022850,0.021581,-0.087228,0.099183,-0.057447,0.003952,-0.083524,0.029876
2.976852,0.003146,0.019555,-0.014465,0.068373,-0.114029,0.083584,0.043973,0.079696,-0.040225,-0.109072,-0.258448,-0.050909,0.059448,0.018130,0.028281
2.940390,0.002630,-0.019224,0.033658,-0.078436,-0.023582,0.005454,0.045301,-0.127971,0.039272,-0.044645,0.018884,0.064267,0.002975,-0.115439,-0.081028
2.821681,0.001338,-0.025254,0.008277,-0.036476,0.053768,-0.048472,0.047293,-0.066219,-0.007815,-0.003425,-0.017659,0.040527,-0.055227,-0.038855,-0.066202
2.549092,0.000532,0.018217,0.078261,-0.070932,0.079153,-0.003168,0.121236,-0.043262,0.001295,-0.079276,0.130490,0.019706,-0.136899,-0.065283,0.008133
2.632543,0.000146,0.024727,-0.046414,0.063059,0.006795,0.001392,0.117640,0.101751,-0.034965,-0.025506,-0.049905,0.026712,-0.109458,-0.122315,-0.029246
2.908166,0.002194,-0.006754,-0.064272,0.030704,-0.010364,-0.011560,0.011107,0.034951,-0.022234,0.006475,-0.109181,0.007312,-0.013587,-0.047550,-0.044545
2.302577,0.005799,0.008964,-0.033260,0.013841,0.046481,-0.022852,0.082925,-0.060445,-0.003331,-0.004286,0.017187,0.020994,0.056187,0.028833,0.023001
3.021039,-0.000423,0.019544,-0.035794,-0.076741,0.138304,-0.078472,0.039606,-0.067592,-0.038259,-0.040974,0.079927,-0.015337,-0.089898,0.065836,0.056607
2.369127,0.004905,-0.030579,-0.066247,0.017269,0.001045,0.035617,0.034343,0.016466,0.024515,0.075693,-0.077210,-0.017739,0.036222,-0.087583,-0.039463
2.098593,0.001205,0.020596,0.001591,0.052419,0.059851,-0.038551,0.131053,0.048148,-0.026494,-0.002533,0.064201,0.062040,-0.139088,-0.056868,-0.008865
2.701198,0.002383,-0.001664,0.101221,0.021292,-0.033954,-0.004496,0.043948,0.049176,-0.023568,-0.075430,-0.031632,0.058665,-0.123920,-0.077973,-0.095745
2.583120,0.000107,0.029784,0.027783,-0.032795,0.065974,-0.017109,0.097138,-0.003268,-0.015511,-0.063657,0.103881,0.021771,-0.136112,-0.044548,0.023818
2.891743,0.001673,-0.029940,0.020042,-0.061862,0.031417,-0.039017,0.002533,-0.074790,0.017778,0.007141,0.036957,0.056230,-0.067068,-0.091454,-0.097107
2.533895,0.002043,-0.010650,0.100329,0.014471,0.005969,-0.024711,-0.013655,0.035194,-0.007549,-0.031971,0.049845,0.059416,-0.135076,-0.053063,-0.089726
2.262192,0.000053,0.031058,0.021159,-0.010225,0.149353,-0.063666,0.188404,0.040179,-0.058955,-0.036870,0.094506,0.014746,-0.211573,-0.008135,0.039162
2.323323,0.004330,-0.052053,0.070548,0.020362,0.009800,0.008670,-0.050716,0.028211,0.029596,0.055223,0.003186,0.023354,-0.047299,-0.082718,-0.122181
2.779615,0.003581,0.031097,0.092091,0.019685,0.054166,-0.029546,0.049839,0.161593,-0.066240,-0.084509,0.050892,0.000964,-0.212292,-0.071643,-0.066985
2.826517,0.003224,-0.005190,0.022930,-0.015637,-0.016459,0.002858,0.043332,-0.002781,-0.010809,-0.043349,-0.053990,0.020384,-0.044280,-0.056341,-0.051622
2.742420,0.003678,-0.007625,-0.038148,0.056744,0.006541,-0.035764,-0.071875,0.071621,-0.012512,0.037239,-0.007693,0.028048,-0.035179,-0.052356,-0.081637
2.154810,0.002644,0.061109,0.148394,-0.085472,0.094474,0.098846,0.254097,0.006899,-0.007151,-0.181029,0.142700,-0.082403,-0.127280,-0.026955,0.137577
2.711801,0.004049,-0.001705,-0.076312,0.058663,0.013181,-0.039921,0.006985,0.022209,-0.043179,0.012063,-0.125708,-0.000602,0.033584,0.061284,-0.002762
2.201311,0.004203,0.061463,0.135394,0.010548,-0.007998,0.014736,0.079657,0.092196,-0.021265,-0.124981,0.176144,0.048486,-0.191743,-0.052129,0.011574
2.214883,0.004842,0.039652,-0.039644,0.054906,-0.031783,0.091247,0.109469,0.052972,-0.015532,-0.063564,-0.101844,-0.073878,0.067749,0.054123,0.129858
3.311359,0.003694,0.005539,-0.029592,-0.080485,-0.002711,0.046898,-0.069866,-0.043588,0.024055,-0.053184,0.001632,-0.067629,0.064662,-0.028135,0.015160
2.868914,0.003783,0.044141,0.088524,0.015135,-0.020635,0.001242,0.074392,0.076867,-0.052476,-0.144776,-0.003464,0.021044,-0.112152,-0.031477,-0.023849
2.273462,0.007186,0.001584,0.070808,-0.014282,-0.102384,0.159980,0.021418,0.018820,0.056934,-0.063052,-0.042193,-0.066315,0.077972,-0.061999,0.032826
2.850750,0.000944,-0.025350,-0.036367,-0.055911,0.067864,-0.105870,0.026488,-0.145241,0.020615,0.040092,0.103329,0.124787,-0.051532,-0.098881,-0.110883
2.411204,-0.001361,0.036895,0.008952,-0.010347,0.076491,0.032112,0.190215,0.087624,-0.021418,-0.054503,0.065946,-0.016645,-0.193455,-0.137499,0.033409
2.588246,0.004472,0.048321,0.088158,-0.014489,-0.007174,0.059970,0.098254,0.025484,-0.013140,-0.147495,0.044981,-0.025552,-0.037267,-0.015391,0.050425
2.455946,0.001576,-0.023536,0.027014,0.030690,0.009697,-0.020596,0.086661,0.033538,-0.023782,0.005676,-0.083669,0.046269,-0.107763,-0.067183,-0.078851
2.948315,0.003586,-0.006050,0.012865,-0.048543,-0.024638,0.010222,0.032665,-0.067522,0.021319,-0.045387,-0.000610,0.038690,0.005471,-0.099569,-0.064633
1.740458,-0.002019,-0.038813,-0.028255,-0.016669,0.124014,-0.035621,0.217373,-0.061830,0.017115,0.102932,0.041395,0.062989,-0.157662,-0.107591,-0.017818
2.209166,0.005858,-0.005460,0.080212,-0.039349,-0.011183,0.088059,0.003852,0.081649,0.048270,0.005401,0.111308,-0.030080,-0.101801,-0.154289,-0.041937
2.111764,0.001283,0.058935,0.053528,0.053862,0.049883,-0.007717,0.125747,0.106983,-0.052661,-0.086463,0.087522,0.014192,-0.178210,0.017640,0.070719
1.870502,0.002563,-0.030588,-0.007380,0.002432,0.059479,0.022825,-0.005977,-0.013876,0.048847,0.094377,0.085041,-0.007644,-0.032913,-0.026240,0.011656
2.847694,0.002734,0.032258,0.161386,-0.040235,-0.005486,-0.002124,0.077476,0.051704,-0.022729,-0.146794,0.113798,0.061171,-0.203242,-0.129143,-0.086422
2.612298,0.002408,0.013109,0.017530,-0.024879,0.037593,0.007974,0.065931,-0.001169,-0.007078,-0.045365,0.031904,-0.006016,-0.062253,-0.032273,0.011502
3.096545,0.005240,0.030416,0.045651,0.004530,-0.008404,-0.020148,-0.019783,0.072051,-0.044441,-0.097629,0.005207,0.005675,-0.067483,-0.019774,-0.048068
2.270691,0.003126,-0.013271,-0.144556,-0.052877,0.071720,0.022229,0.107319,-0.151746,0.061162,0.081780,0.038065,-0.012457,0.122022,-0.052803,0.065588
2.553869,0.004568,-0.055251,-0.074104,-0.057808,0.008718,-0.012885,0.020154,-0.139483,0.054286,0.096715,-0.033218,0.043756,0.072522,-0.084257,-0.072946
2.447109,0.000279,0.011985,-0.009845,0.026201,0.061708,-0.040318,0.061999,0.038371,-0.020972,0.000530,0.058993,0.041132,-0.128301,-0.052666,-0.018952
2.707036,0.002471,0.023914,0.030435,0.003191,0.080128,-0.112384,-0.026938,0.011657,-0.015544,-0.013654,0.227283,0.113078,-0.158334,-0.081571,-0.097149
2.350769,0.002536,-0.008023,-0.056433,0.028077,-0.002964,-0.045410,0.041091,-0.089057,0.013607,0.032880,0.004915,0.091621,0.023234,-0.012000,-0.023027
2.190226,-0.001187,-0.013399,-0.077792,-0.087809,0.121414,0.025976,0.086974,-0.057576,0.054879,0.089033,0.139898,-0.034489,-0.090618,-0.104457,0.061790
2.513677,0.002450,-0.060056,0.026103,-0.028012,-0.005909,0.017837,-0.097516,-0.087139,0.059855,0.059459,-0.004418,0.014647,0.037241,-0.020857,-0.064524
2.664624,0.002860,0.005656,0.012811,-0.039039,0.032648,-0.018420,0.050729,-0.057159,0.006202,-0.033628,0.062139,0.035172,-0.040071,-0.042715,-0.018303
2.967093,0.002611,0.057600,0.021920,0.001082,0.071858,-0.084148,0.036984,0.046650,-0.048748,-0.092154,0.167772,0.065168,-0.147091,-0.057869,-0.038810
2.690417,0.003352,0.007126,0.020793,-0.051897,0.049103,-0.010845,0.007024,-0.020840,0.012718,-0.021007,0.114100,0.011359,-0.067208,-0.060652,-0.022303
2.774399,0.000739,0.010917,-0.043769,0.040871,0.007477,-0.035230,0.064631,0.021534,-0.035974,-0.024921,-0.065914,0.041744,-0.057459,-0.032441,-0.025491
2.456566,0.000979,-0.011481,0.001650,0.020020,0.037843,-0.025519,-0.000704,0.033979,-0.009545,0.025346,0.013404,0.022000,-0.101826,-0.023824,-0.030651
3.356596,0.004148,0.022795,0.048711,-0.002434,-0.081599,0.013007,-0.080009,-0.004441,-0.009804,-0.127913,-0.029519,0.022827,0.029273,-0.015726,-0.051346
2.707405,0.003195,0.005690,0.123332,-0.019423,-0.012359,0.013988,0.036966,0.048159,-0.006988,-0.085436,0.049329,0.035852,-0.139593,-0.105788,-0.084936
2.820761,0.007971,-0.005759,0.060790,-0.007601,-0.043960,0.065926,-0.014134,0.104701,0.007976,-0.037353,-0.029414,-0.034731,-0.027142,-0.142754,-0.100835
2.598808,0.004964,-0.006313,0.024521,-0.038043,-0.001860,0.058435,0.084404,0.040420,0.026312,-0.011187,0.019924,-0.008171,-0.059357,-0.190699,-0.073427
2.859780,0.000134,0.053572,0.125202,-0.109772,0.100799,-0.009542,0.172737,-0.021123,-0.028260,-0.170443,0.183617,0.010439,-0.211266,-0.077941,0.025101
2.844072,0.002588,0.028561,0.164790,-0.116883,0.012210,0.076436,0.111765,-0.006851,0.011779,-0.167331,0.110924,-0.027367,-0.139931,-0.114525,-0.001653
3.726770,0.001371,0.040956,0.107875,-0.139994,0.055303,-0.015054,-0.039280,-0.013385,-0.020276,-0.174939,0.159543,-0.022961,-0.144547,-0.061518,-0.029448
2.709314,0.005335,0.043443,0.061014,-0.023857,0.010941,0.042056,0.074310,0.092898,-0.023838,-0.103547,0.057764,-0.035445,-0.101232,-0.074059,0.007437
1.400634,0.002558,-0.034853,-0.136939,0.075051,0.098137,-0.029021,0.113709,0.017111,0.031717,0.205529,0.043282,0.044989,-0.043929,-0.093085,-0.010229
2.653507,0.004503,0.059551,-0.091229,0.122509,-0.005671,-0.067427,0.115360,0.101939,-0.089097,-0.055847,-0.085239,0.058309,-0.033798,0.011113,0.004136
2.791392,0.004096,0.026783,-0.010349,-0.034572,0.023294,-0.017836,0.070966,-0.039606,-0.004190,-0.057150,0.067341,0.033970,-0.025027,-0.059919,-0.010459
2.768712,0.002011,-0.018132,0.069175,-0.044643,0.036909,-0.027474,0.031876,-0.020194,0.008594,-0.021425,0.069259,0.056494,-0.119230,-0.123380,-0.110219
2.218575,0.001240,-0.042510,-0.021871,-0.056806,0.082523,-0.006697,0.076835,-0.085169,0.045226,0.084391,0.059431,0.023268,-0.054005,-0.095465,-0.034808
2.862419,0.008693,0.027567,0.015196,0.000180,-0.046104,0.006378,-0.085942,-0.000293,0.042208,-0.041386,0.166498,0.060967,0.053392,-0.137795,-0.096767
2.855599,0.005557,-0.073261,-0.142025,-0.129344,0.005991,0.068571,-0.090460,-0.218189,0.130934,0.137208,-0.001873,-0.048976,0.244653,-0.107638,-0.028224
2.679283,0.002480,0.020511,-0.049756,-0.009322,0.051888,-0.008234,0.049630,0.007326,-0.004013,-0.011059,0.055249,-0.001610,-0.036495,-0.057156,0.010920
2.472302,0.001765,-0.014796,0.024545,0.055052,0.019892,-0.053898,0.022295,0.080707,-0.022670,0.029241,0.010548,0.080372,-0.155386,-0.108577,-0.123036
2.524674,0.002007,-0.007166,-0.023465,0.007003,0.033605,-0.021447,0.035149,0.015161,-0.002558,0.025175,0.015225,0.029319,-0.074337,-0.067768,-0.040659
3.473465,0.005466,0.051222,0.075442,-0.032345,-0.020193,0.011658,-0.144204,0.073061,-0.010675,-0.142240,0.138093,-0.021422,-0.041650,-0.044771,-0.041310
2.302896,0.001184,-0.055542,-0.061615,-0.023556,0.065030,-0.017445,0.045495,-0.039026,0.033906,0.125755,-0.010506,0.024322,-0.056258,-0.111378,-0.069745
2.593354,0.003779,0.039606,0.062088,-0.026813,0.035771,0.047516,0.099018,0.055745,-0.020162,-0.106858,0.049912,-0.048785,-0.081914,-0.032075,0.046552
2.184806,0.000211,0.009897,-0.058198,0.056394,0.063354,-0.008771,0.121092,0.073759,-0.033980,0.027315,-0.041802,-0.006961,-0.102141,-0.018603,0.038237
2.777153,0.000893,0.052121,0.167446,-0.009746,0.075347,-0.079588,0.124233,0.023679,-0.075307,-0.183678,0.128243,0.078752,-0.226761,0.007421,-0.031982
2.409083,0.004445,0.023635,-0.227164,0.023381,0.123921,-0.056274,0.087767,-0.036019,-0.022209,0.089316,-0.000610,-0.035408,0.092470,0.056093,0.105886
2.852349,0.003636,0.032948,0.037666,-0.042181,0.006351,0.024825,0.051140,-0.004757,-0.001563,-0.098137,0.066137,-0.003565,-0.042060,-0.056890,0.007791
2.283597,0.003177,-0.034988,-0.040976,-0.023713,-0.007329,0.053797,0.029435,-0.061461,0.064796,0.068337,-0.001904,0.005291,0.041885,-0.108048,-0.026041
2.617844,0.008323,-0.133075,-0.426506,-0.047633,0.081266,-0.113614,-0.225781,-0.273977,0.141835,0.447830,-0.002297,0.057987,0.357602,-0.104737,-0.137455
3.109774,-0.000092,-0.003114,0.100840,0.018348,-0.002846,-0.061535,0.047779,0.019815,-0.045645,-0.099325,-0.034619,0.097533,-0.151377,-0.088403,-0.142528
2.359498,0.004244,0.071423,0.177868,-0.053829,-0.001579,0.045270,0.148842,-0.031202,-0.000316,-0.209624,0.197404,0.037661,-0.109598,-0.029302,0.057409
2.560590,0.003330,0.029024,0.047195,-0.087272,0.079328,-0.004075,0.090740,-0.049877,0.007916,-0.067064,0.169713,0.004409,-0.093675,-0.047832,0.029790
2.905522,0.003400,0.056014,-0.061593,0.053081,0.050974,-0.032960,0.051731,0.109303,-0.074560,-0.069475,-0.023596,-0.031247,-0.053163,0.029217,0.044601
2.183086,-0.000681,0.043789,0.040235,-0.014277,0.168038,-0.127809,0.069146,0.045910,-0.033287,0.000817,0.330570,0.100126,-0.309694,-0.059650,-0.014558
2.516855,0.002224,0.000811,-0.110465,-0.037246,0.029777,0.099517,0.000036,0.002765,0.045910,0.043790,-0.010672,-0.118524,0.068136,-0.031702,0.107215
2.689456,0.001992,-0.012201,-0.054650,0.027855,0.011584,-0.035939,0.015281,-0.001466,-0.000349,0.035122,-0.017735,0.055505,-0.030513,-0.084805,-0.073087
2.567589,0.001916,0.010348,-0.168527,0.098487,0.060101,-0.172192,0.022872,-0.039114,-0.046430,0.086466,0.015638,0.149685,-0.016071,0.012732,-0.058865
1.565819,0.000567,0.033735,0.042393,-0.050535,0.196201,-0.003520,0.186512,0.096704,-0.002491,0.034493,0.292240,-0.026095,-0.304038,-0.100444,0.078165
2.139224,0.000364,0.013805,-0.173559,0.119869,0.162931,-0.068610,0.160901,0.146180,-0.104020,0.087385,-0.155248,-0.070467,-0.085348,0.096138,0.096494
2.772343,0.002595,0.020365,-0.003377,-0.008305,0.030747,-0.071550,0.013655,-0.002967,-0.004699,-0.015211,0.145168,0.100807,-0.116927,-0.116114,-0.085856
2.530277,0.007580,0.029897,0.011767,-0.025673,0.024759,0.110391,0.084517,0.062547,-0.022602,-0.090026,-0.092385,-0.164905,0.066220,0.078341,0.133601
2.766427,0.004674,-0.032819,-0.039424,-0.079332,0.030918,0.028493,-0.041445,-0.008646,0.052069,0.073917,0.060227,-0.026619,-0.023668,-0.153828,-0.072643
3.010931,0.003959,0.054651,0.001636,-0.055242,0.085359,0.009469,0.039157,0.021270,-0.037492,-0.114590,0.072159,-0.086606,-0.027863,0.054055,0.096771
2.662930,-0.000600,0.014665,0.022747,-0.106047,0.202635,0.001282,0.100183,0.042850,-0.029494,-0.029613,0.118122,-0.120241,-0.188648,-0.002339,0.087031
2.301953,0.003839,-0.061573,-0.106437,0.024591,0.032394,-0.027080,-0.075858,-0.012438,0.038852,0.173526,-0.031020,0.018609,0.025878,-0.058840,-0.078640
3.439566,0.002394,-0.007197,-0.012066,-0.040637,0.011302,0.033199,-0.154643,0.107930,0.009060,-0.005288,0.022120,-0.073486,-0.065045,-0.121198,-0.077368
3.165858,0.004549,-0.017472,-0.134390,0.062228,0.000313,-0.073923,-0.134197,0.043174,-0.024348,0.075743,-0.088288,0.023614,0.052600,-0.015692,-0.095174
2.569379,0.002286,-0.031538,-0.070818,0.024049,0.010935,0.016910,-0.009298,0.034261,0.003883,0.068959,-0.107624,-0.030396,0.000780,-0.036075,-0.024087
2.504329,0.000143,0.031559,0.072583,0.032317,0.020584,0.038591,0.221361,0.068069,-0.060559,-0.136211,-0.109119,-0.018780,-0.118189,-0.020227,0.037787
2.045234,0.001754,-0.011303,-0.087336,0.113814,0.088185,-0.128270,0.051691,0.046634,-0.041793,0.113649,0.018078,0.108160,-0.105503,-0.013135,-0.069159
2.846913,0.003914,0.026650,0.026882,0.001843,0.007938,-0.016859,0.036975,0.041628,-0.031271,-0.073908,0.020240,0.019921,-0.074089,-0.040334,-0.030494
2.618745,0.002749,0.013834,0.001705,-0.011104,0.031497,0.000225,0.051392,0.011235,-0.003577,-0.029495,0.045799,0.009213,-0.060195,-0.059088,-0.009570
1.877641,0.000516,0.042245,0.106278,-0.012607,0.134771,0.053813,0.208879,0.177626,-0.041973,-0.064843,0.124471,-0.080981,-0.292262,-0.070327,0.082006
