3.068663,-0.000867,0.017292,-0.013726,-0.043948,0.003950,0.002501,0.025742,-0.049314,0.003455,0.012821,0.006193,-0.016329,-0.007235,0.045836,0.066611
2.845359,-0.002731,0.036703,0.029081,0.012649,0.018192,0.007496,0.081310,-0.031663,-0.019958,0.037694,-0.065904,0.056873,0.062985,0.014454,0.059909
3.842656,0.002847,-0.000485,0.023958,-0.009706,-0.032080,0.029785,-0.013362,-0.006824,-0.042540,-0.027851,0.054868,0.002694,0.005252,-0.009659,0.109534
3.348396,-0.001254,0.027199,-0.016184,-0.024853,0.034930,0.042189,0.036206,-0.037060,-0.011815,-0.003760,-0.029059,0.034062,0.043755,0.039399,-0.022329
2.016431,-0.001053,0.059537,-0.002660,-0.016462,0.030535,-0.017025,0.031443,-0.019645,0.016252,0.103388,0.001391,0.017671,0.032965,0.033715,0.069161
3.409011,-0.003256,0.013243,-0.005374,-0.053732,0.001017,0.026065,0.022048,-0.052106,-0.018429,-0.019644,-0.016670,-0.047653,-0.004752,0.019099,0.068780
3.730398,0.003909,-0.000883,-0.014780,-0.003154,-0.015596,0.029257,0.006716,-0.019117,-0.033698,-0.008790,0.046176,0.063561,0.059458,0.027124,0.052510
2.983674,-0.000534,0.034607,-0.009299,-0.020851,0.008332,0.010585,0.019696,-0.007730,-0.041228,0.051597,0.042239,0.019732,0.041746,0.027564,0.062889
3.451752,0.001383,0.008093,-0.010641,-0.024419,-0.009842,0.022519,0.011618,-0.034292,-0.005101,0.011320,0.026386,0.015989,0.041556,0.038469,0.074598
3.037642,0.001021,0.024223,-0.003377,-0.014800,0.005014,0.004071,0.022024,-0.020206,-0.024480,0.023191,0.025162,0.028615,0.013076,0.024759,0.058086
1.730217,0.002572,0.041250,-0.115147,-0.013464,0.065236,-0.029532,0.071179,-0.076188,0.012133,0.100752,-0.050137,0.147803,0.080221,0.076105,-0.062751
3.174737,0.001820,0.021504,0.008609,0.001266,-0.018859,0.008734,0.013070,-0.001371,-0.027175,0.051481,0.059195,0.041285,0.077395,0.025976,0.108692
2.907590,-0.002349,0.042476,0.026176,-0.028699,0.018509,0.029388,0.001440,-0.016379,-0.010956,0.013870,-0.016565,-0.039429,-0.004993,-0.018442,0.068333
2.650367,-0.001425,0.038414,0.024895,-0.026218,0.003782,0.003053,0.009473,-0.024847,0.008332,0.042303,-0.004198,-0.035611,-0.004270,-0.000857,0.113064
3.189907,0.002318,0.025357,-0.051586,-0.057207,0.035348,0.056168,-0.053445,-0.033427,0.005546,-0.022032,0.018273,-0.018956,-0.007462,0.001998,-0.028355
2.470062,-0.000067,0.041348,-0.053751,-0.042323,0.045053,0.018300,0.013194,-0.052321,0.027735,0.059654,-0.024315,0.020243,0.039124,0.043458,-0.001349
3.457190,-0.002265,0.032078,0.036719,-0.036928,0.009546,0.022164,0.008541,0.001251,-0.041852,-0.020486,0.043564,-0.047105,-0.050040,0.015963,0.049378
3.645904,-0.004321,-0.002001,0.056727,-0.055879,-0.058921,-0.038088,0.059328,-0.036722,-0.047863,0.017469,0.064048,-0.105405,-0.102085,0.052921,0.236718
2.264612,0.001381,0.056889,-0.015778,0.049828,0.032464,-0.005760,0.071164,0.011608,-0.085290,0.116424,-0.009856,0.162424,0.124684,-0.007448,0.030640
3.403562,0.001995,0.006104,-0.000713,0.012366,-0.009689,0.017379,0.045355,-0.033363,-0.039423,0.010481,-0.017366,0.078079,0.060705,0.006120,0.075101
2.938870,0.004205,0.017667,-0.017161,-0.002071,-0.011521,-0.012016,0.005444,-0.006847,-0.036900,0.037060,0.073051,0.060447,0.027863,0.022983,0.077471
3.277635,0.001802,-0.001467,-0.035485,-0.085600,-0.008752,0.011825,-0.039874,-0.069348,0.040907,-0.026524,0.036293,-0.089661,-0.084649,0.037057,0.084082
2.557440,-0.001695,0.036265,0.041092,-0.036496,-0.000098,-0.025897,0.024801,-0.032360,0.038972,0.036178,0.012984,-0.058375,-0.055347,0.040589,0.122078
3.380505,-0.000760,0.003228,-0.019421,0.016658,-0.002514,0.019734,0.092352,-0.059396,-0.044761,0.016870,-0.072914,0.112160,0.127328,0.023753,0.053796
3.503185,0.003761,0.002018,-0.015634,-0.036990,-0.007422,-0.009570,0.001397,-0.020979,-0.022639,-0.031487,0.094034,0.011240,-0.061925,0.063739,0.031331
3.224841,0.001301,0.006840,-0.085874,-0.041982,0.024831,0.026520,0.040222,-0.077706,0.025348,0.034546,-0.013388,0.069500,0.097474,0.099629,-0.019616
2.776976,-0.000895,0.030113,0.006310,-0.033001,0.008287,0.000054,0.017216,-0.036195,0.008129,0.023491,-0.001987,-0.021891,-0.013258,0.020167,0.079239
3.497964,-0.000368,0.021930,-0.011851,-0.001526,0.019680,0.047993,0.036330,-0.022132,-0.052205,-0.002050,-0.024131,0.066825,0.080943,0.006052,0.002392
3.147966,-0.002805,0.017763,-0.003344,-0.048225,0.012126,0.002177,0.051195,-0.061228,0.013849,-0.000609,-0.022165,-0.023690,-0.016910,0.063776,0.049439
3.201250,-0.000629,-0.004484,-0.040793,-0.040348,0.002868,-0.035510,0.097144,-0.085095,-0.026836,0.004854,-0.018248,0.040083,-0.049233,0.089525,0.048343
3.074069,0.001365,0.034024,0.021116,0.001176,0.004625,0.045881,-0.005221,-0.013451,0.028729,0.054690,-0.007159,0.021945,0.094414,0.004561,0.088498
2.519302,0.002647,0.034367,0.000080,-0.035229,0.000783,-0.006655,-0.032111,-0.018375,0.041726,0.046752,0.058210,-0.030596,-0.014412,0.025766,0.096262
3.213776,-0.007079,0.041183,-0.035437,-0.049686,0.028806,0.028528,0.071712,-0.029326,-0.068615,0.069869,0.004000,0.004518,0.092244,0.069870,0.025164
3.081419,-0.002074,0.021092,-0.027955,-0.056319,0.012586,0.002511,0.036936,-0.052777,0.011108,0.028301,0.017701,-0.017246,0.011316,0.083435,0.043794
2.179583,-0.001233,0.029889,-0.007294,-0.003031,0.010700,-0.048738,0.100295,-0.067067,-0.010308,0.086737,-0.066363,0.056021,-0.005266,0.031635,0.113363
3.032434,-0.001541,0.019261,0.008613,-0.050951,-0.000319,0.013872,0.002727,-0.053165,0.035283,-0.004375,-0.013359,-0.061420,-0.018199,0.023227,0.090657
2.596894,-0.000408,0.036866,-0.008514,-0.026878,0.024095,0.000522,0.023382,-0.036308,0.007753,0.033751,-0.012129,0.007475,0.001187,0.024443,0.042765
2.338097,0.001000,0.027295,-0.019387,-0.046708,0.003974,-0.040558,0.010883,-0.044586,0.020696,0.036568,0.038646,-0.023349,-0.056506,0.046278,0.084859
3.328003,-0.002434,0.010413,0.004464,-0.096966,-0.025904,-0.002774,-0.027465,-0.042124,0.021468,-0.006720,0.084892,-0.146675,-0.084410,0.057481,0.140129
4.013332,0.000787,-0.007151,-0.015193,-0.028943,-0.005487,0.026831,0.037536,-0.041518,-0.044724,-0.043569,0.020382,0.029633,-0.000227,0.049877,0.025810
3.621585,-0.007304,0.033036,0.013938,-0.061057,0.019211,0.073197,0.017814,-0.039314,-0.012722,-0.001762,-0.046090,-0.082191,0.051919,0.011416,0.055767
1.679188,-0.007071,0.077712,-0.011101,0.009564,0.066481,0.006453,0.104701,-0.045549,-0.020884,0.112362,-0.145991,0.076586,0.135435,-0.009295,0.015731
2.758748,0.006726,0.032833,-0.047794,0.031560,0.017970,-0.002704,0.010368,0.023204,-0.081320,0.056541,0.086874,0.161594,0.086792,0.015896,-0.014470
2.930672,-0.002146,0.029915,0.019255,-0.033175,-0.005940,-0.001845,0.022374,-0.023786,-0.021029,0.037883,0.018480,-0.037590,-0.012016,0.013957,0.121322
1.642521,-0.001009,0.071934,0.001437,-0.014942,0.027411,-0.002580,-0.006743,-0.012592,0.029812,0.132265,-0.012564,-0.009373,0.062029,-0.017136,0.113827
2.866799,-0.001358,0.024525,-0.008743,-0.034784,0.000034,0.007975,0.022073,-0.045790,0.005016,0.043569,-0.009047,-0.015235,0.030727,0.023991,0.100690
3.498810,-0.002931,0.024338,0.022739,-0.014375,0.031949,0.031274,0.070463,-0.040289,-0.003316,-0.035722,-0.053765,0.031061,0.021734,0.052321,-0.022644
3.128802,-0.003649,0.016697,-0.025973,-0.052240,0.022005,0.007360,0.068978,-0.078145,0.019732,0.008765,-0.046500,-0.004579,0.016820,0.082621,0.023802
2.060242,-0.010303,0.075227,0.092639,-0.020071,0.023760,-0.007602,0.077622,-0.027168,0.015926,0.077555,-0.100744,-0.085757,0.006389,-0.015219,0.151740
2.538515,-0.000042,0.038148,0.011177,-0.017743,0.014178,0.003826,0.011877,-0.031338,0.024259,0.038499,-0.017387,-0.002144,0.014714,0.007405,0.076477
2.689341,0.000752,0.030730,-0.010557,0.006802,0.021797,0.005775,0.051461,-0.038889,0.008417,0.039049,-0.038522,0.081196,0.080358,0.032510,0.025857
2.945558,0.002193,0.030995,0.012408,0.017480,-0.010800,0.020139,0.010369,0.000225,-0.007231,0.073964,0.030242,0.062567,0.123295,0.011409,0.107376
3.680948,-0.002974,0.020142,-0.022150,-0.036694,0.030315,0.049412,0.041211,-0.036320,-0.050285,-0.030844,-0.021081,0.019489,0.036338,0.034553,-0.030859
3.709346,0.000297,0.014036,0.052467,-0.022880,-0.024360,0.046891,-0.037683,-0.000982,-0.039095,-0.041211,0.025219,-0.064708,-0.033056,-0.059097,0.129699
3.102335,0.001536,0.028194,-0.010177,-0.013652,0.007570,0.023616,-0.006841,-0.004034,-0.054193,0.015507,0.034219,0.025437,0.019193,-0.015684,0.050021
2.302745,0.004481,0.031668,0.031284,0.004335,-0.014313,-0.040947,-0.006680,-0.004417,0.011858,0.042246,0.054537,0.015553,-0.041506,-0.004077,0.131151
2.339520,0.007081,0.013246,-0.045781,-0.086310,-0.027383,-0.038331,-0.096738,-0.041785,0.121681,0.057851,0.157453,-0.092975,-0.062069,0.090414,0.139523
3.091622,0.001624,0.017247,0.009544,0.003696,-0.004492,-0.020784,0.056149,-0.017866,-0.044889,0.021872,0.030836,0.062759,-0.003969,0.037816,0.070028
4.059094,-0.000436,0.003279,0.022794,-0.020312,-0.031347,0.024662,0.023255,-0.001064,-0.074853,-0.003749,0.075444,-0.002312,0.019591,0.030674,0.110485
2.145013,-0.000163,0.039833,0.028714,-0.030456,-0.001583,-0.029645,0.000453,-0.034246,0.038942,0.047378,0.000175,-0.053880,-0.052164,-0.003059,0.141609
3.408436,-0.006634,0.031170,0.039427,-0.062789,0.039396,0.046771,0.034598,-0.060543,0.039291,-0.073151,-0.085430,-0.090902,-0.049275,0.029593,-0.007188
3.232815,0.002414,0.017417,-0.027509,-0.020223,0.012903,0.042013,-0.013349,-0.032286,-0.012563,-0.003968,-0.004062,0.029923,0.040013,-0.006880,0.025465
2.999716,-0.001124,0.017965,-0.005496,-0.065768,-0.005642,0.006623,-0.012422,-0.050364,0.026405,0.006223,0.020045,-0.080487,-0.038969,0.028084,0.104667
2.709302,0.006416,0.001377,-0.003466,-0.031823,-0.033217,-0.029702,-0.027768,-0.053294,0.106889,0.033309,0.065327,-0.015519,-0.012306,0.071019,0.143831
2.361958,0.002234,0.050951,-0.001396,0.032825,0.021578,-0.000142,0.035769,0.006755,-0.043412,0.094966,0.003503,0.108943,0.089581,-0.009249,0.056775
1.753661,0.007070,0.053359,-0.008398,0.019545,0.015501,-0.036539,-0.016169,0.008328,0.026708,0.113370,0.065585,0.081638,0.022732,0.012092,0.079686
2.510790,0.000505,0.030383,-0.013618,-0.037723,0.013423,-0.015101,0.016104,-0.045966,0.032593,0.039876,0.007699,-0.009270,-0.016546,0.044785,0.067004
3.479704,-0.002519,0.008037,0.061654,-0.040825,-0.046043,-0.001362,0.012971,-0.028631,0.004572,0.001498,0.037386,-0.094269,-0.032173,0.021699,0.198740
2.505939,-0.006494,0.036439,0.061892,-0.064955,-0.014156,-0.041419,0.042460,-0.047908,0.030384,0.034015,-0.003564,-0.138175,-0.099729,0.035531,0.187267
3.566679,-0.000132,0.025775,-0.008366,-0.000652,0.025789,0.084333,-0.002371,-0.018084,-0.057965,-0.022683,-0.057580,0.045934,0.085233,-0.058662,0.000499
3.451675,-0.000761,0.014448,-0.013976,-0.043513,-0.009699,0.019258,0.016799,-0.031405,-0.008408,0.037457,0.049751,-0.014698,0.041968,0.064515,0.088922
2.936199,0.007373,0.012680,-0.037209,0.035236,0.010549,0.001047,0.026862,-0.018805,-0.064552,0.025873,0.003202,0.153280,0.031343,-0.018973,0.021193
3.072005,-0.005975,0.031757,0.026431,-0.015408,-0.003591,0.018671,0.078550,-0.042836,-0.016911,0.070097,-0.055765,-0.003933,0.096571,0.028247,0.133312
2.997813,0.002647,0.028245,0.023784,0.002114,-0.023481,0.002908,-0.007218,0.011517,-0.013572,0.064794,0.080249,0.021365,0.059366,0.016948,0.135443
3.443952,0.000391,0.019514,0.001697,-0.017339,-0.007255,0.034649,0.001859,-0.011299,-0.035900,0.019374,0.032787,0.010374,0.053589,0.007356,0.080730
3.370607,-0.000125,0.009143,-0.011685,-0.031668,-0.019086,0.005252,0.027114,-0.033372,-0.020184,0.034126,0.045463,0.004148,0.041839,0.054216,0.105487
3.184834,0.001883,0.014384,-0.034715,-0.020897,0.005539,0.020465,0.021086,-0.042184,0.010805,0.036198,0.014691,0.049754,0.077246,0.058633,0.041107
3.690918,-0.001276,0.003467,-0.061833,-0.073547,0.008598,0.057965,-0.009518,-0.065157,0.018164,-0.016675,0.010251,-0.028504,0.074416,0.065334,0.009540
3.099010,0.000873,0.002069,-0.052227,-0.040290,-0.002366,-0.017203,0.045312,-0.062022,-0.032672,0.014138,0.018157,0.032169,-0.008471,0.056656,0.055555
2.866912,-0.002873,0.047527,0.013493,-0.014062,0.045563,0.007305,0.059776,-0.014492,-0.058531,0.007878,-0.028199,0.027155,-0.035443,0.009392,-0.010133
2.998517,0.002068,0.024873,0.014997,-0.012755,-0.006383,0.016100,-0.013645,-0.014089,0.002663,0.020522,0.026479,-0.000233,0.018049,-0.003997,0.095771
3.159132,0.005070,0.009451,-0.088166,0.050663,0.041591,0.034153,0.077200,-0.041935,-0.098259,0.001873,-0.072514,0.247791,0.156570,-0.006858,-0.098095
3.413482,-0.007083,0.012514,-0.084118,-0.126569,0.053235,0.055949,0.030155,-0.123962,0.032481,-0.037131,-0.093120,-0.099700,-0.032576,0.073390,-0.042578
3.090543,-0.000055,0.033572,-0.089780,-0.033533,0.057732,0.058103,0.022379,-0.044231,-0.037079,0.039948,-0.028136,0.079639,0.101628,0.036254,-0.074230
3.537350,-0.001237,0.005502,-0.024404,-0.048929,-0.014709,0.013372,0.026748,-0.042862,-0.012641,0.018053,0.047318,-0.011209,0.047443,0.075315,0.080156
2.636373,-0.003066,0.029821,-0.010344,-0.040616,0.025694,-0.000557,0.048270,-0.066941,0.004225,0.012723,-0.067920,-0.016960,-0.023982,0.014665,0.050895
4.146123,-0.000718,0.003229,-0.012947,0.000142,0.016563,0.039860,0.078502,-0.023967,-0.101629,-0.047867,-0.008904,0.096722,0.042389,0.038825,-0.037770
2.322553,-0.003689,0.044709,0.065202,-0.046359,0.011560,-0.000675,-0.003044,-0.050453,0.055998,0.001511,-0.075827,-0.124590,-0.106470,-0.045434,0.142528
2.338816,-0.002410,0.036562,0.091713,-0.045757,-0.024782,-0.028481,-0.009073,-0.041343,0.108181,0.029365,-0.006607,-0.145100,-0.083333,0.011787,0.217850
2.771393,0.003246,0.017582,0.010530,-0.102306,-0.044379,-0.026136,-0.108133,-0.017027,0.069923,0.035594,0.169727,-0.187640,-0.144397,0.039542,0.212389
3.101155,-0.001653,0.018414,-0.004916,-0.051233,0.000235,0.007360,0.013712,-0.046500,0.002868,0.002936,0.007861,-0.044090,-0.017914,0.032489,0.079697
2.007038,-0.004659,0.055478,-0.011377,0.017070,0.024199,-0.050528,0.138241,-0.027006,-0.049361,0.135316,-0.025732,0.114322,0.125923,0.076965,0.064591
3.341769,-0.002182,0.019324,-0.018601,-0.049533,0.017227,0.015536,0.040194,-0.046383,-0.016786,0.005080,0.004090,-0.011187,-0.009532,0.060555,0.027926
4.165483,-0.007759,0.004425,0.001321,-0.066614,0.010847,0.058188,0.077623,-0.077949,-0.000710,-0.032487,-0.063855,-0.051083,0.047199,0.085195,0.031966
2.621356,0.001629,0.034250,-0.017462,0.013559,0.006173,0.014382,0.024680,-0.019747,-0.021995,0.080387,-0.011332,0.080413,0.115204,-0.004724,0.081589
3.649428,0.002145,0.014697,-0.022835,-0.002370,-0.015696,0.032682,0.003883,0.012805,-0.109129,0.037919,0.080797,0.061866,0.075408,-0.003771,0.078602
2.976855,-0.003371,0.044030,-0.008275,-0.001120,0.045237,0.022174,0.089992,-0.029151,-0.025978,0.050093,-0.046118,0.082877,0.096518,0.063507,-0.022964
4.399260,-0.000064,-0.003521,0.018981,-0.021827,-0.011606,0.071198,0.004261,-0.021698,-0.041341,-0.066016,0.008328,-0.001601,0.035276,0.006583,0.042217
2.985168,-0.001025,0.037157,-0.003001,-0.018135,0.031057,0.038005,0.015950,-0.027081,-0.002706,0.009843,-0.030780,0.019662,0.048670,0.007524,0.008525
2.051138,0.006485,0.017224,0.024543,0.000474,-0.038242,-0.023526,-0.057387,-0.040089,0.069319,0.037827,-0.004035,-0.022332,-0.016740,-0.069845,0.212144
3.436908,-0.000467,0.015911,0.014155,-0.020010,-0.007292,0.018107,0.025828,-0.023354,-0.024189,0.005286,0.019016,0.003366,0.020453,0.026790,0.080510
3.532735,-0.001507,0.022925,-0.019208,0.004277,0.030266,0.075342,0.042376,-0.038475,-0.037557,-0.005426,-0.083240,0.081133,0.138550,-0.009395,-0.017596
3.360676,-0.004464,0.027121,0.004471,-0.041766,0.031140,0.051442,0.031395,-0.051796,-0.023419,-0.033607,-0.079620,-0.032379,-0.004225,-0.012879,0.015931
3.690802,0.004061,-0.015105,0.004107,0.002468,-0.034370,-0.019323,0.051914,-0.034530,-0.034317,-0.017296,0.050345,0.070380,-0.003016,0.058221,0.091655
2.630908,0.000740,0.032459,-0.024619,-0.020320,0.034946,0.007311,0.030320,-0.048278,0.010585,0.023295,-0.038281,0.039409,0.007130,0.023539,0.007142
3.112581,-0.002190,0.031225,-0.012014,-0.065960,0.031218,0.001940,0.029830,-0.039547,0.021199,0.007937,0.035780,-0.039439,-0.049610,0.099153,-0.000105
3.264358,-0.001876,0.023250,0.085032,-0.027063,-0.017289,0.014364,-0.010676,-0.014449,-0.027071,-0.048782,-0.016805,-0.102049,-0.121043,-0.071495,0.154047
3.030077,-0.000265,0.038933,-0.015845,0.022615,0.041473,0.118665,-0.009169,-0.044109,0.028610,0.016275,-0.155649,0.081376,0.231715,-0.076488,-0.005975
3.075827,-0.000151,0.029229,0.008931,0.010508,0.009938,0.036792,0.032133,-0.024053,-0.019539,0.031559,-0.043064,0.057053,0.096484,-0.011402,0.061386
3.374261,0.002882,0.014740,0.017702,-0.019136,-0.008532,0.049062,-0.040926,-0.024490,0.026525,-0.011675,0.003906,-0.021136,0.021404,-0.022163,0.091051
3.948021,-0.001548,0.007626,-0.013730,-0.055631,0.005468,0.065914,-0.009357,-0.040113,-0.014677,-0.040402,0.004208,-0.041115,0.022773,0.022219,0.028957
3.376425,-0.000777,0.026158,-0.017000,0.012177,0.008654,0.044044,0.045285,-0.010032,-0.078022,0.040815,-0.010445,0.091187,0.139387,-0.000029,0.038069
3.555263,0.002618,0.003027,0.002693,-0.005711,-0.026479,-0.003719,0.035178,-0.016332,-0.024626,0.027144,0.073719,0.050963,0.044555,0.068964,0.096084
2.691717,-0.002911,0.037333,0.006566,-0.026289,0.015124,-0.022058,0.065435,-0.030212,-0.034204,0.051210,0.001135,0.004246,-0.020973,0.041925,0.074635
3.404626,-0.001581,0.001746,0.034894,-0.048686,-0.031689,-0.022245,0.033121,-0.045263,-0.003701,-0.018543,0.035215,-0.069776,-0.082338,0.046419,0.146088
2.702038,0.002030,0.022931,-0.084712,0.007458,0.055852,-0.004585,0.097718,-0.061951,-0.043134,0.031847,-0.056729,0.176341,0.077298,0.066470,-0.092052
0.706256,-0.011540,0.092106,0.032478,-0.013163,0.050695,-0.113857,0.204599,-0.069753,0.032016,0.215137,-0.114065,0.018630,0.018975,0.113197,0.137112
3.979918,-0.000800,0.008907,0.007979,-0.026916,-0.002245,0.029961,0.024085,-0.005680,-0.093070,-0.046866,0.047995,0.005309,-0.025521,0.013585,0.030159
3.921811,0.000702,-0.006364,-0.019312,-0.045497,-0.001532,0.034869,0.011715,-0.050657,-0.015453,-0.061476,0.013112,-0.004905,-0.013128,0.042880,0.017884
2.366307,0.003931,0.027904,0.002033,0.010614,-0.027342,-0.037524,0.015832,-0.008796,0.016086,0.105348,0.073829,0.058786,0.082312,0.044967,0.153936
2.778497,-0.003986,0.049503,0.001928,-0.024081,0.027530,0.028496,0.030722,-0.017748,-0.036358,0.052646,-0.024827,-0.003079,0.054180,-0.001903,0.053248
2.949334,-0.001598,0.028542,-0.015430,-0.034346,0.035912,-0.012927,0.070417,-0.046119,-0.028890,0.008892,-0.014404,0.025030,-0.058156,0.061143,-0.004010
1.736979,0.000460,0.063715,0.053070,-0.014302,0.003244,-0.030306,-0.022261,0.000609,0.040082,0.093215,0.023442,-0.057891,-0.043905,-0.029153,0.168553
2.527614,0.001645,0.038856,0.042114,0.003897,-0.000594,-0.000536,-0.006643,-0.006680,-0.011174,0.029800,-0.007121,-0.004223,-0.026898,-0.053382,0.123135
3.038093,0.003927,0.024373,-0.009487,0.023750,0.000554,0.028308,0.011269,-0.008712,-0.017821,0.053657,0.011189,0.098711,0.118445,0.002328,0.062293
2.983361,0.003007,0.017763,-0.063305,-0.011238,0.013346,0.007317,0.032006,-0.034677,-0.017018,0.055614,0.034994,0.099911,0.101312,0.069170,0.009104
1.821048,0.005971,0.078014,0.127892,0.091370,-0.030225,-0.001024,-0.068063,0.098988,-0.045655,0.115795,0.058462,0.039752,0.055678,-0.171154,0.247145
3.658144,0.002849,0.012505,0.015060,0.011661,-0.019906,0.048386,-0.003423,-0.001708,-0.023345,0.023690,0.032877,0.051619,0.108168,0.001215,0.095350
3.322455,-0.000076,0.025860,0.005636,-0.003548,0.003488,0.001664,0.048593,0.001418,-0.072895,0.026743,0.051788,0.054054,0.024430,0.038701,0.046812
2.932540,-0.001912,0.024417,-0.017517,-0.066085,0.009802,-0.015063,0.027326,-0.046540,0.009026,0.027549,0.040613,-0.048106,-0.049263,0.079558,0.063270
2.039325,0.001272,0.055514,-0.044214,0.031104,0.063080,0.034568,0.046603,-0.043466,0.033270,0.076662,-0.110119,0.150322,0.188578,0.004289,-0.049476
2.790520,0.004319,0.030132,-0.002773,0.039360,-0.006543,0.001468,0.031776,0.005027,-0.038751,0.092748,0.034719,0.124136,0.118782,0.010048,0.093269
3.318882,0.001804,0.017069,-0.024091,-0.038666,0.007117,0.020958,-0.006227,-0.025294,0.001663,0.004389,0.055191,0.006312,0.017351,0.054613,0.026344
2.816493,-0.004072,0.026341,-0.007722,-0.055089,0.021318,-0.010997,0.063622,-0.069724,0.016111,0.019260,-0.039450,-0.033824,-0.035512,0.064403,0.054251
4.161095,0.005169,-0.000226,-0.006074,-0.004927,-0.013645,0.028088,-0.022081,0.032137,-0.146477,-0.068412,0.122678,0.052898,-0.055897,-0.025937,0.014587
1.877361,-0.000305,0.069706,0.039777,0.034501,0.030036,-0.007698,0.044820,0.000951,-0.005635,0.114017,-0.049503,0.065205,0.062216,-0.031291,0.096340
2.672760,-0.000191,0.049015,0.000385,-0.000944,0.025843,0.015490,0.015662,0.005016,-0.045926,0.044946,0.015353,0.044625,0.050669,-0.006809,0.029567
2.959382,-0.001341,0.047197,0.056525,0.022894,-0.008360,0.049628,0.004899,0.011825,-0.018058,0.080907,-0.021284,0.014873,0.130305,-0.049052,0.152303
2.155926,0.002110,0.026225,-0.002656,-0.046604,-0.025896,-0.050129,-0.017437,-0.037500,0.049269,0.077667,0.071122,-0.057419,-0.040494,0.038143,0.180801
2.630767,-0.005522,0.035847,-0.017086,-0.032474,0.042595,-0.027578,0.129663,-0.072332,-0.035165,0.054755,-0.079288,0.033284,-0.032679,0.070776,0.025468
2.587774,0.004117,0.042292,-0.037204,0.016439,0.043523,0.017693,0.022281,-0.012256,-0.002309,0.056490,0.002880,0.126700,0.094048,0.034074,-0.038412
2.829466,-0.005393,0.036050,0.023422,-0.059245,0.008046,0.004695,0.039079,-0.054347,0.049848,0.048541,-0.022561,-0.082432,0.001904,0.063601,0.112098
2.991270,-0.002019,0.026045,-0.013797,-0.030829,0.030702,0.010754,0.057133,-0.056553,0.000420,0.005560,-0.047439,0.020076,0.004131,0.045764,0.008480
2.209827,0.003252,0.041444,0.005652,0.012064,0.012824,0.017373,-0.019533,-0.025233,0.013071,0.054595,-0.051601,0.034054,0.037800,-0.072268,0.101823
2.799741,-0.000022,0.032324,0.017851,-0.005823,0.005847,0.033799,-0.012522,-0.022829,-0.021010,-0.000269,-0.045933,-0.004362,0.027029,-0.071199,0.087462
3.736509,-0.007373,0.027941,-0.064148,-0.104694,0.075062,0.095910,0.027848,-0.091724,0.022420,-0.038452,-0.096292,-0.067707,0.019341,0.069724,-0.101312
3.010473,0.000646,0.018704,-0.003221,-0.013382,0.002552,-0.012765,0.049722,-0.034209,-0.008026,0.023492,0.017441,0.042304,0.016921,0.058244,0.055778
4.779975,0.000187,-0.032886,-0.049685,-0.073156,-0.017334,0.062820,0.004208,-0.065821,-0.038371,-0.095546,0.037422,-0.023376,0.003055,0.067524,0.009270
2.102608,-0.000576,0.055484,-0.017962,-0.015355,0.036060,-0.026863,0.044209,-0.016536,-0.008819,0.084490,0.019494,0.045516,0.023151,0.049922,0.026838
2.684474,0.000349,0.036741,-0.017542,-0.013534,0.022785,0.071145,-0.030488,-0.047393,0.038162,0.037665,-0.089482,0.006667,0.117363,-0.058168,0.064820
4.168360,0.000876,-0.000174,0.003969,-0.015760,-0.019169,0.052898,0.011450,-0.014140,-0.045911,-0.013416,0.043317,0.023827,0.067689,0.030200,0.068414
2.562010,-0.004012,0.050183,-0.045559,-0.017232,0.063206,0.031068,0.076732,-0.054105,-0.007237,0.059733,-0.089188,0.075464,0.115936,0.046082,-0.047029
2.924223,0.000116,0.017523,-0.017302,-0.072822,0.012641,-0.026305,0.014734,-0.053982,0.034425,-0.005772,0.050167,-0.055753,-0.106229,0.090243,0.039563
1.542010,-0.000302,0.069458,0.022195,0.001107,0.017002,-0.035187,0.013697,-0.001394,0.017566,0.120026,0.010721,0.010540,0.034263,-0.006567,0.122670
3.524188,0.001821,0.010398,-0.050166,-0.003807,0.028401,0.029106,0.060926,-0.041164,-0.044494,0.001663,-0.011494,0.117544,0.073612,0.060611,-0.046410
1.621711,0.002184,0.071860,-0.023834,0.007906,0.044390,0.037598,-0.037407,-0.016274,0.060301,0.118141,-0.051858,0.050382,0.149677,-0.044076,0.049478
4.727889,-0.003706,-0.020111,0.035609,-0.086333,-0.052782,0.017417,0.015867,-0.028947,-0.042362,-0.067418,0.114441,-0.127707,-0.083329,0.090821,0.137076
0.811502,0.002901,0.068593,-0.019698,0.029124,0.054267,-0.095725,0.095017,-0.040989,0.058224,0.135104,-0.036001,0.140799,0.022965,0.074799,0.014842
4.279294,-0.004794,-0.007430,-0.037484,-0.108927,0.038742,0.052104,0.060704,-0.113719,0.066589,-0.071019,-0.051156,-0.073871,-0.059963,0.153966,-0.056854
3.875496,0.000113,0.012666,0.027611,-0.041904,-0.001797,0.077300,-0.049952,-0.022620,-0.009569,-0.059629,-0.009221,-0.074210,-0.028316,-0.049315,0.072259
3.278951,-0.000037,0.020726,0.002377,-0.020920,-0.001357,0.004036,0.032185,-0.017253,-0.031491,0.022250,0.042765,0.018456,0.015184,0.046488,0.064957
3.073408,0.000681,0.025156,-0.053795,-0.031223,0.028035,0.022441,0.031735,-0.041978,-0.001658,0.049381,0.012502,0.055542,0.071274,0.074114,-0.003752
2.359617,0.002377,0.039505,-0.009972,0.024249,0.015174,-0.020921,0.056326,-0.015602,-0.014543,0.088591,0.004949,0.111975,0.082167,0.035342,0.056104
3.462461,0.005378,-0.003693,0.042597,-0.001013,-0.060992,0.000997,-0.040781,0.000179,-0.011198,-0.011055,0.089461,-0.014106,-0.005044,-0.022332,0.186797
3.539263,0.006177,-0.013356,-0.067786,-0.014005,0.010599,0.037917,0.007819,-0.073850,0.037291,-0.037456,-0.021094,0.100564,0.077814,0.055834,-0.032954
1.221740,-0.000064,0.053998,0.042018,-0.035753,-0.007052,-0.089587,0.015800,-0.044407,0.106568,0.112849,0.018957,-0.076289,-0.081915,0.044688,0.202412
3.022169,-0.001141,0.031525,0.021784,-0.006553,-0.001699,0.009557,0.031759,-0.011489,-0.032402,0.038406,0.010180,0.015153,0.040554,0.008503,0.094778
3.562625,-0.007672,0.011404,-0.100866,-0.105372,0.059153,0.022337,0.113205,-0.115511,0.014910,0.002639,-0.046700,-0.000153,0.041599,0.189316,-0.100684
2.832560,0.003293,0.047080,-0.055963,-0.017189,0.053749,0.036531,-0.014784,0.003008,-0.043726,0.042369,0.044271,0.074510,0.036324,0.016707,-0.061338
3.933012,0.000155,0.004620,0.014803,-0.030981,-0.013077,0.058495,-0.013856,-0.026670,-0.008229,-0.037366,0.012931,-0.026421,0.034454,0.005521,0.071775
1.686100,-0.000802,0.058630,0.024204,0.005257,0.021443,-0.022114,0.041991,-0.040067,0.067432,0.112271,-0.063548,0.023806,0.060936,0.011689,0.117640
2.962783,-0.000010,0.025899,-0.011887,-0.009574,0.017485,0.016680,0.040027,-0.039336,-0.006705,0.026606,-0.028681,0.048437,0.054039,0.025347,0.035902
3.234236,-0.001146,0.022181,-0.009855,-0.050417,0.004622,-0.008937,0.026832,-0.021344,-0.038449,0.013016,0.068483,-0.022495,-0.045820,0.063890,0.052597
2.731040,0.001376,0.018297,0.029941,-0.040318,-0.021447,0.016076,-0.047866,-0.050101,0.068161,0.007055,-0.020338,-0.091003,-0.032728,-0.038168,0.171992
3.435592,-0.000962,0.018856,0.035780,-0.019695,0.020774,0.005418,0.059305,-0.037029,-0.026489,-0.037239,-0.032077,0.001555,-0.097007,0.024157,0.027866
2.980987,0.000226,0.030883,-0.032263,-0.000559,0.012528,0.018180,0.045625,-0.019609,-0.023127,0.076303,0.019549,0.088825,0.141376,0.059170,0.034827
3.298406,0.001242,0.005105,-0.031068,-0.037209,0.015093,0.003881,0.031006,-0.056289,-0.011624,-0.040609,-0.001891,0.025090,-0.034222,0.046637,-0.004066
3.980621,0.000655,-0.010197,-0.048861,-0.029889,0.000757,0.034582,0.047404,-0.056174,-0.049131,-0.029499,0.002541,0.060054,0.051034,0.058840,0.003423
4.968981,-0.001363,-0.007789,-0.020107,-0.023142,0.025087,0.090128,0.042301,-0.017514,-0.135840,-0.128540,-0.003776,0.060057,0.012435,0.011372,-0.100551
3.680893,0.000237,0.008623,-0.001957,-0.001130,0.004204,0.025174,0.059519,-0.030537,-0.033332,-0.008188,-0.001896,0.072791,0.066245,0.053472,0.018698
3.231425,-0.003026,0.047486,-0.004575,0.013514,0.029598,0.030289,0.076349,0.013776,-0.112958,0.072346,0.009006,0.096534,0.109571,0.021542,0.013056
2.722038,0.004004,0.018095,-0.024988,0.012883,-0.007942,-0.012461,0.029101,-0.024859,-0.018883,0.060035,0.026136,0.095790,0.079789,0.024761,0.081142
3.101439,-0.000029,0.032445,0.053461,0.029696,-0.007004,0.030684,0.009329,0.013067,-0.096157,-0.010186,-0.030781,0.032476,0.021868,-0.108443,0.108101
3.259431,0.004266,0.005708,0.039611,-0.073478,-0.040020,-0.010048,-0.096715,-0.009948,0.032994,-0.052269,0.129059,-0.151499,-0.179561,-0.006716,0.160296
3.286931,-0.002977,0.022367,0.042527,-0.060582,-0.009538,0.013516,-0.013605,-0.026205,-0.013639,-0.034356,0.019063,-0.117146,-0.098303,-0.013866,0.119015
3.601606,-0.000261,0.012697,0.007723,-0.008656,-0.017550,0.024591,0.039282,-0.019648,-0.025421,0.042865,0.031960,0.034030,0.089473,0.050892,0.101382
3.333596,0.000601,0.016811,-0.004643,-0.026661,0.000008,0.012779,0.019361,-0.025162,-0.018515,0.011682,0.034804,0.011163,0.011067,0.041711,0.058408
2.955324,-0.013638,0.043682,0.060132,-0.084963,0.046074,0.017353,0.104869,-0.099212,0.058162,-0.030676,-0.161417,-0.147215,-0.075679,0.055938,0.049264
3.588710,0.002283,0.010408,0.004216,0.010619,-0.021051,0.021654,0.026959,-0.003011,-0.056372,0.034110,0.049184,0.069437,0.084000,0.021185,0.094274
2.588228,-0.000392,0.027294,0.011528,-0.047923,0.000907,-0.020516,0.001485,-0.041763,0.011750,0.010229,0.009522,-0.062715,-0.088635,0.005167,0.108475
5.342178,-0.002638,-0.041249,-0.037596,-0.116519,0.001472,0.066417,0.021435,-0.086691,-0.007137,-0.170892,0.037402,-0.086944,-0.093242,0.133628,-0.065006
3.377754,-0.002528,0.017422,-0.027623,-0.035012,0.025244,0.040741,0.041534,-0.056649,-0.028733,-0.016917,-0.054759,0.017301,0.037991,0.018079,0.002316
3.141424,0.000119,0.029071,0.024692,-0.017727,0.004399,0.026004,-0.005349,-0.011443,-0.018195,-0.003636,0.008192,-0.015003,-0.004606,-0.016654,0.071474
3.724305,-0.006395,0.024085,0.056846,-0.034608,0.009046,0.057741,0.038869,-0.039153,-0.011158,-0.047337,-0.073297,-0.065781,0.009937,-0.007442,0.066535
3.712717,-0.003644,0.013918,0.019226,-0.049255,-0.009949,0.033642,0.026134,-0.036745,-0.009522,0.001184,0.010784,-0.056519,0.015714,0.044570,0.098426
3.454671,0.003988,0.015508,-0.013706,0.037356,0.001595,0.041952,0.023312,-0.000037,-0.085655,0.015883,0.000100,0.131734,0.109515,-0.032713,0.033059
3.604438,0.000592,0.008948,-0.026632,-0.081940,-0.006171,0.019838,-0.033292,-0.029537,-0.006324,-0.009235,0.097466,-0.079358,-0.062323,0.060268,0.064704
3.496877,0.002300,0.002663,-0.044803,-0.052840,0.009817,0.053787,-0.034318,-0.059399,0.025652,-0.040152,-0.006358,-0.015345,0.018985,0.014517,0.013189
1.648475,0.005122,0.054037,-0.020712,0.003100,0.017261,-0.021424,-0.029467,-0.009069,0.035268,0.104521,0.030587,0.048888,0.043298,-0.012358,0.086360
3.471995,0.003474,-0.011466,-0.081052,-0.041909,0.000495,0.010622,0.020896,-0.069279,-0.016641,-0.012170,0.024403,0.058780,0.029025,0.066874,0.007502
1.695983,-0.003698,0.072422,0.035350,0.070159,0.070972,-0.030745,0.185629,-0.048092,0.021988,0.127270,-0.174939,0.186245,0.129050,0.056797,-0.003635
2.231110,0.004377,0.054939,0.058580,0.034812,-0.018422,-0.036689,-0.007566,0.052222,-0.049900,0.113721,0.101956,0.039919,-0.008039,-0.033596,0.178042
2.291004,0.003649,0.028016,-0.032707,-0.029822,-0.007002,-0.047038,0.001765,-0.022734,0.023545,0.078037,0.097980,0.023275,0.010485,0.076050,0.091665
3.214642,-0.000064,0.021959,-0.002543,-0.008508,0.000894,0.013109,0.040500,-0.022690,-0.028903,0.037168,0.014330,0.043506,0.059395,0.036819,0.066528
2.909895,-0.000196,0.019651,-0.009401,-0.032272,0.005319,0.011758,0.010044,-0.048677,0.008144,-0.000456,-0.020233,-0.009309,0.009036,0.007338,0.065385
4.074625,0.002139,0.005142,0.006811,0.006233,-0.005659,0.085946,-0.014068,-0.012061,-0.053273,-0.036946,-0.017792,0.045611,0.088413,-0.046984,0.045577
3.697917,-0.004819,0.008378,0.010378,-0.046250,0.000382,0.024115,0.069172,-0.062623,0.002217,-0.011758,-0.032723,-0.026952,0.026651,0.074240,0.062860
2.233324,-0.003001,0.072611,-0.020803,0.007648,0.078759,0.042759,0.062428,-0.028536,-0.004100,0.094550,-0.105168,0.089808,0.120178,0.006421,-0.041668
4.296747,-0.007769,0.004290,0.011383,-0.083627,0.000312,0.066898,0.034464,-0.061475,-0.013117,-0.057813,-0.027268,-0.105864,0.009322,0.055555,0.052684
4.208150,-0.004427,-0.013164,-0.035135,-0.058373,-0.000789,0.041692,0.075306,-0.082773,-0.017716,-0.045974,-0.031270,0.002261,0.064637,0.097840,0.011869
3.217537,-0.008066,0.036823,0.017880,-0.055036,0.007150,0.015791,0.075465,-0.043078,-0.008808,0.072552,-0.014645,-0.059374,0.046490,0.078435,0.111352
3.181073,-0.001347,0.032065,-0.053737,-0.027326,0.038117,0.035999,0.041909,-0.030560,-0.054900,0.039484,-0.004164,0.061577,0.074858,0.042224,-0.024597
3.875212,0.005835,-0.008780,0.039429,-0.026496,-0.049548,0.031092,-0.086464,0.003493,-0.039525,-0.077530,0.088774,-0.067741,-0.099447,-0.072817,0.150030
3.062979,0.002593,0.029611,-0.000250,0.036274,0.009253,0.019844,0.045689,-0.000701,-0.056205,0.054091,-0.000483,0.124095,0.106212,0.001173,0.044740
2.827028,-0.000920,0.034548,-0.033511,-0.009255,0.041840,0.048477,0.037252,-0.055851,0.018105,0.034239,-0.088223,0.065347,0.116989,0.014628,-0.010176
3.684700,0.000277,0.013508,0.040411,-0.004479,-0.026329,0.029619,-0.000229,0.006276,-0.075877,-0.015108,0.039101,-0.007397,0.004327,-0.037250,0.122168
1.472885,-0.003161,0.116768,0.082657,0.076519,0.045715,0.045975,0.006614,0.068492,-0.059130,0.164167,-0.076360,0.070370,0.179207,-0.147951,0.117815
3.105103,-0.001000,0.025324,0.009017,-0.013270,-0.002757,0.020632,0.030793,-0.029830,-0.004050,0.046881,-0.007530,0.013776,0.068113,0.023456,0.098663
3.907877,-0.000879,0.007334,-0.019147,-0.049015,0.012587,0.068073,-0.011376,-0.040028,-0.039966,-0.057278,-0.014471,-0.027151,-0.001820,-0.010449,0.011862
3.410412,0.000616,0.007999,0.020188,-0.057560,-0.023165,0.020427,-0.047686,-0.027611,0.010782,-0.048328,0.050904,-0.095183,-0.059450,-0.006234,0.111366
3.456939,0.000383,0.005598,-0.019435,-0.048855,0.008152,0.019540,0.006463,-0.049929,-0.012123,-0.051230,0.005519,-0.017650,-0.042803,0.026491,0.018699
3.314615,0.003114,0.006285,-0.069507,-0.054330,0.007917,0.012192,-0.004458,-0.044887,0.010936,0.014481,0.074580,0.025260,0.030426,0.094000,0.003277
4.198643,-0.002598,-0.002300,-0.053648,-0.098796,0.018336,0.077096,-0.010661,-0.074044,0.021735,-0.052318,0.003900,-0.073731,0.010155,0.080328,-0.016118
3.389312,0.000482,0.008737,-0.023481,-0.049755,-0.001499,0.015292,0.007091,-0.044782,0.003644,-0.000372,0.034800,-0.016514,-0.000817,0.056258,0.055109
3.758703,0.000015,0.026695,-0.023004,-0.055906,0.017733,0.044968,-0.014328,0.001694,-0.030711,0.014663,0.101818,-0.018932,0.012420,0.075405,0.000565
