3.337128,-0.240299,-0.059236,0.068101,0.256619,-0.113292,-0.051114,0.138978,0.029719,-0.147477,0.188665,0.019556,0.031728,-0.127437,0.066501,0.057865
1.618245,0.059378,0.047002,-0.008915,0.128145,0.171867,0.156589,0.036924,-0.011091,-0.027417,-0.001148,0.146513,-0.011171,0.076074,0.049165,0.012882
3.020061,-0.082337,0.000344,0.000348,0.114692,0.030964,0.017116,-0.031613,-0.049130,-0.033607,0.067373,0.092890,-0.034349,-0.016494,0.035762,0.019250
3.023881,-0.042556,0.003190,0.020886,0.157304,-0.001670,-0.023586,0.016482,-0.053078,0.021590,0.058306,0.108264,-0.037591,-0.025264,0.011571,0.016977
3.756069,-0.050646,0.028403,-0.107075,-0.022839,0.005764,0.045428,-0.112688,-0.007435,0.067349,0.081726,-0.079674,-0.089224,0.001681,0.094354,-0.078419
2.860683,-0.116285,0.003097,-0.033250,0.148848,-0.116911,-0.023720,0.090153,0.064209,0.018306,0.166170,-0.078798,0.018620,-0.037525,0.116778,-0.004129
3.140773,-0.000533,0.018849,0.001637,0.137924,0.019714,0.005534,-0.019212,-0.073985,0.050517,0.035369,0.064831,-0.056552,-0.013849,0.010488,0.001738
3.870157,0.029710,0.019830,-0.111476,0.002692,-0.035736,0.053573,-0.088834,0.058493,0.167678,0.054221,-0.171681,-0.099829,-0.005579,0.093648,-0.103797
3.779399,-0.025793,0.007504,-0.074201,-0.001442,0.001557,0.008201,-0.115655,-0.002477,0.102569,0.046643,-0.004559,-0.099176,-0.004075,0.052812,-0.065691
3.728600,-0.024050,-0.005842,-0.022176,0.051082,-0.025279,-0.079288,0.007840,0.018192,0.126535,0.053052,0.148648,-0.103980,-0.023238,0.009170,-0.075359
2.903319,-0.036867,0.034012,-0.114072,0.007294,0.001793,0.096372,-0.110559,0.029496,0.053216,0.086240,-0.145683,-0.029381,0.034075,0.133282,-0.033857
5.037270,-0.001126,0.031401,-0.091835,-0.017942,-0.015230,-0.013894,-0.217226,-0.142075,0.148951,0.028322,-0.114028,-0.168884,-0.046458,0.014742,-0.092160
4.679196,0.051358,0.024835,-0.062575,0.100302,-0.072330,0.016320,-0.134924,-0.095823,0.177419,0.030175,-0.248637,-0.124164,-0.068988,0.027164,-0.062015
2.325695,-0.085460,-0.021232,0.050137,0.175661,0.040837,0.013510,-0.087490,-0.083394,-0.067236,0.030989,0.152237,0.015747,-0.001896,0.005576,0.116095
2.143152,-0.110018,-0.007853,-0.002433,0.045959,0.148828,0.075232,-0.062151,-0.008562,-0.120760,0.041108,0.268586,-0.014839,0.047751,0.045825,0.038066
2.929467,0.007849,0.032679,0.004475,0.154610,0.020720,0.007398,-0.072930,-0.138573,0.046911,0.024231,0.042659,-0.039240,-0.001516,0.002994,0.042996
3.094767,-0.022281,0.013877,-0.034636,0.098451,-0.020865,0.005466,-0.001393,0.007085,0.072466,0.070949,0.005875,-0.044975,-0.007207,0.057859,-0.026304
1.561650,0.098290,0.105787,-0.085743,0.117776,0.031765,0.116612,-0.161716,-0.151173,0.105169,0.018839,-0.161567,0.032689,0.105087,0.092122,0.080793
4.710994,-0.070626,-0.011132,-0.028473,0.089024,-0.082883,-0.058324,-0.063071,-0.054995,0.088473,0.083545,-0.070573,-0.113438,-0.093142,0.021470,-0.059744
3.983800,0.024825,0.034733,-0.001826,0.154811,-0.020033,-0.029356,-0.005946,-0.131230,0.102306,0.041343,-0.007148,-0.101152,-0.054695,-0.011554,-0.036674
3.475587,-0.004573,0.015656,-0.013862,0.108531,0.020058,0.011962,-0.055400,-0.074365,0.058625,0.032366,0.033104,-0.076130,-0.020896,0.013481,-0.015237
5.767433,-0.087475,-0.011181,-0.097953,0.026309,-0.157376,-0.040832,-0.145949,-0.033498,0.141310,0.117294,-0.315653,-0.147883,-0.129733,0.071593,-0.113578
1.897021,-0.108627,-0.021076,0.032835,0.128740,0.054339,-0.000391,0.050193,0.039411,-0.073223,0.072783,0.272937,0.020367,0.024377,0.041522,0.053764
3.210665,0.041297,0.054791,-0.056361,0.049464,0.046964,0.015262,-0.010963,-0.055064,0.110493,0.036653,0.072677,-0.093072,0.024666,0.033337,-0.071107
2.746518,-0.031568,0.018993,-0.024963,0.083015,0.042305,0.023652,-0.000557,-0.009862,0.023547,0.057875,0.109703,-0.041782,0.017169,0.048006,-0.015792
3.422441,-0.098010,-0.018711,0.051602,0.175092,0.000848,-0.051032,0.095751,-0.032349,-0.034705,0.085376,0.186812,-0.054524,-0.066164,-0.003205,-0.006089
3.277242,-0.118059,-0.028396,-0.059526,0.024943,-0.053115,-0.012288,-0.001417,0.127708,0.038862,0.118710,0.023113,-0.039537,-0.017626,0.103096,-0.054366
3.458955,-0.006478,0.022989,-0.049815,0.065912,-0.043376,-0.038245,-0.053086,-0.033819,0.130387,0.060399,0.003777,-0.072128,-0.006383,0.040321,-0.039523
3.543793,0.016923,0.026734,-0.121722,0.017540,-0.052112,0.076447,-0.099398,0.059390,0.148243,0.072667,-0.239398,-0.065449,0.003392,0.122455,-0.076688
4.772499,0.011860,0.003267,-0.035739,0.126144,-0.129873,-0.063929,-0.020227,-0.033889,0.188271,0.070558,-0.164241,-0.120459,-0.096987,0.020567,-0.083495
2.493115,-0.052770,0.030889,-0.125291,-0.116517,0.187687,0.170887,-0.164581,0.044947,-0.043377,0.032323,0.101260,-0.064913,0.099769,0.118816,-0.059838
1.520913,-0.044668,0.035419,-0.046320,0.066146,0.091824,0.095562,-0.031466,0.010778,-0.039719,0.063251,0.114823,0.027468,0.084525,0.098397,0.039153
3.266260,-0.003611,0.029430,-0.070605,0.036649,0.020148,0.043833,-0.069029,-0.012414,0.081172,0.052376,-0.021980,-0.070833,0.013500,0.067000,-0.049770
2.694691,-0.167200,-0.032067,0.002188,0.068051,0.057116,0.027231,-0.152446,-0.049114,-0.116482,0.064372,0.149214,-0.002004,0.002231,0.045884,0.082455
2.582605,-0.011195,0.019577,-0.009497,0.144562,-0.004995,0.008161,0.118375,0.044330,0.051035,0.083544,0.080132,-0.023442,0.000695,0.058970,-0.030253
4.098910,0.087892,0.063864,-0.149624,-0.090240,0.024011,0.035232,-0.207637,-0.056671,0.233169,0.002833,-0.102721,-0.155491,0.041752,0.057582,-0.127315
2.241500,-0.058788,0.010282,0.018916,0.167734,0.019528,0.010572,0.062520,-0.014304,-0.026185,0.078555,0.132717,0.008765,0.005599,0.045029,0.038838
2.603072,-0.157561,-0.032041,-0.020561,0.056469,0.061629,0.070945,-0.018194,0.079458,-0.115743,0.098523,0.122009,-0.004886,0.001678,0.093712,0.010643
3.001041,-0.018990,0.017561,-0.046619,0.051753,0.034595,0.035161,-0.101597,-0.035231,0.053157,0.036569,0.036687,-0.053445,0.020474,0.048522,-0.007101
4.268916,-0.133660,-0.051827,0.050540,0.289294,-0.218518,-0.084791,0.002158,-0.049881,0.026149,0.136771,-0.224962,-0.005527,-0.162272,0.033054,0.065792
2.927341,-0.070958,0.017296,-0.059473,0.153659,-0.076367,0.091498,-0.032297,0.012409,0.000614,0.127147,-0.267838,0.021746,-0.030543,0.135650,0.024762
2.388848,-0.115639,-0.004463,-0.073447,0.036318,0.001711,0.079527,-0.068212,0.085115,-0.032313,0.109901,-0.038188,0.017096,0.029177,0.137625,0.012332
3.563280,0.028134,0.036399,-0.110061,-0.016587,0.031720,0.077254,-0.069813,0.036393,0.122238,0.047504,-0.077888,-0.102700,0.020323,0.089031,-0.108400
4.238305,0.055512,0.036051,-0.077151,0.017946,-0.014289,-0.016422,-0.097466,-0.058190,0.192821,0.021831,-0.043093,-0.141593,-0.014812,0.020197,-0.101927
2.000967,-0.106569,-0.008774,0.009442,0.074828,0.098490,0.027834,-0.095018,-0.042749,-0.085024,0.039191,0.253905,0.006738,0.047982,0.032879,0.079147
3.282527,-0.062590,-0.033092,0.018481,0.069732,0.076262,-0.003718,-0.005602,0.025002,-0.004990,0.025157,0.250497,-0.083494,-0.016311,-0.002944,-0.029825
3.798640,-0.148593,-0.010348,-0.037205,0.032187,0.016088,-0.006113,0.048472,0.041209,-0.046220,0.128177,0.113655,-0.081791,-0.045784,0.070690,-0.083227
2.749060,-0.011637,0.030954,-0.048408,0.080877,0.017520,0.042671,-0.063771,-0.034525,0.052773,0.054115,-0.003466,-0.031436,0.023989,0.064858,0.000714
2.294688,0.010992,0.034641,-0.062853,0.087851,0.041403,0.116330,-0.072251,0.002966,0.035484,0.045941,-0.076987,-0.004120,0.045713,0.097328,0.014335
3.841389,0.048119,0.076455,-0.094845,0.016699,0.025533,0.031035,-0.231075,-0.204219,0.136097,0.011478,-0.110989,-0.109739,0.019119,0.027941,-0.027737
3.056483,-0.056313,0.005674,-0.013750,0.064474,0.071298,0.017346,0.024797,0.003508,-0.007347,0.058271,0.184706,-0.068479,0.001854,0.033261,-0.042542
3.230723,0.006055,0.036430,-0.050776,0.076177,0.028507,0.047579,-0.059576,-0.055796,0.064836,0.045438,-0.021070,-0.066178,0.005577,0.050594,-0.030321
1.812193,0.009558,0.027576,0.023228,0.158765,0.046968,-0.011739,0.097789,-0.008497,0.038141,0.043804,0.240342,-0.000694,0.045065,0.020006,0.024104
4.070254,-0.044457,0.017639,-0.036771,0.062649,-0.016362,-0.033522,-0.121084,-0.118282,0.073396,0.052429,0.002606,-0.099592,-0.037449,0.013311,-0.027039
2.370269,0.050825,0.033848,-0.034768,0.117780,0.090980,0.141832,-0.071169,-0.030884,0.025718,0.004038,-0.037290,-0.023704,0.040069,0.060107,0.019003
2.094874,-0.091310,0.002470,0.033855,0.157123,0.057323,0.011804,0.029067,-0.042231,-0.078899,0.069660,0.211704,0.014166,0.013713,0.031174,0.065407
1.893997,-0.088441,0.011505,-0.003197,0.067949,0.128913,0.050133,0.094055,0.049242,-0.091038,0.076869,0.311096,-0.011166,0.052055,0.061443,-0.010912
1.421146,-0.114775,-0.014965,0.001927,0.118461,0.022693,0.027566,-0.014291,0.053566,-0.065688,0.085504,0.163012,0.066028,0.051245,0.086029,0.092338
1.386788,-0.053633,-0.012288,0.128949,0.378048,-0.031900,-0.016322,0.147575,-0.059752,-0.075915,0.071843,0.145964,0.097718,-0.027690,0.001123,0.169111
3.842367,0.048715,0.035342,-0.010438,0.178378,-0.028719,0.016854,0.016230,-0.090644,0.108161,0.043913,-0.099744,-0.085844,-0.056049,0.013813,-0.039392
3.606249,-0.087944,-0.012626,-0.043243,0.091036,-0.080403,-0.012372,-0.012846,0.044322,0.053442,0.111898,-0.075776,-0.043429,-0.047760,0.082251,-0.033331
1.703607,-0.145604,-0.010459,-0.044045,0.006224,0.124550,0.108898,-0.092729,0.058344,-0.135172,0.074563,0.184049,0.026828,0.073819,0.109809,0.049131
0.375415,-0.177095,-0.042417,0.037359,0.118469,0.067918,0.019326,0.022450,0.112689,-0.153054,0.091249,0.360402,0.121144,0.089128,0.088852,0.144781
3.550512,-0.049896,-0.009704,0.000849,0.113721,-0.022186,-0.038984,0.010450,-0.010307,0.055039,0.064672,0.086890,-0.069858,-0.041422,0.017597,-0.028376
4.820012,0.030595,0.034012,-0.088307,0.019586,-0.008792,0.034063,-0.189446,-0.118678,0.146184,0.021130,-0.179446,-0.153358,-0.046267,0.027654,-0.086380
4.920728,-0.048233,0.001292,-0.034237,0.054952,-0.011728,-0.027537,-0.036322,-0.060775,0.072761,0.064803,-0.002509,-0.154665,-0.085983,0.007911,-0.107188
3.727933,-0.033971,0.000576,-0.028872,0.113590,-0.064697,-0.026702,0.106326,0.067801,0.093660,0.104666,-0.010044,-0.075221,-0.054547,0.059948,-0.089064
4.692442,-0.087393,-0.026086,-0.103076,-0.044645,-0.058398,0.000869,-0.095505,0.094523,0.104086,0.095446,-0.106558,-0.128362,-0.056658,0.090967,-0.129722
3.055151,-0.089197,-0.010168,-0.007054,0.110396,0.004245,0.018913,-0.118645,-0.064363,-0.021139,0.057420,0.022891,-0.021171,-0.016942,0.040328,0.053489
3.648533,0.095935,0.066723,-0.041668,0.092496,0.028108,0.001316,-0.063239,-0.145980,0.162257,0.001192,0.004049,-0.115953,0.003177,-0.007568,-0.054635
3.289006,-0.039073,0.007465,0.033952,0.222307,-0.072774,-0.058085,0.112471,-0.042545,0.048989,0.095976,0.035280,-0.032392,-0.064927,0.016564,0.000833
3.163692,0.120394,0.057831,-0.023064,0.183080,-0.103063,-0.062158,-0.039982,-0.119065,0.248581,0.019412,-0.103579,-0.052083,-0.004384,0.002635,0.005569
2.072043,-0.135230,-0.045485,0.023894,0.113714,0.054431,0.043608,-0.066793,0.037103,-0.103762,0.057390,0.177056,0.029682,0.015048,0.054072,0.089844
3.519242,0.026904,0.025399,0.001541,0.163992,-0.048873,-0.051283,0.060616,-0.053501,0.127218,0.056723,0.029243,-0.074577,-0.040209,0.005130,-0.039321
2.549482,-0.048344,0.029310,-0.009650,0.087808,0.121796,0.073439,-0.064619,-0.097526,-0.064587,0.033992,0.152586,-0.035670,0.030207,0.030792,0.028073
1.498294,-0.154077,-0.029785,0.041126,0.205038,-0.044391,-0.016936,0.119121,0.087457,-0.090069,0.137732,0.154493,0.090137,0.002429,0.088763,0.094758
3.268374,-0.093773,-0.012520,-0.029165,0.075898,-0.010182,0.011668,-0.057884,0.006911,0.002705,0.081629,0.021971,-0.039703,-0.021799,0.062629,-0.003654
4.644096,-0.063841,0.002093,-0.058108,0.064050,-0.080420,-0.027662,-0.079348,-0.044177,0.093865,0.092188,-0.133312,-0.109592,-0.079273,0.049676,-0.071412
2.366036,0.011929,0.019201,0.052321,0.222424,0.026899,-0.009497,0.112520,-0.049169,0.024162,0.042013,0.172201,-0.015258,-0.005822,-0.003506,0.029827
0.795383,-0.013483,-0.012589,-0.126529,-0.007358,-0.110347,0.025904,0.031765,0.351672,0.187615,0.114331,-0.032192,0.087854,0.127025,0.209919,-0.015802
4.192096,-0.122650,-0.023156,-0.053523,0.040405,-0.081333,-0.038482,-0.122278,-0.009667,0.050431,0.101224,-0.072877,-0.073441,-0.060662,0.063702,-0.029147
3.005647,-0.079083,-0.015262,-0.010570,0.053981,0.071308,0.035462,-0.212758,-0.092779,-0.029649,0.009155,0.109363,-0.042426,0.012148,0.015437,0.063235
5.319175,0.042868,0.047779,-0.184332,-0.053187,-0.131027,0.028332,-0.202203,-0.017455,0.269595,0.079861,-0.437633,-0.160242,-0.050198,0.114617,-0.161207
4.108228,-0.098863,-0.037777,-0.015891,0.064257,-0.030839,-0.036262,0.018633,0.063369,0.036698,0.087854,0.075038,-0.096338,-0.068110,0.037513,-0.075648
2.807564,-0.057660,-0.007091,-0.013923,0.121790,-0.015002,0.021201,-0.026943,0.013880,0.018774,0.070175,0.015121,-0.013689,-0.009230,0.060524,0.020439
2.695999,0.070659,0.030539,-0.031437,0.078552,0.088953,0.078609,-0.145033,-0.079827,0.086922,-0.032975,0.044604,-0.059720,0.046872,0.013890,0.017066
3.983841,-0.101994,-0.012447,-0.057107,0.071015,-0.091889,-0.015822,-0.027865,0.038948,0.056048,0.123056,-0.112516,-0.060557,-0.062035,0.088157,-0.052830
3.919037,-0.003460,0.000832,0.000447,0.099158,-0.027003,-0.079459,-0.032917,-0.065399,0.125225,0.030799,0.109834,-0.107168,-0.040914,-0.021650,-0.041381
